0 0.524 0.842 0.052 0.289
0 0.579 0.852 0.080 0.296
0 0.673 0.810 0.045 0.216
0 0.725 0.684 0.019 0.047
1 0.525 0.719 0.027 0.036
1 0.573 0.723 0.036 0.043
1 0.668 0.718 0.022 0.026
2 0.523 0.795 0.034 0.109
2 0.578 0.850 0.068 0.173
2 0.677 0.787 0.039 0.094
12 0.444 0.208 0.123 0.241
8 0.274 0.922 0.134 0.156
11 0.739 0.887 0.157 0.121
5 0.981 0.739 0.035 0.038
3 0.957 0.746 0.042 0.036
13 0.775 0.706 0.127 0.109
14 0.771 0.436 0.033 0.060
14 0.818 0.374 0.031 0.057
14 0.908 0.518 0.029 0.045
