0 0.121 0.735 0.051 0.237
0 0.212 0.693 0.039 0.153
0 0.212 0.809 0.064 0.135
0 0.497 0.828 0.126 0.344
0 0.682 0.792 0.089 0.416
1 0.130 0.637 0.035 0.034
1 0.214 0.650 0.021 0.041
1 0.208 0.759 0.033 0.034
1 0.525 0.708 0.040 0.101
1 0.684 0.617 0.061 0.053
2 0.207 0.694 0.040 0.084
2 0.199 0.803 0.045 0.067
2 0.478 0.798 0.084 0.179
2 0.682 0.739 0.071 0.165
12 0.468 0.104 0.188 0.200
5 0.551 0.881 0.181 0.130
8 0.040 0.827 0.080 0.157
11 0.576 0.908 0.224 0.183
13 0.948 0.603 0.105 0.132
14 0.948 0.584 0.031 0.069
