0 0.015 0.524 0.028 0.141
0 0.408 0.439 0.013 0.027
0 0.481 0.675 0.110 0.505
0 0.410 0.543 0.056 0.144
12 0.415 0.193 0.094 0.264
14 0.656 0.270 0.045 0.032
14 0.118 0.329 0.236 0.047
14 0.374 0.300 0.236 0.047
14 0.934 0.063 0.029 0.023
3 0.471 0.749 0.341 0.272
6 0.373 0.475 0.056 0.060
6 0.475 0.468 0.020 0.053
2 0.477 0.588 0.082 0.206
2 0.412 0.556 0.043 0.113
2 0.009 0.503 0.018 0.056
1 0.447 0.447 0.037 0.049
1 0.007 0.464 0.011 0.017
1 0.407 0.435 0.006 0.008
14 0.187 0.398 0.036 0.020
