0 0.025 0.381 0.030 0.148
0 0.375 0.371 0.015 0.033
0 0.385 0.471 0.071 0.177
0 0.583 0.669 0.130 0.603
12 0.490 0.155 0.068 0.263
14 0.106 0.195 0.206 0.046
14 0.346 0.224 0.243 0.061
14 0.631 0.257 0.040 0.035
14 0.915 0.117 0.032 0.020
3 0.478 0.687 0.317 0.289
6 0.334 0.395 0.055 0.063
6 0.427 0.417 0.041 0.069
2 0.596 0.562 0.093 0.221
2 0.386 0.497 0.054 0.130
2 0.027 0.356 0.019 0.056
2 0.372 0.380 0.010 0.019
1 0.596 0.396 0.048 0.056
1 0.389 0.409 0.030 0.048
1 0.028 0.317 0.011 0.019
1 0.379 0.364 0.007 0.013
