12 0.389 0.527 0.059 0.233
6 0.026 0.869 0.051 0.154
6 0.133 0.862 0.149 0.139
6 0.263 0.834 0.105 0.118
3 0.417 0.943 0.259 0.115
0 0.909 0.831 0.088 0.338
0 0.250 0.908 0.094 0.183
0 0.376 0.707 0.026 0.142
0 0.252 0.730 0.035 0.075
2 0.375 0.691 0.021 0.054
2 0.245 0.727 0.013 0.038
2 0.244 0.898 0.061 0.120
2 0.912 0.838 0.072 0.184
1 0.898 0.706 0.047 0.057
1 0.266 0.832 0.030 0.039
1 0.372 0.650 0.013 0.018
14 0.119 0.087 0.081 0.113
14 0.236 0.508 0.116 0.056
14 0.789 0.412 0.167 0.077
14 0.546 0.453 0.241 0.086
14 0.710 0.748 0.028 0.072
10 0.210 0.754 0.030 0.056
