12 0.411 0.407 0.047 0.268
8 0.049 0.950 0.098 0.047
3 0.450 0.872 0.257 0.194
6 0.053 0.737 0.106 0.153
6 0.179 0.730 0.139 0.140
6 0.337 0.705 0.057 0.118
0 0.288 0.825 0.080 0.351
0 0.443 0.587 0.030 0.145
0 0.301 0.602 0.030 0.077
0 0.967 0.778 0.065 0.444
1 0.280 0.675 0.034 0.044
1 0.443 0.525 0.014 0.017
1 0.966 0.600 0.049 0.068
2 0.976 0.741 0.047 0.202
2 0.288 0.773 0.081 0.148
2 0.295 0.598 0.013 0.032
2 0.445 0.564 0.017 0.053
14 0.761 0.645 0.031 0.069
14 0.849 0.288 0.173 0.088
14 0.586 0.330 0.273 0.092
14 0.283 0.383 0.114 0.061
10 0.261 0.627 0.026 0.050
