12 0.535 0.364 0.224 0.124
14 0.904 0.166 0.111 0.041
14 0.947 0.367 0.106 0.035
14 0.841 0.450 0.051 0.023
14 0.962 0.452 0.077 0.023
14 0.979 0.561 0.043 0.023
14 0.225 0.642 0.448 0.031
8 0.917 0.808 0.167 0.098
6 0.262 0.731 0.056 0.037
6 0.045 0.742 0.074 0.038
9 0.610 0.876 0.268 0.141
0 0.088 0.846 0.111 0.249
0 0.175 0.818 0.105 0.215
0 0.222 0.776 0.066 0.118
0 0.291 0.839 0.138 0.273
1 0.314 0.721 0.079 0.031
1 0.233 0.732 0.045 0.022
1 0.102 0.735 0.072 0.021
1 0.144 0.726 0.049 0.023
2 0.077 0.814 0.091 0.095
2 0.228 0.790 0.061 0.071
2 0.276 0.795 0.099 0.086
