12 0.329 0.219 0.068 0.104
6 0.090 0.938 0.176 0.124
14 0.051 0.673 0.045 0.051
14 0.114 0.709 0.073 0.080
14 0.186 0.761 0.075 0.081
11 0.713 0.981 0.124 0.038
11 0.885 0.976 0.127 0.047
0 0.470 0.920 0.042 0.160
0 0.377 0.927 0.051 0.146
0 0.237 0.905 0.016 0.060
0 0.255 0.901 0.014 0.065
1 0.470 0.857 0.018 0.032
1 0.373 0.873 0.018 0.033
1 0.389 0.875 0.016 0.026
1 0.254 0.875 0.006 0.011
1 0.236 0.880 0.007 0.009
2 0.237 0.900 0.010 0.025
2 0.254 0.895 0.013 0.026
2 0.471 0.916 0.031 0.077
2 0.377 0.941 0.035 0.088
