8 0.058 0.877 0.114 0.050
3 0.458 0.798 0.261 0.213
12 0.445 0.364 0.059 0.289
6 0.115 0.668 0.228 0.158
6 0.330 0.644 0.080 0.125
6 0.257 0.615 0.052 0.060
0 0.265 0.756 0.080 0.272
0 0.733 0.683 0.070 0.362
0 0.310 0.537 0.035 0.069
0 0.380 0.525 0.019 0.118
2 0.304 0.533 0.017 0.035
2 0.378 0.508 0.015 0.045
2 0.257 0.709 0.055 0.130
2 0.738 0.626 0.052 0.129
14 0.766 0.565 0.023 0.062
14 0.292 0.316 0.109 0.056
14 0.602 0.265 0.254 0.095
14 0.855 0.216 0.179 0.081
1 0.728 0.529 0.036 0.044
1 0.277 0.641 0.028 0.048
1 0.385 0.475 0.011 0.016
10 0.272 0.562 0.030 0.052
