3 0.446 0.681 0.273 0.210
8 0.042 0.734 0.084 0.041
6 0.163 0.534 0.261 0.159
6 0.371 0.513 0.081 0.113
0 0.633 0.575 0.069 0.359
0 0.309 0.561 0.062 0.300
0 0.449 0.401 0.023 0.121
0 0.360 0.409 0.035 0.077
12 0.424 0.188 0.043 0.319
1 0.623 0.418 0.032 0.047
1 0.328 0.434 0.033 0.044
1 0.453 0.350 0.014 0.018
2 0.447 0.385 0.018 0.041
2 0.353 0.405 0.018 0.036
2 0.639 0.519 0.047 0.133
2 0.313 0.522 0.034 0.115
14 0.336 0.177 0.106 0.057
14 0.828 0.462 0.033 0.072
14 0.637 0.131 0.324 0.104
14 0.911 0.079 0.144 0.084
