12 0.548 0.516 0.247 0.145
14 0.850 0.059 0.060 0.029
14 0.871 0.129 0.083 0.022
14 0.887 0.218 0.068 0.022
14 0.901 0.293 0.075 0.019
14 0.923 0.405 0.069 0.022
14 0.945 0.497 0.056 0.017
14 0.964 0.603 0.062 0.021
14 0.979 0.714 0.043 0.019
14 0.930 0.726 0.055 0.053
14 0.489 0.822 0.975 0.020
14 0.232 0.872 0.171 0.018
11 0.095 0.981 0.139 0.037
0 0.663 0.954 0.088 0.089
0 0.495 0.957 0.132 0.086
0 0.329 0.953 0.123 0.093
1 0.667 0.921 0.045 0.023
1 0.475 0.926 0.061 0.031
2 0.662 0.965 0.079 0.058
2 0.494 0.978 0.080 0.045
2 0.326 0.970 0.102 0.060
