0 0.183 0.881 0.052 0.239
0 0.220 0.894 0.080 0.212
0 0.433 0.881 0.056 0.238
0 0.516 0.866 0.079 0.269
0 0.562 0.880 0.041 0.241
0 0.609 0.902 0.053 0.195
1 0.186 0.801 0.024 0.049
1 0.217 0.814 0.040 0.053
1 0.425 0.786 0.036 0.044
1 0.513 0.756 0.039 0.051
1 0.559 0.780 0.030 0.053
1 0.590 0.810 0.020 0.034
2 0.183 0.905 0.042 0.144
2 0.211 0.931 0.063 0.139
2 0.432 0.909 0.057 0.165
2 0.516 0.875 0.070 0.155
2 0.570 0.886 0.040 0.156
2 0.610 0.868 0.048 0.088
12 0.566 0.212 0.065 0.158
13 0.801 0.765 0.178 0.175
