0 0.209 0.749 0.076 0.337
0 0.315 0.742 0.053 0.299
0 0.369 0.770 0.054 0.373
0 0.408 0.761 0.043 0.311
0 0.497 0.771 0.074 0.340
1 0.207 0.606 0.032 0.039
1 0.312 0.606 0.029 0.033
1 0.366 0.604 0.028 0.042
1 0.407 0.621 0.026 0.034
1 0.491 0.621 0.030 0.048
2 0.202 0.706 0.056 0.134
2 0.313 0.707 0.048 0.129
2 0.364 0.707 0.043 0.128
2 0.407 0.726 0.040 0.135
2 0.492 0.717 0.050 0.127
12 0.622 0.201 0.124 0.269
7 0.949 0.852 0.102 0.115
7 0.841 0.918 0.130 0.164
7 0.454 0.776 0.041 0.140
13 0.802 0.689 0.396 0.158
13 0.215 0.632 0.403 0.168
