0 0.249 0.755 0.067 0.199
0 0.478 0.825 0.076 0.266
0 0.558 0.795 0.047 0.265
1 0.244 0.670 0.029 0.031
1 0.479 0.711 0.028 0.035
1 0.556 0.683 0.019 0.026
2 0.496 0.788 0.045 0.106
2 0.557 0.758 0.034 0.107
3 0.435 0.856 0.108 0.211
3 0.058 0.828 0.109 0.175
3 0.587 0.841 0.144 0.135
7 0.654 0.760 0.108 0.078
7 0.365 0.746 0.046 0.044
12 0.461 0.476 0.106 0.147
6 0.792 0.760 0.071 0.121
6 0.867 0.763 0.080 0.119
6 0.943 0.762 0.073 0.129
6 0.988 0.755 0.025 0.119
7 0.735 0.766 0.049 0.054
14 0.882 0.273 0.061 0.098
