1 0.022 0.708 0.039 0.056
1 0.192 0.686 0.045 0.051
1 0.279 0.656 0.037 0.063
1 0.304 0.680 0.023 0.040
1 0.395 0.700 0.026 0.035
0 0.030 0.833 0.054 0.333
0 0.205 0.836 0.064 0.328
0 0.279 0.815 0.082 0.370
0 0.317 0.827 0.044 0.346
0 0.406 0.791 0.057 0.256
2 0.026 0.845 0.048 0.169
2 0.198 0.819 0.064 0.169
2 0.275 0.780 0.066 0.145
2 0.318 0.785 0.018 0.147
2 0.413 0.761 0.041 0.085
11 0.512 0.938 0.224 0.124
12 0.377 0.090 0.073 0.168
11 0.634 0.886 0.120 0.130
14 0.696 0.317 0.050 0.099
13 0.615 0.667 0.203 0.185
