2 0.481 0.741 0.041 0.109
2 0.815 0.734 0.067 0.160
2 0.617 0.682 0.026 0.064
2 0.441 0.626 0.019 0.039
2 0.484 0.613 0.013 0.044
1 0.441 0.591 0.011 0.012
1 0.481 0.581 0.011 0.017
1 0.366 0.679 0.017 0.022
1 0.476 0.653 0.024 0.041
1 0.611 0.632 0.016 0.022
1 0.798 0.610 0.034 0.051
0 0.819 0.793 0.084 0.415
0 0.621 0.704 0.039 0.159
0 0.470 0.789 0.078 0.298
0 0.442 0.613 0.025 0.075
0 0.482 0.605 0.019 0.072
11 0.671 0.795 0.153 0.102
3 0.937 0.637 0.055 0.063
3 0.878 0.640 0.048 0.059
3 0.695 0.662 0.026 0.062
3 0.716 0.651 0.030 0.079
8 0.377 0.913 0.153 0.173
14 0.457 0.342 0.028 0.056
13 0.520 0.657 0.069 0.138
