2 0.491 0.699 0.037 0.100
2 0.581 0.744 0.063 0.163
2 0.627 0.682 0.034 0.088
2 0.603 0.579 0.015 0.027
2 0.624 0.580 0.019 0.039
1 0.486 0.625 0.023 0.034
1 0.572 0.623 0.034 0.051
1 0.624 0.621 0.016 0.031
1 0.601 0.553 0.010 0.015
1 0.618 0.543 0.008 0.012
0 0.487 0.737 0.039 0.274
0 0.578 0.798 0.064 0.394
0 0.627 0.707 0.039 0.198
0 0.602 0.596 0.017 0.098
0 0.624 0.576 0.023 0.067
0 0.643 0.606 0.014 0.072
11 0.687 0.777 0.140 0.119
11 0.760 0.758 0.089 0.091
8 0.250 0.858 0.185 0.220
12 0.375 0.104 0.082 0.150
14 0.706 0.300 0.027 0.073
13 0.702 0.623 0.124 0.146
