0 0.529 0.857 0.035 0.285
0 0.627 0.860 0.062 0.280
0 0.689 0.804 0.039 0.148
0 0.627 0.692 0.027 0.057
0 0.664 0.690 0.017 0.060
0 0.684 0.712 0.017 0.045
1 0.418 0.750 0.022 0.019
1 0.524 0.742 0.022 0.034
1 0.618 0.747 0.033 0.050
1 0.623 0.672 0.008 0.014
1 0.687 0.738 0.015 0.023
1 0.658 0.666 0.008 0.017
2 0.686 0.796 0.030 0.080
2 0.660 0.703 0.008 0.039
2 0.627 0.706 0.018 0.037
2 0.630 0.860 0.067 0.166
2 0.530 0.818 0.032 0.094
11 0.736 0.901 0.136 0.090
11 0.809 0.894 0.084 0.105
12 0.400 0.130 0.085 0.151
14 0.753 0.411 0.034 0.082
8 0.312 0.921 0.141 0.158
13 0.742 0.743 0.118 0.132
