2 0.455 0.794 0.021 0.082
2 0.500 0.776 0.031 0.101
2 0.549 0.823 0.065 0.157
2 0.657 0.764 0.028 0.088
1 0.451 0.736 0.018 0.030
1 0.501 0.703 0.022 0.030
1 0.536 0.708 0.033 0.050
1 0.648 0.700 0.022 0.031
0 0.458 0.818 0.029 0.196
0 0.503 0.824 0.037 0.269
0 0.547 0.843 0.066 0.315
0 0.654 0.789 0.035 0.208
0 0.716 0.665 0.015 0.055
0 0.694 0.666 0.017 0.084
11 0.715 0.866 0.155 0.106
11 0.795 0.841 0.070 0.093
12 0.393 0.199 0.077 0.131
8 0.246 0.906 0.169 0.187
14 0.799 0.339 0.061 0.078
14 0.798 0.030 0.036 0.058
13 0.790 0.696 0.172 0.135
