2 0.204 0.902 0.151 0.196
2 0.566 0.785 0.045 0.102
2 0.656 0.806 0.059 0.133
2 0.793 0.741 0.022 0.056
2 0.650 0.682 0.019 0.031
1 0.215 0.691 0.087 0.126
1 0.498 0.725 0.030 0.030
1 0.563 0.714 0.021 0.036
1 0.642 0.715 0.033 0.038
1 0.649 0.652 0.013 0.021
1 0.789 0.707 0.013 0.024
0 0.209 0.816 0.157 0.369
0 0.560 0.819 0.035 0.248
0 0.661 0.844 0.068 0.311
0 0.649 0.671 0.020 0.057
0 0.793 0.751 0.025 0.129
11 0.750 0.859 0.129 0.087
11 0.820 0.848 0.069 0.078
14 0.780 0.399 0.043 0.069
8 0.382 0.889 0.142 0.194
13 0.736 0.701 0.097 0.109
