12 0.391 0.335 0.086 0.177
14 0.670 0.134 0.021 0.025
0 0.246 0.589 0.062 0.145
0 0.165 0.513 0.021 0.099
0 0.202 0.509 0.024 0.110
0 0.261 0.476 0.014 0.083
0 0.281 0.472 0.018 0.074
0 0.371 0.462 0.032 0.052
0 0.458 0.442 0.012 0.068
0 0.475 0.426 0.013 0.032
0 0.490 0.438 0.011 0.066
11 0.649 0.433 0.045 0.028
1 0.167 0.471 0.011 0.015
1 0.196 0.460 0.011 0.014
1 0.223 0.554 0.016 0.033
1 0.258 0.442 0.008 0.016
1 0.278 0.443 0.012 0.013
1 0.376 0.453 0.020 0.033
1 0.457 0.413 0.007 0.010
1 0.488 0.408 0.007 0.009
1 0.478 0.414 0.005 0.010
3 0.666 0.552 0.191 0.160
7 0.195 0.975 0.389 0.049
7 0.946 0.631 0.108 0.249
2 0.247 0.545 0.041 0.051
2 0.165 0.508 0.020 0.043
2 0.202 0.497 0.017 0.043
2 0.371 0.477 0.029 0.027
2 0.489 0.432 0.009 0.025
2 0.476 0.430 0.007 0.022
4 0.408 0.589 0.275 0.137
8 0.539 0.457 0.028 0.036
14 0.213 0.195 0.092 0.068
14 0.130 0.504 0.022 0.044
10 0.604 0.386 0.011 0.023
