12 0.449 0.321 0.108 0.217
14 0.484 0.194 0.019 0.027
0 0.254 0.590 0.062 0.296
0 0.682 0.616 0.099 0.184
0 0.124 0.538 0.018 0.145
0 0.146 0.534 0.014 0.127
0 0.313 0.486 0.011 0.077
0 0.327 0.485 0.012 0.075
0 0.337 0.479 0.007 0.065
0 0.477 0.451 0.010 0.052
11 0.508 0.483 0.046 0.028
11 0.965 0.414 0.046 0.027
1 0.122 0.474 0.014 0.016
1 0.143 0.475 0.010 0.015
1 0.245 0.453 0.027 0.029
1 0.312 0.453 0.007 0.010
1 0.326 0.451 0.006 0.010
1 0.336 0.450 0.006 0.008
1 0.717 0.550 0.028 0.054
3 0.808 0.596 0.192 0.182
2 0.249 0.540 0.049 0.110
2 0.329 0.479 0.008 0.029
2 0.672 0.581 0.068 0.114
2 0.477 0.447 0.007 0.026
4 0.478 0.633 0.374 0.194
14 0.010 0.544 0.019 0.057
14 0.109 0.164 0.093 0.090
8 0.202 0.550 0.029 0.052
