0 0.066 0.456 0.024 0.185
0 0.244 0.427 0.023 0.096
0 0.416 0.433 0.019 0.085
0 0.536 0.428 0.007 0.052
0 0.346 0.556 0.055 0.376
0 0.676 0.452 0.073 0.131
1 0.066 0.375 0.015 0.023
1 0.242 0.394 0.011 0.016
1 0.417 0.404 0.010 0.022
1 0.535 0.405 0.007 0.016
1 0.682 0.417 0.041 0.051
1 0.353 0.401 0.041 0.051
12 0.565 0.214 0.105 0.274
11 0.473 0.461 0.055 0.048
4 0.606 0.700 0.522 0.306
11 0.935 0.479 0.047 0.047
2 0.243 0.416 0.014 0.030
2 0.346 0.511 0.037 0.142
2 0.678 0.487 0.046 0.085
6 0.753 0.437 0.023 0.031
8 0.154 0.476 0.055 0.080
3 0.920 0.682 0.160 0.206
