12 0.368 0.354 0.088 0.151
14 0.708 0.140 0.021 0.026
0 0.180 0.510 0.021 0.106
0 0.216 0.588 0.050 0.136
0 0.230 0.484 0.019 0.078
0 0.266 0.482 0.038 0.055
0 0.297 0.468 0.019 0.066
0 0.487 0.448 0.011 0.073
0 0.519 0.440 0.011 0.059
11 0.669 0.441 0.051 0.029
1 0.198 0.561 0.014 0.032
1 0.179 0.465 0.011 0.013
1 0.225 0.450 0.010 0.012
1 0.276 0.469 0.019 0.030
1 0.272 0.440 0.010 0.011
1 0.293 0.441 0.010 0.011
1 0.485 0.416 0.007 0.010
1 0.508 0.449 0.005 0.009
1 0.517 0.415 0.006 0.010
3 0.629 0.567 0.186 0.138
7 0.850 0.659 0.201 0.263
7 0.116 0.961 0.231 0.078
2 0.222 0.547 0.037 0.050
2 0.259 0.501 0.028 0.029
2 0.176 0.504 0.020 0.046
2 0.228 0.486 0.014 0.037
2 0.518 0.435 0.011 0.028
4 0.381 0.596 0.277 0.146
8 0.556 0.460 0.031 0.044
14 0.219 0.193 0.093 0.064
14 0.135 0.499 0.017 0.051
10 0.628 0.399 0.010 0.031
