0 0.434 0.616 0.060 0.167
0 0.719 0.864 0.113 0.272
0 0.142 0.548 0.020 0.115
0 0.058 0.524 0.023 0.093
0 0.323 0.565 0.011 0.060
0 0.334 0.569 0.009 0.054
3 0.668 0.849 0.257 0.219
1 0.685 0.764 0.036 0.058
1 0.453 0.581 0.047 0.070
1 0.143 0.511 0.019 0.027
1 0.063 0.487 0.011 0.021
12 0.324 0.360 0.118 0.260
11 0.237 0.588 0.054 0.036
4 0.293 0.813 0.502 0.365
11 0.684 0.664 0.043 0.049
2 0.723 0.815 0.077 0.081
2 0.436 0.632 0.051 0.070
2 0.324 0.562 0.006 0.023
2 0.334 0.561 0.007 0.021
2 0.059 0.518 0.010 0.036
14 0.880 0.572 0.217 0.043
