12 0.371 0.363 0.088 0.165
14 0.676 0.173 0.016 0.025
0 0.220 0.606 0.070 0.135
0 0.159 0.527 0.028 0.107
0 0.203 0.502 0.017 0.084
0 0.253 0.493 0.014 0.087
0 0.274 0.483 0.016 0.060
0 0.307 0.490 0.035 0.053
0 0.458 0.469 0.013 0.070
0 0.490 0.463 0.014 0.062
11 0.643 0.468 0.048 0.027
1 0.159 0.481 0.011 0.014
1 0.193 0.574 0.016 0.035
1 0.200 0.468 0.010 0.016
1 0.252 0.456 0.009 0.016
1 0.272 0.458 0.011 0.010
1 0.314 0.479 0.019 0.030
1 0.456 0.439 0.006 0.010
1 0.488 0.436 0.006 0.009
0 0.476 0.480 0.014 0.043
1 0.482 0.462 0.004 0.008
3 0.632 0.588 0.185 0.149
7 0.148 0.969 0.292 0.061
7 0.893 0.682 0.191 0.264
2 0.157 0.517 0.020 0.046
2 0.202 0.501 0.013 0.037
2 0.221 0.562 0.043 0.058
2 0.299 0.507 0.025 0.027
2 0.490 0.457 0.010 0.031
4 0.379 0.609 0.273 0.157
8 0.531 0.483 0.032 0.040
14 0.205 0.209 0.092 0.065
14 0.118 0.511 0.019 0.047
10 0.600 0.420 0.011 0.028
