12 0.623 0.475 0.136 0.216
14 0.906 0.032 0.061 0.062
0 0.292 0.727 0.042 0.324
0 0.529 0.616 0.043 0.106
0 0.601 0.623 0.019 0.106
0 0.795 0.628 0.027 0.104
0 0.922 0.624 0.014 0.082
0 0.934 0.623 0.011 0.078
0 0.474 0.613 0.015 0.088
0 0.494 0.618 0.023 0.089
0 0.506 0.591 0.010 0.052
1 0.300 0.580 0.027 0.031
1 0.528 0.647 0.024 0.040
1 0.520 0.576 0.020 0.024
1 0.505 0.576 0.008 0.012
1 0.495 0.584 0.009 0.019
1 0.480 0.579 0.013 0.015
1 0.599 0.574 0.012 0.014
1 0.793 0.584 0.012 0.012
1 0.923 0.588 0.007 0.010
3 0.924 0.887 0.147 0.225
2 0.289 0.684 0.040 0.122
2 0.475 0.620 0.013 0.053
2 0.493 0.623 0.019 0.052
2 0.526 0.635 0.033 0.048
2 0.933 0.613 0.011 0.039
4 0.619 0.842 0.394 0.294
8 0.894 0.646 0.025 0.045
8 0.974 0.659 0.033 0.050
8 0.708 0.666 0.043 0.044
10 0.645 0.623 0.017 0.093
14 0.530 0.294 0.117 0.098
14 0.419 0.617 0.024 0.059
