0 0.124 0.758 0.096 0.484
0 0.495 0.678 0.040 0.263
0 0.664 0.690 0.067 0.279
0 0.317 0.704 0.074 0.366
0 0.288 0.674 0.058 0.318
0 0.332 0.664 0.032 0.274
1 0.128 0.549 0.060 0.068
1 0.295 0.529 0.022 0.031
1 0.316 0.541 0.030 0.035
1 0.335 0.540 0.020 0.032
1 0.495 0.566 0.024 0.041
1 0.663 0.566 0.028 0.034
2 0.119 0.737 0.087 0.230
2 0.493 0.642 0.029 0.103
2 0.677 0.646 0.040 0.109
2 0.305 0.644 0.047 0.134
2 0.334 0.629 0.027 0.096
12 0.674 0.213 0.089 0.207
13 0.764 0.647 0.471 0.127
7 0.465 0.695 0.033 0.106
7 0.618 0.743 0.090 0.199
