12 0.623 0.267 0.096 0.199
0 0.209 0.791 0.039 0.320
0 0.243 0.761 0.042 0.288
0 0.334 0.754 0.043 0.259
0 0.385 0.776 0.048 0.321
0 0.483 0.760 0.045 0.268
0 0.598 0.786 0.079 0.328
1 0.208 0.649 0.028 0.034
1 0.240 0.631 0.024 0.031
1 0.330 0.635 0.022 0.025
1 0.387 0.629 0.027 0.028
1 0.480 0.638 0.022 0.025
1 0.584 0.640 0.026 0.031
13 0.808 0.710 0.384 0.110
7 0.517 0.773 0.032 0.114
2 0.212 0.744 0.042 0.107
2 0.332 0.719 0.034 0.104
2 0.380 0.727 0.046 0.118
2 0.484 0.731 0.033 0.096
2 0.588 0.727 0.047 0.117
