12 0.567 0.138 0.084 0.181
0 0.034 0.751 0.067 0.498
0 0.172 0.640 0.043 0.305
0 0.246 0.628 0.047 0.266
0 0.326 0.641 0.059 0.322
0 0.406 0.620 0.043 0.254
0 0.582 0.620 0.059 0.244
1 0.023 0.532 0.046 0.058
1 0.175 0.500 0.027 0.030
1 0.244 0.505 0.022 0.024
1 0.322 0.491 0.027 0.034
1 0.401 0.503 0.020 0.024
1 0.564 0.518 0.022 0.039
13 0.805 0.534 0.390 0.122
13 0.500 0.562 0.105 0.085
7 0.698 0.889 0.310 0.221
7 0.369 0.641 0.036 0.107
2 0.033 0.719 0.066 0.216
2 0.164 0.623 0.023 0.094
2 0.246 0.595 0.041 0.101
2 0.322 0.586 0.046 0.116
2 0.407 0.589 0.032 0.094
2 0.593 0.569 0.041 0.096
