0 0.136 0.775 0.138 0.449
0 0.364 0.717 0.055 0.303
0 0.427 0.714 0.056 0.286
0 0.522 0.735 0.068 0.333
0 0.585 0.722 0.050 0.279
0 0.761 0.733 0.064 0.288
3 0.456 0.752 0.122 0.114
1 0.129 0.609 0.070 0.089
1 0.373 0.586 0.026 0.033
1 0.425 0.595 0.030 0.031
1 0.536 0.584 0.022 0.034
1 0.584 0.602 0.027 0.031
1 0.749 0.612 0.029 0.043
2 0.121 0.819 0.110 0.268
2 0.362 0.680 0.052 0.127
2 0.421 0.683 0.040 0.113
2 0.529 0.676 0.049 0.126
2 0.585 0.691 0.042 0.107
2 0.763 0.687 0.051 0.113
12 0.761 0.231 0.101 0.209
13 0.673 0.663 0.115 0.081
13 0.893 0.684 0.204 0.128
