12 0.514 0.244 0.080 0.195
0 0.117 0.713 0.044 0.316
0 0.189 0.699 0.044 0.274
0 0.276 0.717 0.058 0.331
0 0.353 0.698 0.040 0.262
0 0.534 0.701 0.058 0.257
1 0.122 0.570 0.030 0.031
1 0.191 0.575 0.020 0.026
1 0.278 0.565 0.028 0.032
1 0.353 0.579 0.020 0.022
1 0.515 0.589 0.021 0.037
13 0.446 0.648 0.118 0.100
13 0.745 0.631 0.387 0.113
7 0.322 0.721 0.036 0.111
7 0.675 0.934 0.251 0.131
2 0.106 0.687 0.027 0.101
2 0.190 0.664 0.042 0.104
2 0.275 0.658 0.049 0.118
2 0.357 0.667 0.034 0.103
2 0.539 0.651 0.044 0.099
14 0.990 0.558 0.020 0.085
