0 0.084 0.787 0.117 0.427
0 0.339 0.738 0.065 0.327
0 0.382 0.728 0.037 0.275
0 0.487 0.747 0.053 0.333
0 0.539 0.740 0.054 0.269
0 0.723 0.752 0.066 0.292
3 0.428 0.768 0.135 0.118
1 0.092 0.620 0.071 0.087
1 0.347 0.596 0.024 0.040
1 0.384 0.608 0.028 0.031
1 0.498 0.598 0.028 0.030
1 0.546 0.621 0.028 0.034
1 0.714 0.629 0.027 0.039
2 0.080 0.830 0.111 0.276
2 0.379 0.693 0.037 0.106
2 0.492 0.692 0.047 0.131
2 0.547 0.703 0.044 0.115
2 0.729 0.701 0.058 0.110
12 0.708 0.280 0.099 0.206
13 0.782 0.704 0.426 0.131
