12 0.688 0.064 0.096 0.126
0 0.116 0.847 0.078 0.306
0 0.208 0.853 0.046 0.294
0 0.182 0.845 0.027 0.309
0 0.369 0.829 0.073 0.343
0 0.495 0.835 0.069 0.330
0 0.649 0.819 0.040 0.243
1 0.113 0.719 0.045 0.050
1 0.185 0.705 0.027 0.026
1 0.210 0.716 0.027 0.036
1 0.368 0.679 0.033 0.042
1 0.492 0.696 0.030 0.045
1 0.652 0.717 0.022 0.035
2 0.118 0.875 0.076 0.182
2 0.202 0.838 0.051 0.140
2 0.172 0.805 0.020 0.121
2 0.369 0.815 0.059 0.149
2 0.493 0.816 0.053 0.161
2 0.647 0.790 0.039 0.086
11 0.933 0.976 0.072 0.047
11 0.747 0.984 0.271 0.032
