0 0.121 0.763 0.105 0.473
0 0.409 0.711 0.071 0.364
0 0.528 0.683 0.042 0.268
0 0.321 0.684 0.056 0.319
0 0.361 0.673 0.035 0.272
0 0.697 0.694 0.067 0.285
1 0.116 0.558 0.058 0.070
1 0.330 0.541 0.026 0.035
1 0.361 0.555 0.023 0.035
1 0.412 0.545 0.026 0.031
1 0.524 0.568 0.024 0.041
1 0.697 0.571 0.024 0.039
2 0.111 0.750 0.088 0.240
2 0.360 0.637 0.031 0.106
2 0.414 0.651 0.053 0.129
2 0.523 0.648 0.028 0.101
2 0.707 0.649 0.047 0.109
12 0.695 0.228 0.091 0.206
13 0.779 0.651 0.441 0.119
7 0.648 0.748 0.095 0.199
7 0.492 0.703 0.039 0.102
