0 0.545 0.660 0.062 0.256
0 0.396 0.680 0.049 0.262
0 0.308 0.718 0.066 0.363
0 0.180 0.747 0.084 0.369
0 0.207 0.704 0.047 0.322
0 0.251 0.697 0.053 0.294
1 0.176 0.580 0.031 0.043
1 0.202 0.559 0.026 0.031
1 0.248 0.568 0.027 0.031
1 0.305 0.555 0.031 0.038
1 0.391 0.562 0.023 0.029
1 0.540 0.544 0.022 0.028
2 0.171 0.696 0.055 0.144
2 0.247 0.660 0.040 0.105
2 0.306 0.654 0.052 0.129
2 0.396 0.648 0.035 0.099
2 0.550 0.615 0.042 0.089
12 0.555 0.197 0.080 0.181
13 0.653 0.612 0.469 0.157
7 0.982 0.640 0.036 0.194
7 0.527 0.712 0.080 0.157
7 0.353 0.706 0.029 0.104
