3 0.320 0.654 0.378 0.366
3 0.521 0.506 0.298 0.325
4 0.856 0.780 0.285 0.441
0 0.182 0.325 0.015 0.074
0 0.004 0.340 0.006 0.040
0 0.014 0.343 0.012 0.057
1 0.179 0.293 0.006 0.008
1 0.014 0.319 0.006 0.008
2 0.013 0.340 0.008 0.027
2 0.003 0.344 0.005 0.030
2 0.182 0.315 0.013 0.027
10 0.045 0.342 0.026 0.061
11 0.051 0.400 0.083 0.041
13 0.921 0.258 0.154 0.131
13 0.653 0.234 0.189 0.108
13 0.463 0.234 0.170 0.083
14 0.102 0.179 0.029 0.033
14 0.169 0.180 0.082 0.031
14 0.255 0.177 0.073 0.034
14 0.412 0.240 0.013 0.037
14 0.255 0.287 0.027 0.034
14 0.280 0.284 0.011 0.031
14 0.503 0.169 0.015 0.013
14 0.581 0.155 0.016 0.010
