3 0.291 0.583 0.336 0.332
3 0.507 0.462 0.281 0.326
4 0.817 0.763 0.365 0.472
4 0.949 0.465 0.103 0.175
0 0.059 0.256 0.009 0.020
0 0.081 0.284 0.016 0.080
0 0.100 0.283 0.015 0.050
0 0.264 0.261 0.013 0.071
1 0.262 0.229 0.007 0.006
2 0.264 0.252 0.010 0.027
1 0.059 0.250 0.007 0.008
1 0.081 0.250 0.007 0.010
2 0.082 0.273 0.015 0.031
2 0.101 0.273 0.013 0.024
10 0.126 0.273 0.025 0.060
11 0.122 0.329 0.073 0.044
13 0.516 0.190 0.169 0.105
13 0.689 0.199 0.157 0.119
13 0.935 0.231 0.124 0.115
14 0.023 0.147 0.044 0.034
14 0.263 0.122 0.189 0.034
14 0.564 0.127 0.016 0.011
14 0.640 0.113 0.018 0.013
14 0.468 0.191 0.010 0.035
14 0.299 0.233 0.018 0.033
14 0.329 0.230 0.029 0.032
14 0.354 0.227 0.013 0.033
