0 0.092 0.844 0.084 0.312
0 0.151 0.832 0.056 0.336
0 0.236 0.823 0.064 0.319
0 0.388 0.790 0.052 0.283
0 0.455 0.788 0.066 0.339
1 0.083 0.715 0.046 0.054
1 0.154 0.688 0.034 0.039
1 0.231 0.687 0.031 0.036
1 0.383 0.668 0.031 0.032
1 0.446 0.636 0.029 0.035
2 0.085 0.858 0.066 0.178
2 0.140 0.803 0.032 0.152
2 0.232 0.783 0.043 0.130
2 0.385 0.757 0.031 0.115
2 0.449 0.733 0.057 0.121
7 0.808 0.760 0.135 0.095
7 0.294 0.822 0.047 0.119
7 0.695 0.777 0.118 0.076
12 0.550 0.294 0.077 0.196
13 0.598 0.694 0.054 0.109
13 0.722 0.670 0.125 0.117
13 0.337 0.734 0.042 0.093
13 0.029 0.801 0.054 0.124
14 0.845 0.013 0.036 0.024
14 0.809 0.593 0.062 0.071
