0 0.042 0.751 0.039 0.326
0 0.071 0.743 0.045 0.294
0 0.148 0.746 0.062 0.317
0 0.211 0.729 0.039 0.262
0 0.251 0.738 0.061 0.320
0 0.390 0.710 0.043 0.243
1 0.045 0.606 0.031 0.035
1 0.070 0.613 0.023 0.031
1 0.139 0.610 0.032 0.031
1 0.212 0.613 0.020 0.024
1 0.247 0.599 0.027 0.036
1 0.378 0.604 0.019 0.025
2 0.396 0.670 0.025 0.091
2 0.255 0.685 0.043 0.116
2 0.212 0.699 0.025 0.101
2 0.139 0.708 0.042 0.118
2 0.068 0.708 0.037 0.112
2 0.032 0.713 0.020 0.139
7 0.838 0.871 0.324 0.256
7 0.497 0.743 0.102 0.061
7 0.590 0.724 0.109 0.072
12 0.379 0.304 0.064 0.169
13 0.524 0.649 0.113 0.094
13 0.426 0.660 0.034 0.103
13 0.298 0.677 0.029 0.103
14 0.610 0.588 0.054 0.058
14 0.674 0.014 0.050 0.024
14 0.676 0.050 0.054 0.040
