0 0.122 0.736 0.055 0.353
0 0.243 0.725 0.054 0.313
0 0.392 0.715 0.043 0.276
0 0.449 0.750 0.074 0.376
0 0.460 0.637 0.025 0.169
0 0.482 0.673 0.021 0.197
1 0.481 0.593 0.021 0.032
1 0.460 0.568 0.018 0.025
1 0.442 0.584 0.032 0.040
1 0.397 0.593 0.026 0.031
1 0.133 0.584 0.034 0.038
1 0.245 0.587 0.029 0.032
2 0.240 0.688 0.044 0.119
2 0.116 0.698 0.032 0.156
2 0.395 0.684 0.028 0.106
2 0.443 0.706 0.057 0.152
2 0.474 0.668 0.015 0.107
7 0.298 0.737 0.051 0.121
7 0.707 0.756 0.117 0.081
7 0.814 0.738 0.111 0.090
12 0.566 0.246 0.071 0.200
13 0.045 0.682 0.086 0.147
13 0.318 0.648 0.089 0.066
13 0.606 0.652 0.055 0.118
13 0.733 0.649 0.121 0.106
14 0.823 0.575 0.060 0.066
