0 0.264 0.726 0.037 0.335
0 0.320 0.771 0.079 0.403
0 0.360 0.718 0.052 0.306
0 0.503 0.702 0.047 0.280
0 0.572 0.703 0.061 0.340
0 0.614 0.618 0.053 0.131
1 0.267 0.581 0.029 0.034
1 0.312 0.594 0.040 0.043
1 0.351 0.581 0.024 0.028
1 0.497 0.578 0.021 0.025
1 0.563 0.551 0.026 0.033
1 0.596 0.576 0.029 0.039
2 0.258 0.689 0.025 0.147
2 0.307 0.718 0.051 0.156
2 0.352 0.677 0.043 0.121
2 0.499 0.667 0.034 0.106
2 0.567 0.646 0.048 0.124
7 0.818 0.717 0.127 0.075
7 0.936 0.698 0.126 0.096
7 0.407 0.724 0.049 0.114
12 0.674 0.202 0.085 0.195
13 0.128 0.681 0.179 0.133
13 0.447 0.636 0.034 0.082
13 0.717 0.621 0.061 0.117
13 0.848 0.606 0.123 0.113
14 0.943 0.531 0.066 0.078
