0 0.207 0.750 0.052 0.323
0 0.243 0.744 0.035 0.283
0 0.303 0.750 0.081 0.300
0 0.366 0.725 0.032 0.247
0 0.410 0.738 0.055 0.308
0 0.532 0.635 0.045 0.086
1 0.214 0.611 0.028 0.031
1 0.237 0.620 0.018 0.027
1 0.309 0.619 0.024 0.031
1 0.367 0.618 0.020 0.022
1 0.401 0.603 0.023 0.035
1 0.521 0.607 0.020 0.025
2 0.542 0.672 0.028 0.090
2 0.410 0.687 0.042 0.117
2 0.371 0.697 0.028 0.097
2 0.303 0.706 0.048 0.114
2 0.237 0.707 0.029 0.108
2 0.199 0.714 0.030 0.131
7 0.648 0.743 0.110 0.064
7 0.754 0.721 0.108 0.081
7 0.926 0.851 0.149 0.282
12 0.527 0.308 0.064 0.168
13 0.448 0.675 0.032 0.101
13 0.571 0.662 0.027 0.105
13 0.679 0.648 0.110 0.093
14 0.826 0.023 0.062 0.043
14 0.762 0.580 0.053 0.069
13 0.041 0.714 0.070 0.132
