0 0.119 0.721 0.078 0.349
0 0.165 0.732 0.059 0.353
0 0.315 0.691 0.047 0.273
0 0.384 0.696 0.073 0.327
0 0.449 0.591 0.040 0.086
1 0.122 0.569 0.034 0.043
1 0.159 0.578 0.034 0.043
1 0.317 0.570 0.028 0.031
1 0.372 0.547 0.028 0.031
1 0.441 0.565 0.022 0.031
2 0.099 0.681 0.036 0.154
2 0.169 0.686 0.049 0.142
2 0.316 0.659 0.033 0.112
2 0.376 0.632 0.052 0.122
2 0.451 0.610 0.034 0.049
7 0.930 0.813 0.140 0.285
7 0.617 0.706 0.110 0.069
7 0.715 0.685 0.128 0.077
7 0.216 0.719 0.046 0.134
12 0.500 0.220 0.067 0.184
13 0.262 0.636 0.035 0.083
13 0.523 0.620 0.055 0.108
13 0.612 0.606 0.052 0.109
13 0.668 0.600 0.060 0.107
14 0.729 0.537 0.057 0.068
