0 0.035 0.751 0.061 0.332
0 0.196 0.737 0.050 0.299
0 0.270 0.778 0.077 0.424
0 0.242 0.609 0.042 0.081
0 0.328 0.636 0.044 0.101
1 0.335 0.606 0.026 0.035
1 0.277 0.593 0.030 0.046
1 0.251 0.584 0.024 0.029
1 0.193 0.609 0.027 0.035
1 0.031 0.603 0.033 0.031
2 0.027 0.711 0.053 0.128
2 0.196 0.699 0.034 0.111
2 0.271 0.720 0.065 0.161
2 0.326 0.654 0.039 0.064
7 0.093 0.763 0.048 0.137
7 0.512 0.757 0.099 0.080
7 0.617 0.734 0.113 0.081
7 0.870 0.891 0.259 0.215
7 0.929 0.777 0.142 0.109
12 0.386 0.249 0.080 0.199
13 0.108 0.662 0.118 0.063
13 0.416 0.657 0.061 0.106
13 0.539 0.649 0.114 0.099
14 0.623 0.584 0.056 0.067
14 0.696 0.025 0.060 0.049
