0 0.058 0.732 0.065 0.330
0 0.220 0.710 0.050 0.283
0 0.297 0.756 0.078 0.415
0 0.359 0.613 0.039 0.097
0 0.266 0.588 0.039 0.081
1 0.300 0.573 0.033 0.042
1 0.365 0.585 0.024 0.034
1 0.218 0.587 0.024 0.032
1 0.059 0.587 0.031 0.033
1 0.272 0.561 0.028 0.026
2 0.053 0.692 0.052 0.130
2 0.222 0.681 0.035 0.113
2 0.298 0.700 0.059 0.156
2 0.357 0.637 0.043 0.062
7 0.890 0.847 0.220 0.300
7 0.117 0.743 0.056 0.132
7 0.533 0.725 0.110 0.075
7 0.638 0.713 0.120 0.084
12 0.408 0.230 0.079 0.204
13 0.134 0.648 0.117 0.070
13 0.442 0.639 0.055 0.100
13 0.562 0.628 0.117 0.097
14 0.644 0.557 0.054 0.069
