0 0.200 0.782 0.049 0.319
0 0.237 0.771 0.032 0.276
0 0.269 0.788 0.066 0.306
0 0.363 0.756 0.039 0.247
0 0.398 0.771 0.054 0.310
0 0.530 0.745 0.046 0.241
1 0.208 0.640 0.031 0.032
1 0.233 0.647 0.020 0.030
1 0.265 0.647 0.023 0.029
1 0.365 0.649 0.023 0.029
1 0.398 0.633 0.022 0.032
1 0.517 0.641 0.023 0.026
2 0.537 0.707 0.023 0.090
2 0.402 0.718 0.044 0.116
2 0.362 0.729 0.025 0.099
2 0.272 0.743 0.044 0.117
2 0.192 0.738 0.033 0.129
2 0.231 0.737 0.029 0.108
7 0.925 0.889 0.151 0.214
7 0.638 0.783 0.104 0.068
7 0.744 0.765 0.108 0.080
12 0.526 0.338 0.063 0.161
13 0.674 0.687 0.115 0.095
13 0.568 0.699 0.034 0.101
13 0.440 0.704 0.036 0.109
13 0.319 0.705 0.040 0.083
13 0.035 0.749 0.064 0.143
14 0.756 0.622 0.054 0.061
14 0.824 0.047 0.059 0.074
