0 0.170 0.733 0.072 0.343
0 0.275 0.724 0.054 0.310
0 0.402 0.759 0.089 0.384
0 0.498 0.718 0.062 0.339
1 0.172 0.582 0.036 0.041
1 0.274 0.586 0.031 0.033
1 0.421 0.594 0.037 0.046
1 0.497 0.569 0.027 0.037
1 0.517 0.592 0.015 0.031
2 0.494 0.660 0.047 0.122
2 0.409 0.715 0.062 0.161
2 0.272 0.685 0.043 0.121
2 0.154 0.694 0.041 0.152
7 0.730 0.742 0.114 0.074
7 0.854 0.727 0.131 0.106
7 0.328 0.734 0.047 0.131
12 0.598 0.240 0.071 0.181
13 0.635 0.652 0.058 0.110
13 0.766 0.645 0.118 0.103
13 0.347 0.644 0.078 0.065
13 0.064 0.677 0.122 0.131
14 0.857 0.573 0.062 0.079
