3 0.461 0.749 0.107 0.203
3 0.583 0.740 0.071 0.152
3 0.688 0.751 0.053 0.148
0 0.284 0.618 0.054 0.194
0 0.424 0.624 0.038 0.061
0 0.634 0.707 0.053 0.280
1 0.432 0.614 0.021 0.035
1 0.645 0.588 0.021 0.040
2 0.644 0.672 0.035 0.114
2 0.425 0.642 0.038 0.023
3 0.072 0.663 0.141 0.144
6 0.890 0.686 0.081 0.113
6 0.965 0.696 0.070 0.136
7 0.583 0.648 0.042 0.040
7 0.747 0.658 0.112 0.060
12 0.458 0.356 0.085 0.189
14 0.529 0.553 0.104 0.036
14 0.089 0.305 0.093 0.072
14 0.090 0.040 0.082 0.079
14 0.968 0.323 0.012 0.037
1 0.281 0.536 0.026 0.028
