4 0.176 0.749 0.345 0.502
0 0.044 0.348 0.055 0.275
0 0.146 0.343 0.055 0.266
0 0.183 0.332 0.045 0.233
0 0.242 0.330 0.064 0.278
0 0.303 0.242 0.036 0.076
1 0.042 0.229 0.030 0.031
1 0.138 0.225 0.027 0.028
1 0.172 0.229 0.018 0.021
1 0.229 0.207 0.022 0.031
1 0.297 0.217 0.019 0.023
2 0.035 0.331 0.031 0.128
2 0.145 0.311 0.041 0.101
2 0.182 0.305 0.027 0.091
2 0.238 0.281 0.043 0.102
2 0.301 0.255 0.023 0.046
7 0.416 0.333 0.112 0.056
7 0.487 0.306 0.098 0.067
7 0.815 0.348 0.370 0.193
13 0.393 0.253 0.111 0.096
13 0.095 0.306 0.047 0.089
14 0.468 0.184 0.054 0.070
