3 0.480 0.713 0.117 0.207
3 0.605 0.710 0.073 0.161
3 0.710 0.708 0.054 0.146
0 0.303 0.597 0.059 0.192
0 0.483 0.594 0.044 0.066
0 0.660 0.669 0.044 0.281
1 0.664 0.546 0.024 0.036
1 0.494 0.581 0.020 0.035
2 0.476 0.609 0.020 0.035
2 0.663 0.625 0.041 0.105
3 0.093 0.647 0.138 0.151
6 0.918 0.634 0.079 0.117
6 0.979 0.644 0.043 0.120
7 0.770 0.614 0.111 0.059
7 0.606 0.613 0.042 0.037
12 0.466 0.334 0.085 0.184
14 0.543 0.523 0.114 0.028
14 0.111 0.296 0.089 0.064
14 0.105 0.036 0.079 0.069
1 0.298 0.519 0.019 0.032
