0 0.023 0.793 0.045 0.337
0 0.185 0.777 0.048 0.294
0 0.264 0.807 0.085 0.385
0 0.312 0.678 0.033 0.099
0 0.233 0.653 0.039 0.079
1 0.021 0.644 0.031 0.035
1 0.184 0.651 0.025 0.031
1 0.241 0.628 0.024 0.025
1 0.268 0.641 0.029 0.045
1 0.312 0.650 0.024 0.033
2 0.310 0.699 0.027 0.053
2 0.261 0.767 0.060 0.161
2 0.187 0.745 0.034 0.113
2 0.020 0.751 0.039 0.131
7 0.083 0.806 0.054 0.131
7 0.508 0.808 0.110 0.098
7 0.598 0.785 0.130 0.093
7 0.858 0.896 0.269 0.207
12 0.369 0.299 0.074 0.186
13 0.104 0.713 0.102 0.072
13 0.408 0.707 0.058 0.117
13 0.532 0.698 0.113 0.093
14 0.613 0.629 0.055 0.069
14 0.687 0.055 0.056 0.103
