0 0.121 0.714 0.058 0.357
0 0.245 0.700 0.059 0.310
0 0.349 0.727 0.091 0.377
0 0.379 0.576 0.019 0.068
0 0.401 0.687 0.039 0.273
0 0.443 0.694 0.067 0.339
0 0.564 0.590 0.078 0.104
1 0.569 0.557 0.021 0.037
1 0.447 0.542 0.029 0.032
1 0.399 0.567 0.022 0.026
1 0.383 0.552 0.015 0.019
1 0.345 0.563 0.031 0.040
1 0.246 0.565 0.030 0.035
1 0.128 0.558 0.035 0.040
2 0.117 0.675 0.042 0.147
2 0.242 0.661 0.044 0.118
2 0.349 0.674 0.055 0.137
2 0.398 0.653 0.027 0.104
2 0.441 0.641 0.043 0.131
2 0.584 0.631 0.048 0.098
7 0.299 0.714 0.042 0.123
7 0.702 0.716 0.116 0.080
7 0.822 0.700 0.120 0.094
12 0.583 0.208 0.075 0.195
13 0.734 0.608 0.125 0.104
13 0.621 0.615 0.028 0.102
13 0.483 0.622 0.033 0.105
14 0.823 0.536 0.056 0.069
13 0.044 0.664 0.087 0.144
