0 0.321 0.852 0.068 0.295
0 0.349 0.777 0.022 0.188
0 0.426 0.763 0.027 0.157
1 0.340 0.724 0.023 0.033
1 0.351 0.701 0.016 0.024
1 0.423 0.694 0.013 0.016
2 0.423 0.746 0.027 0.068
2 0.347 0.769 0.024 0.069
2 0.309 0.810 0.045 0.128
10 0.127 0.740 0.026 0.083
11 0.457 0.928 0.195 0.124
8 0.024 0.795 0.044 0.060
12 0.420 0.151 0.081 0.205
14 0.560 0.569 0.165 0.078
14 0.339 0.520 0.255 0.098
13 0.281 0.701 0.018 0.052
13 0.313 0.699 0.025 0.049
13 0.401 0.694 0.021 0.039
13 0.438 0.694 0.013 0.035
8 0.145 0.814 0.059 0.123
