0 0.060 0.885 0.077 0.231
0 0.120 0.883 0.051 0.233
0 0.280 0.889 0.047 0.221
0 0.343 0.886 0.051 0.228
0 0.404 0.876 0.068 0.247
1 0.068 0.794 0.036 0.043
1 0.117 0.787 0.028 0.036
1 0.280 0.798 0.032 0.037
1 0.338 0.796 0.024 0.037
1 0.397 0.780 0.028 0.053
2 0.060 0.915 0.062 0.155
2 0.114 0.900 0.042 0.147
2 0.277 0.902 0.043 0.126
2 0.345 0.872 0.047 0.111
2 0.401 0.886 0.054 0.145
7 0.164 0.946 0.036 0.108
7 0.596 0.967 0.104 0.067
7 0.716 0.954 0.132 0.093
12 0.528 0.094 0.064 0.172
13 0.201 0.855 0.103 0.081
13 0.480 0.862 0.081 0.115
13 0.614 0.856 0.121 0.106
14 0.766 0.193 0.062 0.083
14 0.701 0.783 0.060 0.075
