0 0.081 0.775 0.050 0.364
0 0.207 0.758 0.060 0.313
0 0.297 0.767 0.064 0.337
0 0.410 0.738 0.047 0.277
0 0.501 0.745 0.077 0.334
0 0.545 0.647 0.053 0.093
0 0.545 0.601 0.016 0.032
1 0.545 0.595 0.015 0.016
1 0.530 0.621 0.021 0.035
1 0.493 0.595 0.024 0.031
2 0.500 0.684 0.054 0.119
2 0.559 0.681 0.035 0.106
1 0.413 0.617 0.026 0.031
1 0.297 0.615 0.034 0.032
1 0.207 0.620 0.030 0.033
2 0.202 0.720 0.047 0.123
2 0.292 0.719 0.047 0.129
2 0.407 0.704 0.033 0.110
7 0.251 0.778 0.030 0.132
7 0.666 0.775 0.110 0.075
7 0.775 0.749 0.123 0.088
7 0.944 0.913 0.111 0.171
12 0.537 0.274 0.076 0.188
13 0.353 0.680 0.064 0.088
13 0.445 0.682 0.035 0.114
13 0.619 0.650 0.031 0.069
13 0.699 0.663 0.127 0.096
14 0.782 0.594 0.059 0.072
14 0.860 0.019 0.076 0.035
13 0.022 0.729 0.043 0.129
