0 0.022 0.756 0.040 0.400
0 0.273 0.688 0.072 0.342
0 0.346 0.671 0.063 0.319
0 0.507 0.636 0.063 0.238
1 0.487 0.542 0.018 0.038
2 0.510 0.604 0.040 0.096
1 0.341 0.527 0.023 0.031
1 0.273 0.540 0.029 0.033
1 0.009 0.581 0.013 0.052
2 0.020 0.727 0.039 0.176
2 0.275 0.642 0.059 0.137
2 0.349 0.620 0.051 0.119
11 0.747 0.738 0.223 0.145
0 0.023 0.601 0.013 0.048
1 0.022 0.581 0.005 0.009
12 0.412 0.040 0.090 0.079
14 0.035 0.459 0.066 0.081
11 0.973 0.709 0.055 0.161
8 0.075 0.755 0.066 0.186
8 0.037 0.610 0.007 0.027
