0 0.138 0.733 0.055 0.358
0 0.255 0.718 0.054 0.315
0 0.345 0.726 0.074 0.334
0 0.434 0.700 0.070 0.280
0 0.513 0.718 0.073 0.342
0 0.572 0.606 0.065 0.106
1 0.574 0.569 0.020 0.027
1 0.502 0.565 0.028 0.031
1 0.434 0.581 0.024 0.031
1 0.345 0.580 0.028 0.035
1 0.255 0.581 0.032 0.033
1 0.143 0.576 0.033 0.041
2 0.133 0.687 0.034 0.144
2 0.252 0.679 0.044 0.120
2 0.341 0.682 0.046 0.138
2 0.432 0.666 0.033 0.102
2 0.500 0.653 0.046 0.131
2 0.586 0.628 0.037 0.065
7 0.709 0.733 0.111 0.073
7 0.827 0.718 0.125 0.090
7 0.301 0.731 0.030 0.119
12 0.589 0.231 0.074 0.191
13 0.629 0.638 0.034 0.109
13 0.745 0.627 0.123 0.106
13 0.052 0.671 0.096 0.126
14 0.833 0.556 0.061 0.074
