3 0.468 0.823 0.115 0.218
3 0.598 0.808 0.080 0.163
3 0.697 0.820 0.060 0.137
0 0.486 0.689 0.046 0.119
0 0.661 0.775 0.045 0.291
0 0.287 0.697 0.054 0.194
1 0.283 0.620 0.023 0.031
1 0.487 0.647 0.024 0.031
1 0.651 0.647 0.026 0.034
2 0.660 0.726 0.040 0.100
2 0.486 0.702 0.030 0.058
3 0.078 0.754 0.143 0.147
6 0.903 0.734 0.078 0.112
6 0.973 0.743 0.054 0.126
7 0.595 0.714 0.044 0.039
7 0.758 0.715 0.109 0.066
12 0.511 0.437 0.083 0.206
14 0.528 0.620 0.124 0.032
14 0.100 0.397 0.096 0.071
14 0.097 0.136 0.080 0.087
14 0.977 0.367 0.018 0.031
