3 0.499 0.778 0.113 0.202
3 0.643 0.768 0.061 0.163
3 0.728 0.771 0.053 0.126
0 0.594 0.727 0.046 0.244
0 0.688 0.727 0.043 0.284
1 0.681 0.603 0.024 0.031
1 0.583 0.622 0.023 0.031
2 0.592 0.701 0.043 0.099
2 0.689 0.684 0.040 0.104
3 0.110 0.719 0.139 0.151
6 0.939 0.682 0.079 0.121
6 0.987 0.692 0.026 0.128
7 0.789 0.666 0.113 0.057
7 0.630 0.669 0.031 0.047
12 0.482 0.391 0.092 0.196
14 0.007 0.040 0.013 0.051
14 0.126 0.103 0.079 0.082
14 0.132 0.364 0.090 0.060
14 0.564 0.577 0.109 0.020
0 0.316 0.660 0.057 0.190
1 0.315 0.582 0.024 0.031
