0 0.138 0.713 0.054 0.353
0 0.255 0.699 0.058 0.313
0 0.342 0.717 0.079 0.351
0 0.409 0.684 0.042 0.278
0 0.445 0.597 0.023 0.101
0 0.474 0.698 0.068 0.332
0 0.575 0.588 0.074 0.098
1 0.580 0.559 0.022 0.029
1 0.478 0.551 0.030 0.035
1 0.447 0.556 0.017 0.019
1 0.412 0.565 0.029 0.033
1 0.334 0.563 0.030 0.039
1 0.257 0.561 0.032 0.037
1 0.143 0.557 0.033 0.040
2 0.132 0.673 0.036 0.155
2 0.252 0.662 0.046 0.120
2 0.337 0.669 0.054 0.131
2 0.410 0.653 0.030 0.111
2 0.442 0.613 0.022 0.073
2 0.461 0.644 0.047 0.128
2 0.596 0.631 0.045 0.105
7 0.718 0.718 0.115 0.074
7 0.824 0.700 0.136 0.097
7 0.297 0.717 0.018 0.121
12 0.594 0.209 0.073 0.197
13 0.055 0.659 0.098 0.150
13 0.513 0.601 0.039 0.067
13 0.633 0.614 0.028 0.113
13 0.750 0.611 0.116 0.103
14 0.834 0.539 0.064 0.073
