0 0.110 0.661 0.035 0.170
0 0.314 0.747 0.061 0.353
0 0.479 0.726 0.051 0.278
0 0.554 0.643 0.065 0.118
1 0.548 0.604 0.029 0.041
1 0.474 0.599 0.023 0.031
1 0.314 0.588 0.031 0.034
1 0.108 0.585 0.015 0.019
2 0.107 0.642 0.028 0.069
2 0.315 0.680 0.045 0.129
2 0.477 0.689 0.040 0.113
2 0.548 0.662 0.043 0.077
7 0.943 0.838 0.115 0.122
12 0.638 0.182 0.112 0.231
13 0.033 0.581 0.052 0.082
13 0.190 0.619 0.122 0.137
13 0.383 0.646 0.068 0.088
13 0.676 0.663 0.071 0.094
13 0.767 0.669 0.103 0.104
13 0.911 0.676 0.177 0.138
14 0.090 0.516 0.013 0.012
14 0.153 0.515 0.014 0.009
