0 0.408 0.776 0.047 0.124
0 0.431 0.750 0.032 0.168
0 0.544 0.850 0.100 0.222
1 0.423 0.728 0.016 0.023
1 0.428 0.674 0.014 0.019
1 0.522 0.768 0.023 0.046
2 0.558 0.810 0.062 0.099
2 0.401 0.759 0.032 0.067
2 0.429 0.724 0.024 0.066
10 0.101 0.737 0.026 0.112
11 0.469 0.911 0.160 0.148
12 0.476 0.176 0.077 0.177
13 0.299 0.680 0.071 0.048
13 0.379 0.676 0.052 0.043
13 0.327 0.511 0.270 0.094
13 0.553 0.560 0.136 0.056
8 0.009 0.779 0.018 0.044
8 0.140 0.794 0.054 0.113
11 0.361 0.888 0.075 0.107
