0 0.239 0.768 0.071 0.117
0 0.324 0.742 0.049 0.065
0 0.511 0.758 0.076 0.103
0 0.773 0.747 0.054 0.077
1 0.252 0.716 0.031 0.008
1 0.326 0.715 0.018 0.006
1 0.511 0.712 0.027 0.009
1 0.776 0.716 0.028 0.010
1 0.991 0.724 0.018 0.013
2 0.241 0.748 0.046 0.039
2 0.509 0.745 0.046 0.038
2 0.769 0.746 0.036 0.032
10 0.430 0.716 0.041 0.027
11 0.776 0.799 0.138 0.046
12 0.388 0.336 0.106 0.056
13 0.860 0.709 0.278 0.023
14 0.200 0.639 0.324 0.024
14 0.784 0.626 0.309 0.050
14 0.292 0.405 0.202 0.060
14 0.325 0.111 0.158 0.083
8 0.388 0.755 0.071 0.028
