0 0.018 0.965 0.024 0.067
0 0.582 0.949 0.032 0.100
0 0.681 0.911 0.020 0.035
0 0.793 0.938 0.028 0.092
0 0.911 0.945 0.050 0.096
1 0.580 0.907 0.009 0.010
1 0.681 0.899 0.011 0.010
1 0.791 0.902 0.011 0.012
1 0.899 0.908 0.013 0.020
1 0.018 0.944 0.009 0.011
2 0.582 0.942 0.017 0.042
2 0.018 0.968 0.010 0.030
2 0.790 0.937 0.016 0.042
2 0.914 0.931 0.019 0.030
8 0.728 0.963 0.033 0.059
10 0.753 0.917 0.023 0.036
11 0.764 0.989 0.069 0.021
12 0.535 0.258 0.038 0.064
13 0.943 0.892 0.114 0.047
14 0.440 0.666 0.022 0.031
14 0.650 0.450 0.076 0.103
14 0.435 0.422 0.021 0.052
14 0.614 0.806 0.141 0.033
14 0.504 0.819 0.078 0.061
14 0.897 0.769 0.206 0.049
14 0.126 0.909 0.154 0.035
