0 0.373 0.685 0.098 0.408
0 0.467 0.549 0.061 0.106
0 0.079 0.621 0.031 0.130
0 0.129 0.617 0.029 0.140
0 0.142 0.613 0.022 0.144
0 0.162 0.606 0.020 0.152
0 0.061 0.617 0.012 0.128
1 0.352 0.518 0.037 0.051
1 0.464 0.522 0.027 0.031
1 0.059 0.568 0.008 0.013
1 0.077 0.570 0.016 0.015
1 0.127 0.559 0.013 0.022
1 0.138 0.553 0.008 0.013
1 0.160 0.544 0.010 0.015
2 0.362 0.619 0.056 0.128
2 0.464 0.571 0.036 0.034
2 0.131 0.598 0.023 0.048
2 0.074 0.613 0.025 0.051
3 0.818 0.678 0.251 0.196
3 0.496 0.729 0.390 0.209
8 0.245 0.621 0.052 0.053
11 0.545 0.548 0.047 0.040
12 0.481 0.369 0.111 0.193
14 0.324 0.031 0.048 0.059
14 0.118 0.215 0.217 0.201
