3 0.656 0.615 0.231 0.176
4 0.348 0.639 0.388 0.236
8 0.854 0.694 0.178 0.101
11 0.379 0.477 0.053 0.029
11 0.814 0.438 0.049 0.030
8 0.060 0.526 0.055 0.071
6 0.920 0.400 0.115 0.035
12 0.340 0.319 0.122 0.196
0 0.094 0.467 0.024 0.097
0 0.126 0.613 0.052 0.342
0 0.634 0.417 0.007 0.034
0 0.985 0.457 0.030 0.184
0 0.195 0.465 0.026 0.084
0 0.292 0.468 0.060 0.077
0 0.123 0.472 0.032 0.050
0 0.096 0.437 0.011 0.017
0 0.197 0.438 0.009 0.013
0 0.284 0.462 0.021 0.042
0 0.309 0.444 0.021 0.033
0 0.984 0.382 0.019 0.025
2 0.985 0.443 0.018 0.079
2 0.634 0.414 0.006 0.015
2 0.290 0.491 0.035 0.030
2 0.197 0.458 0.013 0.031
2 0.095 0.463 0.014 0.032
2 0.127 0.567 0.046 0.124
14 0.852 0.094 0.025 0.037
14 0.829 0.158 0.012 0.029
14 0.948 0.218 0.021 0.035
14 0.356 0.181 0.018 0.041
14 0.410 0.285 0.023 0.028
0 0.392 0.424 0.011 0.030
