8 0.811 0.656 0.176 0.096
3 0.603 0.593 0.208 0.182
4 0.340 0.648 0.313 0.294
12 0.244 0.257 0.098 0.256
6 0.633 0.387 0.042 0.036
11 0.532 0.420 0.038 0.040
11 0.075 0.470 0.066 0.040
0 0.672 0.431 0.040 0.146
0 0.889 0.368 0.028 0.106
0 0.148 0.649 0.089 0.484
0 0.069 0.415 0.016 0.029
1 0.149 0.436 0.055 0.065
1 0.667 0.369 0.024 0.024
1 0.891 0.329 0.013 0.013
0 0.982 0.350 0.017 0.084
1 0.983 0.318 0.010 0.011
2 0.982 0.338 0.010 0.029
2 0.891 0.362 0.018 0.040
2 0.681 0.429 0.017 0.086
2 0.142 0.564 0.062 0.162
14 0.523 0.105 0.023 0.040
14 0.066 0.264 0.024 0.034
