12 0.500 0.344 0.093 0.237
4 0.533 0.717 0.414 0.262
3 0.858 0.697 0.254 0.231
11 0.870 0.496 0.057 0.029
8 0.118 0.576 0.058 0.062
0 0.250 0.523 0.028 0.090
0 0.407 0.675 0.075 0.449
0 0.033 0.565 0.034 0.180
0 0.009 0.563 0.016 0.155
0 0.971 0.528 0.055 0.200
0 0.464 0.534 0.036 0.086
1 0.035 0.499 0.028 0.029
1 0.407 0.485 0.041 0.063
1 0.468 0.521 0.028 0.067
1 0.959 0.452 0.021 0.042
2 0.410 0.594 0.056 0.137
2 0.460 0.555 0.035 0.043
2 0.253 0.518 0.016 0.042
14 0.050 0.141 0.097 0.127
14 0.364 0.300 0.022 0.043
14 0.428 0.343 0.019 0.025
14 0.876 0.040 0.033 0.054
14 0.880 0.155 0.028 0.041
14 0.980 0.275 0.027 0.045
14 0.970 0.364 0.060 0.042
