12 0.663 0.511 0.110 0.231
4 0.680 0.887 0.451 0.197
3 0.951 0.892 0.097 0.207
8 0.310 0.699 0.054 0.073
8 0.503 0.677 0.040 0.048
8 0.424 0.676 0.021 0.038
0 0.440 0.655 0.017 0.083
0 0.414 0.658 0.016 0.085
0 0.543 0.802 0.082 0.396
0 0.608 0.688 0.054 0.107
0 0.233 0.669 0.024 0.156
0 0.209 0.664 0.027 0.142
0 0.177 0.672 0.024 0.150
0 0.145 0.662 0.022 0.144
1 0.537 0.635 0.032 0.056
1 0.607 0.657 0.030 0.037
1 0.440 0.623 0.009 0.015
1 0.416 0.623 0.008 0.012
1 0.236 0.605 0.015 0.023
1 0.207 0.608 0.015 0.022
1 0.180 0.613 0.015 0.022
1 0.147 0.606 0.012 0.022
2 0.178 0.657 0.018 0.056
2 0.441 0.646 0.014 0.031
2 0.542 0.756 0.056 0.150
2 0.605 0.712 0.038 0.055
14 0.262 0.279 0.085 0.113
14 0.100 0.148 0.198 0.191
14 0.397 0.088 0.073 0.160
14 0.556 0.450 0.027 0.039
14 0.124 0.645 0.024 0.082
