6 0.171 0.877 0.334 0.245
8 0.707 0.806 0.045 0.056
4 0.877 0.921 0.247 0.158
8 0.839 0.794 0.022 0.040
12 0.972 0.617 0.057 0.166
8 0.932 0.800 0.040 0.056
14 0.079 0.146 0.037 0.091
14 0.631 0.412 0.089 0.096
14 0.809 0.177 0.086 0.143
14 0.042 0.393 0.065 0.084
14 0.513 0.748 0.021 0.074
0 0.542 0.760 0.019 0.127
0 0.575 0.773 0.023 0.130
0 0.609 0.772 0.027 0.140
0 0.799 0.783 0.040 0.114
0 0.833 0.750 0.015 0.047
0 0.878 0.775 0.017 0.086
0 0.970 0.798 0.061 0.131
1 0.964 0.753 0.033 0.044
1 0.803 0.750 0.032 0.050
1 0.878 0.739 0.009 0.013
1 0.833 0.734 0.009 0.012
1 0.540 0.712 0.014 0.021
1 0.576 0.718 0.014 0.016
1 0.577 0.700 0.009 0.012
1 0.610 0.710 0.018 0.019
2 0.794 0.805 0.031 0.067
2 0.877 0.767 0.013 0.037
2 0.576 0.759 0.017 0.052
2 0.972 0.822 0.054 0.075
