11 0.637 0.779 0.030 0.030
12 0.575 0.610 0.101 0.219
8 0.340 0.800 0.055 0.056
8 0.463 0.777 0.025 0.044
14 0.257 0.419 0.095 0.098
14 0.436 0.206 0.077 0.144
14 0.693 0.587 0.020 0.030
14 0.130 0.764 0.023 0.076
4 0.564 0.911 0.395 0.169
3 0.883 0.930 0.234 0.131
0 0.233 0.781 0.022 0.137
0 0.187 0.775 0.027 0.153
0 0.158 0.778 0.021 0.134
0 0.422 0.767 0.034 0.122
0 0.499 0.775 0.040 0.096
0 0.560 0.769 0.052 0.119
0 0.663 0.773 0.040 0.109
0 0.990 0.787 0.020 0.150
1 0.155 0.724 0.016 0.021
1 0.188 0.714 0.014 0.020
1 0.191 0.726 0.010 0.012
1 0.201 0.713 0.011 0.018
1 0.232 0.722 0.012 0.012
1 0.424 0.724 0.026 0.030
1 0.499 0.747 0.022 0.032
1 0.561 0.723 0.027 0.032
1 0.658 0.738 0.021 0.031
1 0.994 0.728 0.011 0.023
2 0.663 0.794 0.027 0.054
2 0.560 0.783 0.042 0.064
2 0.501 0.798 0.034 0.031
2 0.420 0.787 0.028 0.060
2 0.539 0.748 0.009 0.023
2 0.191 0.771 0.022 0.052
