11 0.730 0.913 0.056 0.033
8 0.418 0.916 0.052 0.050
8 0.540 0.896 0.021 0.038
14 0.344 0.533 0.089 0.106
14 0.519 0.328 0.069 0.132
14 0.533 0.046 0.043 0.090
14 0.212 0.866 0.020 0.076
0 0.784 0.924 0.053 0.146
0 0.644 0.903 0.058 0.127
0 0.603 0.877 0.020 0.086
0 0.315 0.888 0.021 0.130
0 0.277 0.881 0.028 0.138
0 0.240 0.884 0.020 0.134
12 0.658 0.719 0.102 0.239
1 0.774 0.869 0.034 0.034
1 0.639 0.851 0.030 0.029
1 0.315 0.835 0.011 0.018
1 0.282 0.838 0.013 0.019
1 0.269 0.825 0.013 0.014
1 0.282 0.819 0.011 0.013
1 0.239 0.832 0.013 0.022
2 0.277 0.875 0.021 0.053
2 0.605 0.878 0.013 0.039
2 0.643 0.922 0.042 0.065
2 0.787 0.944 0.044 0.085
14 0.724 0.603 0.026 0.040
14 0.776 0.706 0.023 0.024
