4 0.520 0.887 0.388 0.212
3 0.864 0.895 0.273 0.204
12 0.537 0.550 0.089 0.208
8 0.298 0.762 0.048 0.066
8 0.425 0.730 0.018 0.031
8 0.505 0.728 0.022 0.051
14 0.205 0.383 0.099 0.108
14 0.391 0.161 0.080 0.137
14 0.650 0.528 0.017 0.030
14 0.086 0.731 0.021 0.065
0 0.135 0.741 0.023 0.143
0 0.167 0.739 0.023 0.139
0 0.421 0.691 0.013 0.045
0 0.443 0.713 0.027 0.112
0 0.476 0.715 0.042 0.111
0 0.546 0.704 0.062 0.132
0 0.596 0.711 0.035 0.112
0 0.701 0.736 0.040 0.170
0 0.932 0.672 0.009 0.054
1 0.692 0.662 0.017 0.018
1 0.590 0.675 0.018 0.034
1 0.554 0.656 0.019 0.033
1 0.470 0.677 0.027 0.037
1 0.443 0.672 0.021 0.027
1 0.134 0.696 0.012 0.017
1 0.132 0.681 0.010 0.017
1 0.168 0.684 0.010 0.017
2 0.134 0.734 0.018 0.047
2 0.451 0.739 0.024 0.055
2 0.482 0.740 0.016 0.058
2 0.547 0.727 0.046 0.080
2 0.597 0.734 0.033 0.065
2 0.702 0.723 0.020 0.072
