14 0.452 0.289 0.099 0.104
14 0.336 0.605 0.024 0.070
14 0.705 0.065 0.092 0.129
14 0.912 0.415 0.025 0.044
14 0.947 0.354 0.024 0.048
11 0.921 0.675 0.066 0.051
12 0.660 0.492 0.123 0.231
8 0.565 0.653 0.042 0.041
8 0.713 0.655 0.018 0.039
4 0.653 0.811 0.396 0.274
3 0.936 0.858 0.128 0.231
0 0.298 0.627 0.022 0.121
0 0.380 0.615 0.024 0.115
0 0.405 0.617 0.022 0.106
0 0.427 0.613 0.026 0.114
0 0.448 0.618 0.024 0.113
0 0.618 0.634 0.053 0.090
0 0.678 0.627 0.060 0.121
0 0.770 0.645 0.054 0.128
1 0.300 0.575 0.014 0.018
1 0.378 0.570 0.010 0.012
1 0.405 0.574 0.008 0.009
1 0.421 0.567 0.007 0.011
1 0.433 0.573 0.009 0.013
1 0.452 0.573 0.011 0.012
1 0.605 0.615 0.026 0.046
1 0.674 0.576 0.021 0.018
1 0.713 0.600 0.016 0.016
1 0.755 0.595 0.017 0.020
1 0.773 0.601 0.018 0.031
2 0.779 0.672 0.029 0.079
2 0.682 0.651 0.046 0.074
2 0.620 0.652 0.041 0.049
2 0.407 0.601 0.012 0.039
2 0.428 0.606 0.014 0.037
2 0.442 0.597 0.009 0.035
