0 0.213 0.558 0.030 0.172
0 0.305 0.565 0.018 0.100
0 0.332 0.564 0.019 0.090
0 0.353 0.554 0.018 0.070
0 0.367 0.538 0.009 0.056
0 0.378 0.698 0.102 0.374
0 0.501 0.588 0.056 0.078
0 0.632 0.595 0.053 0.210
0 0.661 0.614 0.039 0.215
0 0.684 0.544 0.014 0.062
3 0.859 0.800 0.281 0.289
4 0.523 0.764 0.381 0.303
1 0.206 0.483 0.015 0.016
1 0.304 0.525 0.010 0.013
1 0.332 0.525 0.007 0.010
1 0.333 0.524 0.010 0.015
1 0.353 0.527 0.010 0.015
1 0.367 0.519 0.010 0.008
1 0.382 0.532 0.033 0.039
1 0.484 0.569 0.020 0.031
1 0.622 0.507 0.032 0.032
1 0.651 0.524 0.024 0.029
1 0.681 0.521 0.013 0.017
2 0.363 0.640 0.071 0.158
2 0.641 0.597 0.073 0.111
12 0.501 0.455 0.132 0.160
11 0.885 0.581 0.062 0.041
14 0.230 0.181 0.457 0.284
