0 0.222 0.766 0.086 0.363
0 0.407 0.647 0.062 0.093
0 0.507 0.671 0.047 0.231
0 0.587 0.715 0.057 0.295
0 0.769 0.612 0.013 0.072
0 0.753 0.595 0.016 0.047
0 0.285 0.597 0.015 0.072
0 0.311 0.593 0.009 0.062
0 0.326 0.597 0.010 0.070
1 0.508 0.565 0.022 0.028
1 0.577 0.583 0.027 0.026
1 0.770 0.580 0.007 0.012
1 0.756 0.578 0.008 0.009
1 0.284 0.565 0.007 0.008
1 0.313 0.568 0.005 0.009
1 0.324 0.567 0.005 0.009
1 0.251 0.616 0.031 0.031
2 0.214 0.692 0.062 0.144
2 0.507 0.652 0.042 0.121
2 0.589 0.666 0.039 0.113
2 0.419 0.664 0.036 0.047
2 0.313 0.585 0.006 0.022
2 0.325 0.589 0.008 0.030
2 0.751 0.594 0.010 0.028
3 0.743 0.871 0.303 0.258
4 0.417 0.810 0.328 0.381
8 0.818 0.631 0.057 0.067
11 0.970 0.645 0.061 0.039
12 0.384 0.496 0.132 0.131
14 0.756 0.039 0.070 0.076
