0 0.236 0.757 0.072 0.393
0 0.429 0.661 0.062 0.087
0 0.523 0.677 0.062 0.242
0 0.610 0.725 0.067 0.299
0 0.775 0.608 0.018 0.055
0 0.796 0.623 0.019 0.081
0 0.300 0.609 0.014 0.079
0 0.326 0.603 0.008 0.068
0 0.334 0.600 0.006 0.056
0 0.310 0.606 0.005 0.076
1 0.258 0.600 0.034 0.046
1 0.299 0.575 0.007 0.010
1 0.312 0.576 0.005 0.007
1 0.328 0.577 0.007 0.009
1 0.333 0.578 0.006 0.010
1 0.522 0.573 0.024 0.030
1 0.596 0.592 0.026 0.031
1 0.778 0.588 0.008 0.012
1 0.795 0.590 0.007 0.013
2 0.235 0.700 0.058 0.161
2 0.440 0.673 0.037 0.049
2 0.521 0.661 0.051 0.126
2 0.612 0.684 0.035 0.110
2 0.328 0.602 0.006 0.038
2 0.774 0.605 0.011 0.027
3 0.775 0.877 0.317 0.245
4 0.431 0.816 0.330 0.368
8 0.840 0.647 0.045 0.071
11 0.981 0.656 0.038 0.048
12 0.408 0.513 0.135 0.140
14 0.776 0.039 0.082 0.076
