0 0.411 0.563 0.032 0.117
0 0.528 0.581 0.042 0.172
0 0.584 0.624 0.061 0.262
0 0.629 0.661 0.049 0.279
0 0.738 0.555 0.023 0.092
0 0.788 0.537 0.015 0.049
0 0.815 0.574 0.019 0.031
1 0.416 0.520 0.019 0.033
1 0.527 0.516 0.022 0.033
1 0.585 0.509 0.024 0.036
1 0.615 0.536 0.018 0.028
1 0.737 0.516 0.009 0.012
1 0.792 0.519 0.007 0.013
1 0.814 0.565 0.007 0.013
2 0.413 0.585 0.027 0.067
2 0.531 0.605 0.035 0.118
2 0.584 0.602 0.048 0.120
2 0.635 0.610 0.035 0.128
2 0.788 0.536 0.011 0.029
3 0.801 0.819 0.319 0.299
4 0.432 0.780 0.394 0.312
8 0.858 0.579 0.048 0.072
11 0.989 0.579 0.022 0.046
12 0.434 0.451 0.139 0.147
