0 0.201 0.715 0.080 0.334
0 0.457 0.660 0.085 0.095
0 0.524 0.656 0.048 0.230
0 0.596 0.711 0.053 0.308
0 0.292 0.596 0.010 0.070
0 0.752 0.606 0.017 0.093
0 0.771 0.589 0.019 0.060
0 0.792 0.621 0.020 0.048
1 0.230 0.575 0.031 0.047
1 0.292 0.568 0.007 0.010
1 0.431 0.630 0.026 0.033
1 0.524 0.556 0.023 0.032
1 0.590 0.571 0.027 0.030
1 0.791 0.611 0.006 0.013
1 0.752 0.569 0.009 0.013
1 0.767 0.569 0.008 0.009
2 0.203 0.662 0.045 0.114
2 0.461 0.662 0.028 0.045
2 0.521 0.645 0.040 0.112
2 0.599 0.647 0.038 0.098
2 0.292 0.588 0.010 0.029
2 0.766 0.588 0.009 0.027
3 0.762 0.861 0.308 0.279
4 0.406 0.810 0.381 0.335
8 0.833 0.632 0.046 0.062
11 0.978 0.635 0.044 0.041
12 0.401 0.500 0.138 0.131
14 0.767 0.035 0.087 0.068
