0 0.564 0.511 0.055 0.116
0 0.645 0.531 0.039 0.154
0 0.693 0.609 0.083 0.173
0 0.746 0.612 0.048 0.293
0 0.834 0.511 0.023 0.098
0 0.911 0.488 0.015 0.053
0 0.938 0.530 0.021 0.033
1 0.570 0.470 0.023 0.031
1 0.642 0.469 0.023 0.034
1 0.666 0.540 0.031 0.035
1 0.733 0.488 0.025 0.038
1 0.836 0.468 0.006 0.010
1 0.914 0.472 0.007 0.014
1 0.939 0.523 0.008 0.018
2 0.565 0.531 0.037 0.072
2 0.644 0.550 0.031 0.096
2 0.691 0.605 0.057 0.098
2 0.752 0.558 0.039 0.085
2 0.910 0.490 0.011 0.031
3 0.884 0.781 0.232 0.302
4 0.555 0.714 0.383 0.297
8 0.978 0.542 0.045 0.049
12 0.549 0.399 0.137 0.138
