0 0.741 0.672 0.021 0.106
0 0.885 0.634 0.014 0.052
0 0.912 0.665 0.015 0.046
0 0.531 0.683 0.054 0.120
0 0.610 0.694 0.062 0.162
0 0.674 0.795 0.097 0.177
0 0.707 0.770 0.050 0.299
1 0.530 0.641 0.021 0.033
1 0.614 0.637 0.027 0.042
1 0.642 0.732 0.030 0.049
1 0.699 0.632 0.023 0.029
1 0.740 0.626 0.011 0.013
1 0.887 0.615 0.008 0.012
1 0.911 0.647 0.006 0.011
2 0.530 0.704 0.039 0.069
2 0.611 0.712 0.032 0.090
2 0.689 0.770 0.069 0.102
2 0.885 0.635 0.010 0.028
3 0.867 0.883 0.267 0.229
4 0.527 0.875 0.375 0.249
8 0.963 0.675 0.056 0.079
12 0.513 0.569 0.127 0.143
14 0.852 0.050 0.111 0.097
