0 0.517 0.661 0.054 0.117
0 0.588 0.660 0.057 0.131
0 0.622 0.732 0.067 0.165
0 0.694 0.750 0.062 0.298
0 0.719 0.656 0.024 0.104
0 0.879 0.629 0.020 0.062
0 0.897 0.658 0.019 0.037
1 0.519 0.616 0.021 0.017
1 0.600 0.611 0.027 0.029
1 0.620 0.669 0.028 0.042
1 0.686 0.617 0.027 0.031
1 0.878 0.603 0.007 0.010
1 0.896 0.646 0.007 0.010
1 0.719 0.610 0.009 0.011
2 0.518 0.676 0.039 0.065
2 0.624 0.732 0.049 0.094
2 0.596 0.678 0.029 0.056
2 0.876 0.623 0.012 0.031
3 0.862 0.869 0.277 0.255
4 0.511 0.863 0.369 0.275
11 0.949 0.662 0.055 0.068
12 0.494 0.550 0.124 0.111
14 0.846 0.047 0.114 0.092
