0 0.627 0.703 0.059 0.184
0 0.693 0.686 0.072 0.129
0 0.687 0.831 0.097 0.256
0 0.788 0.662 0.022 0.095
0 0.871 0.631 0.018 0.045
0 0.893 0.651 0.016 0.080
1 0.635 0.632 0.029 0.039
1 0.682 0.633 0.025 0.032
1 0.642 0.731 0.015 0.047
1 0.784 0.620 0.009 0.012
1 0.869 0.613 0.007 0.009
1 0.889 0.617 0.007 0.009
2 0.694 0.767 0.070 0.106
2 0.631 0.725 0.040 0.125
2 0.869 0.634 0.010 0.028
2 0.892 0.637 0.013 0.031
3 0.855 0.886 0.287 0.221
4 0.511 0.876 0.368 0.247
8 0.946 0.669 0.056 0.081
12 0.498 0.564 0.134 0.144
14 0.834 0.049 0.111 0.096
