0 0.624 0.711 0.069 0.192
0 0.685 0.818 0.099 0.207
0 0.700 0.709 0.062 0.151
0 0.714 0.674 0.029 0.119
0 0.809 0.669 0.032 0.101
0 0.876 0.639 0.015 0.053
0 0.898 0.654 0.016 0.084
1 0.630 0.637 0.027 0.048
1 0.697 0.654 0.023 0.044
1 0.709 0.635 0.018 0.032
1 0.651 0.740 0.020 0.048
1 0.805 0.625 0.009 0.012
1 0.875 0.619 0.007 0.007
1 0.896 0.619 0.006 0.009
2 0.626 0.732 0.042 0.121
2 0.697 0.717 0.045 0.075
2 0.701 0.790 0.056 0.101
2 0.874 0.641 0.010 0.034
2 0.898 0.642 0.012 0.030
3 0.860 0.891 0.281 0.212
4 0.517 0.878 0.366 0.244
8 0.949 0.680 0.050 0.077
12 0.506 0.573 0.127 0.131
14 0.840 0.054 0.112 0.106
