0 0.582 0.693 0.056 0.216
0 0.673 0.757 0.060 0.381
0 0.754 0.669 0.068 0.202
0 0.777 0.631 0.018 0.080
0 0.805 0.635 0.011 0.083
0 0.818 0.613 0.014 0.050
0 0.959 0.675 0.065 0.207
1 0.573 0.603 0.028 0.031
1 0.669 0.591 0.031 0.038
1 0.744 0.588 0.033 0.036
1 0.967 0.594 0.035 0.043
1 0.777 0.596 0.007 0.009
1 0.807 0.599 0.005 0.008
1 0.819 0.596 0.006 0.009
2 0.579 0.705 0.042 0.125
2 0.678 0.692 0.048 0.138
2 0.759 0.706 0.051 0.138
2 0.777 0.623 0.015 0.038
2 0.818 0.618 0.013 0.034
3 0.839 0.878 0.321 0.240
4 0.473 0.857 0.366 0.285
8 0.891 0.648 0.062 0.081
12 0.452 0.500 0.133 0.142
14 0.793 0.049 0.095 0.093
