0 0.624 0.672 0.056 0.174
0 0.684 0.751 0.052 0.350
0 0.743 0.676 0.061 0.206
0 0.815 0.639 0.017 0.091
0 0.860 0.621 0.014 0.051
0 0.879 0.637 0.017 0.075
1 0.620 0.606 0.027 0.033
1 0.677 0.594 0.028 0.035
1 0.730 0.596 0.035 0.032
1 0.814 0.603 0.008 0.010
1 0.858 0.600 0.006 0.007
1 0.877 0.603 0.008 0.008
2 0.622 0.701 0.042 0.118
2 0.688 0.705 0.048 0.141
2 0.743 0.712 0.053 0.134
2 0.815 0.631 0.015 0.035
2 0.860 0.625 0.012 0.033
3 0.864 0.883 0.273 0.229
4 0.514 0.835 0.379 0.330
8 0.930 0.659 0.056 0.069
12 0.419 0.315 0.129 0.186
14 0.826 0.048 0.109 0.094
