0 0.609 0.699 0.056 0.197
0 0.670 0.763 0.054 0.346
0 0.725 0.689 0.065 0.194
0 0.800 0.653 0.017 0.089
0 0.843 0.630 0.014 0.048
0 0.861 0.651 0.014 0.079
1 0.612 0.618 0.024 0.034
1 0.666 0.606 0.031 0.031
1 0.711 0.613 0.032 0.039
1 0.801 0.614 0.007 0.010
1 0.840 0.612 0.007 0.010
1 0.864 0.617 0.007 0.010
2 0.610 0.709 0.043 0.122
2 0.670 0.716 0.047 0.142
2 0.728 0.724 0.053 0.142
2 0.801 0.643 0.013 0.035
2 0.844 0.634 0.010 0.030
3 0.854 0.893 0.287 0.215
4 0.500 0.858 0.390 0.283
12 0.433 0.364 0.123 0.165
14 0.815 0.054 0.109 0.106
