0 0.628 0.546 0.051 0.088
0 0.701 0.669 0.072 0.363
0 0.755 0.665 0.082 0.370
0 0.815 0.546 0.022 0.098
0 0.861 0.542 0.016 0.087
0 0.882 0.540 0.019 0.092
1 0.622 0.531 0.031 0.052
1 0.691 0.518 0.041 0.048
1 0.736 0.518 0.037 0.054
1 0.814 0.512 0.013 0.017
1 0.863 0.509 0.011 0.015
1 0.879 0.507 0.009 0.013
2 0.633 0.574 0.034 0.029
2 0.696 0.609 0.052 0.125
2 0.759 0.616 0.058 0.131
2 0.815 0.538 0.014 0.037
2 0.860 0.527 0.014 0.037
12 0.545 0.097 0.164 0.192
3 0.862 0.808 0.276 0.318
4 0.579 0.689 0.315 0.381
8 0.934 0.561 0.057 0.083
10 0.602 0.550 0.020 0.047
6 0.172 0.772 0.163 0.099
8 0.854 0.566 0.027 0.042
13 0.191 0.577 0.381 0.219
14 0.288 0.225 0.576 0.240
14 0.364 0.595 0.028 0.078
14 0.143 0.559 0.283 0.227
