0 0.577 0.920 0.026 0.091
0 0.602 0.942 0.041 0.117
0 0.640 0.931 0.063 0.138
0 0.698 0.911 0.028 0.099
0 0.739 0.906 0.015 0.093
0 0.758 0.909 0.023 0.083
1 0.576 0.894 0.018 0.057
1 0.597 0.904 0.029 0.064
1 0.639 0.892 0.034 0.063
1 0.696 0.876 0.012 0.016
1 0.738 0.871 0.013 0.012
1 0.753 0.875 0.013 0.021
2 0.596 0.958 0.039 0.059
2 0.648 0.961 0.043 0.053
2 0.696 0.905 0.016 0.043
2 0.739 0.895 0.015 0.033
12 0.417 0.174 0.163 0.279
4 0.445 0.742 0.206 0.278
8 0.809 0.934 0.061 0.079
10 0.491 0.908 0.028 0.056
11 0.949 0.930 0.080 0.070
8 0.735 0.930 0.031 0.035
13 0.122 0.912 0.244 0.169
13 0.967 0.854 0.066 0.071
8 0.546 0.965 0.045 0.070
14 0.231 0.562 0.459 0.221
14 0.230 0.949 0.036 0.081
14 0.701 0.331 0.111 0.129
14 0.974 0.653 0.042 0.069
14 0.697 0.047 0.085 0.093
14 0.106 0.894 0.050 0.066
14 0.984 0.860 0.017 0.019
14 0.947 0.845 0.011 0.028
