0 0.163 0.649 0.135 0.115
0 0.269 0.569 0.088 0.087
0 0.359 0.544 0.068 0.045
1 0.183 0.609 0.060 0.023
1 0.272 0.531 0.041 0.016
1 0.357 0.538 0.042 0.017
2 0.148 0.652 0.105 0.065
2 0.262 0.569 0.069 0.054
2 0.343 0.555 0.031 0.019
12 0.271 0.255 0.246 0.174
11 0.787 0.751 0.427 0.159
10 0.257 0.648 0.066 0.037
8 0.566 0.620 0.169 0.087
14 0.912 0.519 0.175 0.022
14 0.361 0.322 0.045 0.030
14 0.489 0.332 0.104 0.033
14 0.494 0.435 0.122 0.028
14 0.481 0.043 0.108 0.052
14 0.485 0.250 0.108 0.046
