0 0.250 0.562 0.095 0.449
0 0.295 0.397 0.024 0.097
0 0.353 0.558 0.096 0.456
0 0.407 0.387 0.024 0.085
0 0.497 0.402 0.024 0.106
1 0.242 0.377 0.057 0.081
1 0.354 0.375 0.054 0.069
1 0.292 0.358 0.012 0.023
1 0.496 0.363 0.014 0.028
1 0.406 0.355 0.010 0.013
2 0.241 0.512 0.069 0.177
2 0.356 0.534 0.091 0.214
2 0.292 0.386 0.018 0.040
2 0.406 0.376 0.011 0.030
2 0.492 0.388 0.014 0.038
12 0.485 0.175 0.153 0.344
3 0.786 0.522 0.213 0.218
3 0.946 0.498 0.108 0.227
4 0.493 0.738 0.533 0.523
4 0.938 0.572 0.123 0.169
4 0.687 0.405 0.074 0.061
6 0.040 0.387 0.080 0.062
6 0.551 0.397 0.071 0.060
6 0.667 0.400 0.144 0.077
6 0.926 0.693 0.081 0.098
13 0.610 0.350 0.160 0.053
14 0.148 0.267 0.295 0.056
14 0.444 0.248 0.316 0.079
14 0.738 0.228 0.278 0.093
14 0.874 0.220 0.046 0.064
14 0.382 0.313 0.104 0.043
14 0.746 0.343 0.116 0.082
14 0.574 0.081 0.040 0.057
