0 0.539 0.719 0.084 0.440
0 0.663 0.715 0.109 0.344
0 0.447 0.526 0.031 0.150
1 0.542 0.546 0.044 0.059
1 0.633 0.578 0.031 0.046
1 0.984 0.536 0.023 0.033
0 0.984 0.599 0.032 0.156
2 0.537 0.658 0.061 0.165
2 0.663 0.643 0.059 0.124
2 0.443 0.502 0.025 0.056
12 0.428 0.278 0.129 0.292
3 0.236 0.885 0.469 0.230
4 0.335 0.781 0.402 0.317
6 0.619 0.726 0.067 0.069
6 0.212 0.685 0.423 0.231
13 0.611 0.562 0.719 0.213
14 0.593 0.187 0.814 0.353
14 0.493 0.374 0.214 0.129
14 0.917 0.505 0.066 0.058
14 0.932 0.575 0.044 0.094
14 0.311 0.499 0.110 0.128
14 0.726 0.495 0.196 0.157
