0 0.083 0.351 0.110 0.237
0 0.190 0.381 0.106 0.212
0 0.677 0.807 0.179 0.293
0 0.799 0.475 0.019 0.094
0 0.822 0.490 0.024 0.093
0 0.949 0.532 0.030 0.119
1 0.108 0.280 0.058 0.091
1 0.175 0.316 0.048 0.069
1 0.804 0.449 0.009 0.019
1 0.824 0.457 0.007 0.018
1 0.956 0.497 0.010 0.027
2 0.093 0.386 0.076 0.161
2 0.176 0.416 0.074 0.128
2 0.695 0.757 0.119 0.178
2 0.801 0.469 0.011 0.033
2 0.821 0.478 0.011 0.034
2 0.951 0.523 0.013 0.043
12 0.164 0.157 0.181 0.309
3 0.670 0.719 0.264 0.300
4 0.302 0.701 0.604 0.597
6 0.492 0.385 0.172 0.086
11 0.386 0.392 0.048 0.058
14 0.714 0.338 0.571 0.137
14 0.547 0.053 0.026 0.051
14 0.471 0.213 0.025 0.056
14 0.395 0.054 0.030 0.036
14 0.367 0.106 0.016 0.030
14 0.364 0.057 0.011 0.028
14 0.894 0.430 0.122 0.071
14 0.210 0.265 0.033 0.060
