0 0.044 0.718 0.076 0.292
0 0.274 0.641 0.062 0.115
0 0.257 0.720 0.071 0.124
0 0.395 0.726 0.107 0.315
0 0.653 0.645 0.113 0.363
1 0.037 0.606 0.028 0.046
1 0.287 0.628 0.024 0.040
1 0.255 0.676 0.026 0.031
1 0.379 0.605 0.036 0.058
1 0.655 0.515 0.037 0.061
2 0.261 0.638 0.035 0.049
2 0.246 0.720 0.030 0.069
2 0.389 0.684 0.058 0.122
2 0.667 0.606 0.049 0.130
12 0.472 0.437 0.139 0.240
5 0.457 0.762 0.174 0.079
8 0.097 0.746 0.075 0.124
11 0.510 0.781 0.200 0.154
13 0.945 0.466 0.109 0.148
14 0.958 0.444 0.029 0.078
