0 0.459 0.810 0.057 0.262
0 0.495 0.810 0.056 0.308
0 0.564 0.833 0.090 0.333
0 0.687 0.639 0.024 0.076
0 0.739 0.660 0.029 0.102
0 0.844 0.738 0.036 0.139
1 0.454 0.712 0.025 0.040
1 0.489 0.697 0.027 0.042
1 0.548 0.699 0.036 0.055
1 0.687 0.623 0.013 0.029
1 0.843 0.689 0.018 0.024
2 0.461 0.787 0.041 0.092
2 0.498 0.779 0.040 0.125
2 0.567 0.831 0.070 0.182
2 0.689 0.652 0.022 0.051
2 0.737 0.656 0.022 0.074
2 0.844 0.726 0.024 0.063
8 0.261 0.898 0.192 0.205
11 0.748 0.870 0.193 0.121
13 0.802 0.692 0.142 0.128
14 0.805 0.418 0.046 0.057
14 0.858 0.351 0.038 0.059
14 0.952 0.502 0.037 0.041
14 0.808 0.696 0.023 0.033
