0 0.175 0.689 0.092 0.194
0 0.490 0.741 0.060 0.256
0 0.543 0.749 0.067 0.316
0 0.957 0.747 0.086 0.504
1 0.156 0.622 0.030 0.038
1 0.479 0.645 0.028 0.042
1 0.538 0.621 0.034 0.039
1 0.975 0.569 0.049 0.092
2 0.494 0.710 0.044 0.096
2 0.536 0.702 0.047 0.113
2 0.964 0.787 0.072 0.271
12 0.335 0.438 0.102 0.227
3 0.013 0.729 0.024 0.090
3 0.503 0.779 0.166 0.146
3 0.358 0.803 0.118 0.206
7 0.593 0.682 0.073 0.059
7 0.285 0.696 0.050 0.048
7 0.376 0.694 0.132 0.056
6 0.830 0.696 0.315 0.130
14 0.796 0.214 0.055 0.079
14 0.946 0.369 0.108 0.147
14 0.741 0.362 0.016 0.049
14 0.871 0.615 0.044 0.061
14 0.291 0.609 0.232 0.056
