0 0.708 0.750 0.128 0.388
0 0.728 0.661 0.077 0.325
0 0.868 0.547 0.041 0.107
1 0.679 0.587 0.035 0.050
1 0.715 0.540 0.035 0.054
1 0.867 0.511 0.018 0.026
2 0.710 0.672 0.072 0.143
2 0.721 0.620 0.062 0.134
3 0.948 0.576 0.049 0.065
3 0.581 0.622 0.036 0.039
5 0.542 0.789 0.199 0.105
11 0.537 0.827 0.247 0.185
6 0.784 0.552 0.039 0.044
13 0.431 0.593 0.110 0.141
14 0.374 0.310 0.048 0.070
14 0.411 0.254 0.037 0.065
14 0.858 0.493 0.121 0.084
14 0.776 0.474 0.044 0.036
14 0.932 0.507 0.047 0.061
14 0.787 0.529 0.056 0.060
