0 0.421 0.849 0.077 0.287
0 0.500 0.847 0.055 0.298
0 0.568 0.847 0.087 0.306
0 0.621 0.701 0.028 0.093
0 0.700 0.666 0.028 0.085
0 0.750 0.678 0.032 0.109
0 0.852 0.759 0.052 0.146
1 0.409 0.731 0.035 0.050
1 0.500 0.718 0.030 0.047
1 0.552 0.725 0.035 0.058
1 0.702 0.637 0.018 0.029
1 0.847 0.705 0.018 0.030
2 0.414 0.826 0.041 0.116
2 0.501 0.799 0.042 0.124
2 0.571 0.859 0.076 0.185
2 0.619 0.705 0.022 0.055
2 0.700 0.670 0.021 0.043
2 0.746 0.671 0.020 0.061
2 0.846 0.741 0.028 0.051
8 0.263 0.912 0.180 0.177
11 0.763 0.899 0.182 0.125
13 0.808 0.705 0.143 0.123
14 0.814 0.427 0.053 0.079
14 0.866 0.363 0.039 0.069
14 0.965 0.525 0.040 0.055
14 0.856 0.039 0.025 0.056
