0 0.321 0.799 0.066 0.302
0 0.421 0.777 0.059 0.309
0 0.680 0.659 0.028 0.115
0 0.698 0.653 0.022 0.124
0 0.713 0.638 0.028 0.104
0 0.498 0.667 0.026 0.085
1 0.317 0.674 0.024 0.038
1 0.420 0.654 0.031 0.041
1 0.676 0.616 0.010 0.016
1 0.696 0.609 0.010 0.019
1 0.706 0.607 0.011 0.023
2 0.325 0.750 0.043 0.103
2 0.419 0.737 0.055 0.129
2 0.679 0.646 0.018 0.041
2 0.700 0.638 0.017 0.044
2 0.711 0.636 0.018 0.041
12 0.126 0.234 0.072 0.197
3 0.446 0.699 0.039 0.058
5 0.232 0.850 0.237 0.069
8 0.911 0.828 0.177 0.259
8 0.054 0.928 0.105 0.144
11 0.224 0.893 0.210 0.129
6 0.875 0.625 0.237 0.083
6 0.154 0.716 0.044 0.077
3 0.123 0.751 0.030 0.031
13 0.895 0.584 0.184 0.044
14 0.540 0.186 0.055 0.068
14 0.543 0.312 0.040 0.055
14 0.510 0.383 0.016 0.038
14 0.798 0.185 0.034 0.050
14 0.681 0.439 0.036 0.065
14 0.855 0.490 0.290 0.114
14 0.359 0.632 0.097 0.094
14 0.284 0.604 0.029 0.024
14 0.309 0.625 0.030 0.025
14 0.783 0.794 0.121 0.070
