0 0.360 0.678 0.123 0.117
0 0.357 0.762 0.146 0.109
0 0.656 0.698 0.102 0.149
1 0.353 0.639 0.043 0.018
1 0.374 0.718 0.050 0.020
1 0.665 0.647 0.051 0.023
2 0.351 0.678 0.070 0.054
2 0.335 0.762 0.108 0.064
2 0.649 0.686 0.071 0.058
12 0.467 0.384 0.221 0.152
4 0.181 0.661 0.087 0.031
4 0.065 0.661 0.033 0.028
8 0.774 0.726 0.206 0.093
11 0.840 0.876 0.320 0.150
10 0.423 0.758 0.022 0.036
6 0.114 0.664 0.074 0.034
13 0.035 0.637 0.069 0.031
14 0.158 0.572 0.314 0.072
14 0.786 0.157 0.140 0.046
14 0.683 0.427 0.059 0.037
14 0.817 0.431 0.110 0.036
14 0.799 0.347 0.119 0.040
14 0.821 0.538 0.138 0.031
14 0.156 0.629 0.188 0.037
