0 0.297 0.713 0.094 0.160
0 0.539 0.690 0.054 0.300
0 0.611 0.593 0.023 0.089
0 0.700 0.600 0.027 0.144
0 0.728 0.593 0.036 0.126
1 0.271 0.678 0.021 0.049
1 0.541 0.567 0.026 0.046
1 0.699 0.550 0.016 0.026
1 0.717 0.548 0.012 0.024
2 0.300 0.691 0.040 0.066
2 0.538 0.635 0.042 0.104
2 0.695 0.578 0.010 0.037
2 0.704 0.576 0.017 0.046
2 0.720 0.579 0.019 0.047
12 0.270 0.150 0.047 0.195
3 0.565 0.614 0.024 0.056
4 0.448 0.613 0.051 0.023
5 0.373 0.749 0.207 0.059
8 0.148 0.856 0.265 0.287
11 0.363 0.770 0.175 0.131
6 0.943 0.563 0.113 0.094
6 0.223 0.628 0.031 0.058
13 0.136 0.631 0.039 0.093
14 0.898 0.723 0.102 0.069
14 0.918 0.434 0.165 0.090
14 0.801 0.363 0.037 0.057
14 0.940 0.096 0.036 0.058
14 0.667 0.227 0.046 0.043
14 0.658 0.096 0.069 0.062
14 0.630 0.300 0.016 0.044
14 0.480 0.556 0.091 0.109
14 0.429 0.540 0.022 0.021
14 0.422 0.573 0.038 0.049
14 0.407 0.522 0.038 0.025
14 0.030 0.325 0.059 0.088
14 0.808 0.556 0.052 0.065
