0 0.373 0.948 0.073 0.104
0 0.525 0.927 0.060 0.146
0 0.759 0.940 0.030 0.119
0 0.792 0.941 0.026 0.118
1 0.358 0.930 0.026 0.046
1 0.533 0.884 0.024 0.040
1 0.759 0.897 0.017 0.028
1 0.782 0.901 0.009 0.022
1 0.790 0.899 0.017 0.033
2 0.383 0.962 0.048 0.077
2 0.528 0.951 0.048 0.098
2 0.765 0.937 0.025 0.049
2 0.792 0.931 0.023 0.052
12 0.337 0.478 0.077 0.181
3 0.810 0.959 0.051 0.071
3 0.864 0.958 0.066 0.071
13 0.392 0.887 0.114 0.156
14 0.391 0.614 0.043 0.089
14 0.439 0.565 0.037 0.069
14 0.500 0.722 0.034 0.045
14 0.842 0.882 0.120 0.128
14 0.449 0.267 0.039 0.080
