0 0.058 0.856 0.114 0.289
0 0.341 0.840 0.184 0.319
0 0.528 0.799 0.040 0.088
0 0.608 0.838 0.032 0.162
0 0.648 0.849 0.034 0.160
1 0.082 0.778 0.053 0.076
1 0.362 0.750 0.073 0.095
1 0.607 0.787 0.022 0.028
1 0.649 0.789 0.018 0.033
2 0.041 0.893 0.077 0.209
2 0.349 0.915 0.155 0.169
2 0.608 0.824 0.024 0.056
2 0.648 0.828 0.022 0.056
2 0.657 0.830 0.008 0.044
4 0.892 0.869 0.061 0.039
3 0.954 0.901 0.070 0.105
13 0.380 0.753 0.216 0.176
14 0.454 0.463 0.060 0.093
14 0.319 0.715 0.029 0.071
14 0.513 0.427 0.035 0.092
14 0.591 0.613 0.033 0.045
14 0.903 0.755 0.028 0.050
14 0.953 0.805 0.093 0.194
14 0.893 0.818 0.060 0.089
