0 0.039 0.549 0.061 0.264
0 0.341 0.544 0.051 0.113
0 0.362 0.459 0.051 0.130
0 0.446 0.560 0.086 0.239
0 0.638 0.512 0.076 0.338
1 0.029 0.456 0.030 0.020
1 0.367 0.427 0.016 0.032
1 0.346 0.516 0.019 0.028
1 0.468 0.466 0.027 0.055
1 0.636 0.397 0.033 0.051
2 0.037 0.520 0.038 0.077
2 0.359 0.469 0.030 0.064
2 0.333 0.550 0.031 0.053
2 0.434 0.520 0.058 0.101
2 0.646 0.475 0.048 0.109
12 0.417 0.322 0.125 0.204
5 0.457 0.592 0.126 0.045
8 0.194 0.568 0.115 0.097
11 0.507 0.602 0.147 0.144
13 0.976 0.353 0.047 0.141
