0 0.179 0.760 0.044 0.190
0 0.256 0.728 0.042 0.091
0 0.246 0.814 0.055 0.119
0 0.446 0.806 0.066 0.335
0 0.499 0.743 0.059 0.189
1 0.180 0.694 0.019 0.023
1 0.245 0.786 0.020 0.029
1 0.435 0.679 0.033 0.042
1 0.510 0.685 0.027 0.047
2 0.174 0.749 0.036 0.075
2 0.251 0.723 0.026 0.077
2 0.235 0.819 0.035 0.070
2 0.453 0.763 0.049 0.139
2 0.497 0.747 0.037 0.103
12 0.418 0.212 0.107 0.168
5 0.399 0.850 0.076 0.046
5 0.500 0.820 0.079 0.025
8 0.093 0.828 0.096 0.111
11 0.455 0.876 0.182 0.130
13 0.907 0.643 0.185 0.131
0 0.979 0.622 0.031 0.132
1 0.976 0.568 0.016 0.015
2 0.979 0.611 0.019 0.049
14 0.875 0.616 0.032 0.051
