0 0.188 0.698 0.046 0.221
0 0.263 0.755 0.056 0.127
0 0.280 0.666 0.051 0.120
0 0.443 0.742 0.088 0.301
0 0.505 0.674 0.061 0.203
0 0.797 0.746 0.225 0.508
1 0.194 0.628 0.022 0.026
1 0.263 0.710 0.016 0.024
1 0.451 0.626 0.034 0.042
1 0.516 0.615 0.022 0.043
1 0.768 0.581 0.142 0.148
0 0.951 0.557 0.033 0.127
1 0.945 0.502 0.016 0.019
2 0.189 0.683 0.028 0.078
2 0.250 0.755 0.034 0.065
2 0.270 0.656 0.022 0.064
2 0.460 0.705 0.045 0.130
2 0.502 0.677 0.042 0.115
2 0.818 0.869 0.188 0.263
2 0.948 0.539 0.024 0.053
12 0.424 0.107 0.102 0.185
5 0.397 0.787 0.082 0.044
5 0.503 0.757 0.086 0.024
8 0.112 0.758 0.098 0.113
11 0.477 0.804 0.165 0.128
13 0.918 0.581 0.163 0.130
14 0.890 0.557 0.037 0.061
