0 0.103 0.869 0.078 0.263
0 0.521 0.851 0.067 0.298
0 0.600 0.846 0.089 0.308
0 0.700 0.713 0.033 0.135
0 0.741 0.694 0.036 0.134
0 0.795 0.698 0.035 0.120
0 0.867 0.785 0.039 0.152
1 0.097 0.779 0.037 0.058
1 0.524 0.752 0.030 0.046
1 0.539 0.774 0.001 0.002
1 0.600 0.742 0.038 0.058
1 0.741 0.661 0.019 0.019
1 0.867 0.727 0.015 0.022
1 0.784 0.651 0.014 0.021
2 0.101 0.865 0.052 0.120
2 0.526 0.825 0.044 0.121
2 0.607 0.875 0.078 0.184
2 0.703 0.702 0.022 0.065
2 0.740 0.694 0.020 0.046
2 0.787 0.691 0.024 0.054
2 0.867 0.765 0.022 0.054
8 0.293 0.927 0.175 0.145
11 0.806 0.924 0.193 0.145
13 0.852 0.734 0.151 0.131
14 0.855 0.448 0.059 0.075
14 0.912 0.377 0.044 0.086
14 0.896 0.055 0.046 0.061
