0 0.369 0.684 0.098 0.192
0 0.730 0.685 0.084 0.139
0 0.073 0.623 0.052 0.060
1 0.392 0.620 0.046 0.024
1 0.729 0.632 0.049 0.019
1 0.068 0.605 0.023 0.011
2 0.368 0.664 0.067 0.066
2 0.406 0.651 0.039 0.037
2 0.729 0.672 0.079 0.055
2 0.067 0.620 0.027 0.017
12 0.668 0.385 0.169 0.136
4 0.258 0.632 0.088 0.031
4 0.143 0.629 0.035 0.029
8 0.838 0.717 0.203 0.074
11 0.869 0.865 0.263 0.156
10 0.498 0.734 0.029 0.044
6 0.192 0.632 0.069 0.033
6 0.025 0.623 0.045 0.041
13 0.098 0.608 0.124 0.037
14 0.198 0.547 0.394 0.059
14 0.766 0.408 0.052 0.034
14 0.899 0.420 0.112 0.046
14 0.910 0.342 0.124 0.047
14 0.899 0.138 0.112 0.059
14 0.900 0.525 0.126 0.039
14 0.066 0.754 0.131 0.044
