0 0.070 0.863 0.106 0.275
0 0.242 0.873 0.049 0.119
0 0.249 0.780 0.032 0.107
0 0.288 0.850 0.054 0.164
0 0.417 0.850 0.076 0.300
0 0.483 0.803 0.066 0.194
1 0.059 0.768 0.055 0.071
1 0.243 0.840 0.026 0.029
1 0.277 0.801 0.017 0.029
1 0.406 0.732 0.034 0.045
1 0.492 0.744 0.030 0.035
1 0.799 0.618 0.014 0.018
1 0.953 0.614 0.012 0.016
0 0.800 0.636 0.023 0.064
0 0.956 0.664 0.026 0.124
2 0.069 0.906 0.081 0.189
2 0.230 0.884 0.030 0.074
2 0.251 0.786 0.032 0.082
2 0.287 0.825 0.026 0.051
2 0.423 0.817 0.053 0.143
2 0.479 0.811 0.042 0.120
2 0.801 0.649 0.017 0.042
2 0.954 0.655 0.022 0.050
2 0.854 0.652 0.024 0.046
0 0.854 0.654 0.032 0.112
1 0.851 0.609 0.018 0.019
12 0.447 0.118 0.104 0.219
5 0.379 0.901 0.073 0.056
5 0.489 0.878 0.102 0.037
8 0.119 0.906 0.040 0.125
11 0.457 0.923 0.193 0.143
13 0.905 0.684 0.188 0.114
14 0.871 0.664 0.032 0.069
