0 0.056 0.896 0.074 0.207
0 0.548 0.883 0.062 0.234
0 0.657 0.878 0.082 0.244
0 0.726 0.775 0.039 0.134
0 0.769 0.746 0.029 0.082
0 0.818 0.765 0.026 0.106
0 0.901 0.852 0.043 0.169
1 0.057 0.825 0.044 0.039
1 0.549 0.813 0.040 0.052
1 0.645 0.809 0.037 0.060
1 0.771 0.724 0.012 0.024
1 0.896 0.792 0.019 0.023
2 0.057 0.913 0.060 0.117
2 0.555 0.892 0.043 0.127
2 0.660 0.918 0.088 0.164
2 0.735 0.761 0.026 0.047
2 0.770 0.761 0.024 0.050
2 0.816 0.757 0.020 0.054
2 0.902 0.835 0.028 0.044
8 0.342 0.952 0.128 0.095
11 0.827 0.967 0.196 0.066
13 0.888 0.798 0.162 0.120
14 0.883 0.513 0.064 0.092
14 0.937 0.444 0.052 0.069
14 0.926 0.112 0.042 0.068
