0 0.179 0.804 0.036 0.108
0 0.160 0.906 0.049 0.116
0 0.207 0.906 0.052 0.104
0 0.324 0.870 0.070 0.260
0 0.412 0.837 0.062 0.170
0 0.699 0.713 0.024 0.085
0 0.791 0.733 0.037 0.119
1 0.190 0.781 0.017 0.026
1 0.164 0.871 0.018 0.032
1 0.195 0.875 0.019 0.032
1 0.332 0.780 0.030 0.036
1 0.409 0.775 0.026 0.034
1 0.697 0.694 0.014 0.027
1 0.791 0.693 0.017 0.024
2 0.174 0.823 0.030 0.056
2 0.154 0.911 0.030 0.071
2 0.331 0.857 0.052 0.107
2 0.409 0.843 0.039 0.095
2 0.791 0.735 0.025 0.056
2 0.693 0.719 0.019 0.031
12 0.367 0.123 0.086 0.169
5 0.296 0.827 0.039 0.021
5 0.399 0.822 0.108 0.023
8 0.035 0.920 0.068 0.119
11 0.366 0.949 0.170 0.102
13 0.855 0.775 0.290 0.133
14 0.760 0.744 0.035 0.057
