0 0.022 0.817 0.043 0.366
0 0.224 0.691 0.031 0.113
0 0.217 0.795 0.047 0.125
0 0.267 0.784 0.049 0.118
0 0.400 0.754 0.055 0.305
0 0.468 0.707 0.055 0.188
0 0.741 0.572 0.027 0.104
0 0.831 0.585 0.025 0.132
1 0.222 0.658 0.018 0.025
1 0.219 0.753 0.020 0.024
1 0.254 0.748 0.021 0.035
1 0.393 0.644 0.024 0.036
1 0.463 0.646 0.023 0.034
1 0.824 0.535 0.017 0.016
1 0.742 0.540 0.014 0.014
2 0.017 0.782 0.031 0.167
2 0.222 0.705 0.030 0.065
2 0.207 0.790 0.028 0.065
2 0.399 0.724 0.052 0.111
2 0.472 0.714 0.048 0.089
2 0.740 0.580 0.020 0.042
2 0.828 0.581 0.023 0.056
5 0.344 0.683 0.068 0.036
5 0.464 0.681 0.102 0.034
8 0.072 0.806 0.095 0.107
11 0.435 0.836 0.170 0.121
13 0.886 0.614 0.229 0.110
14 0.828 0.593 0.026 0.052
