0 0.628 0.750 0.055 0.136
0 0.616 0.647 0.028 0.095
0 0.901 0.523 0.025 0.077
0 0.845 0.460 0.024 0.084
0 0.580 0.412 0.020 0.048
0 0.570 0.408 0.018 0.047
0 0.479 0.373 0.013 0.067
0 0.460 0.364 0.021 0.039
0 0.547 0.123 0.008 0.040
0 0.179 0.227 0.013 0.027
0 0.162 0.215 0.011 0.023
0 0.133 0.191 0.015 0.022
0 0.124 0.134 0.008 0.019
0 0.080 0.157 0.008 0.017
0 0.070 0.169 0.011 0.022
0 0.307 0.486 0.021 0.038
1 0.454 0.350 0.006 0.010
1 0.478 0.345 0.007 0.011
1 0.572 0.394 0.005 0.014
1 0.635 0.694 0.014 0.025
1 0.606 0.606 0.009 0.014
1 0.892 0.490 0.008 0.012
1 0.850 0.419 0.008 0.010
1 0.550 0.289 0.005 0.012
2 0.620 0.730 0.028 0.059
2 0.622 0.633 0.015 0.038
2 0.904 0.506 0.016 0.032
2 0.848 0.445 0.012 0.031
2 0.584 0.398 0.014 0.019
2 0.566 0.392 0.009 0.014
2 0.480 0.365 0.010 0.028
2 0.463 0.362 0.013 0.019
2 0.135 0.186 0.008 0.011
3 0.576 0.563 0.058 0.073
3 0.470 0.553 0.061 0.080
4 0.662 0.611 0.129 0.112
4 0.780 0.353 0.064 0.060
3 0.111 0.809 0.096 0.134
10 0.412 0.467 0.030 0.068
10 0.600 0.213 0.011 0.027
10 0.060 0.345 0.014 0.032
10 0.227 0.079 0.009 0.023
