0 0.813 0.613 0.015 0.069
0 0.703 0.575 0.014 0.065
0 0.633 0.574 0.014 0.065
0 0.660 0.516 0.011 0.054
0 0.620 0.442 0.004 0.019
0 0.609 0.449 0.008 0.040
0 0.705 0.900 0.024 0.102
0 0.589 0.894 0.021 0.072
0 0.606 0.354 0.008 0.031
0 0.485 0.357 0.011 0.011
0 0.518 0.304 0.004 0.012
0 0.407 0.306 0.005 0.014
0 0.311 0.653 0.016 0.048
0 0.130 0.776 0.023 0.075
0 0.054 0.918 0.024 0.097
0 0.012 0.847 0.020 0.086
0 0.017 0.674 0.021 0.038
0 0.043 0.670 0.018 0.037
0 0.057 0.667 0.012 0.067
0 0.081 0.358 0.010 0.031
0 0.052 0.361 0.007 0.032
0 0.819 0.947 0.020 0.085
0 0.906 0.461 0.010 0.028
3 0.158 0.833 0.041 0.044
3 0.563 0.741 0.030 0.091
3 0.795 0.604 0.023 0.063
3 0.460 0.425 0.023 0.030
3 0.612 0.645 0.045 0.047
4 0.247 0.578 0.050 0.043
4 0.436 0.382 0.029 0.021
4 0.276 0.342 0.023 0.019
4 0.662 0.463 0.035 0.031
4 0.675 0.605 0.054 0.051
4 0.755 0.720 0.142 0.075
4 0.896 0.936 0.134 0.118
4 0.798 0.845 0.083 0.085
4 0.114 0.678 0.085 0.051
4 0.436 0.940 0.143 0.116
13 0.705 0.144 0.065 0.029
13 0.613 0.145 0.085 0.029
14 0.603 0.154 0.064 0.009
13 0.482 0.148 0.091 0.029
13 0.406 0.144 0.045 0.025
13 0.194 0.160 0.172 0.020
13 0.311 0.151 0.040 0.017
13 0.062 0.164 0.060 0.016
9 0.713 0.815 0.016 0.031
10 0.122 0.493 0.014 0.040
1 0.054 0.637 0.007 0.010
1 0.035 0.658 0.004 0.011
1 0.026 0.660 0.006 0.011
1 0.126 0.744 0.009 0.013
1 0.053 0.873 0.010 0.012
1 0.007 0.815 0.009 0.013
2 0.133 0.768 0.015 0.037
2 0.053 0.899 0.016 0.037
2 0.012 0.836 0.016 0.029
2 0.046 0.668 0.012 0.025
2 0.015 0.663 0.017 0.017
2 0.057 0.662 0.008 0.030
1 0.816 0.913 0.010 0.018
1 0.705 0.856 0.011 0.013
1 0.591 0.865 0.010 0.015
2 0.591 0.889 0.015 0.032
2 0.704 0.887 0.019 0.041
2 0.819 0.949 0.016 0.048
1 0.638 0.546 0.007 0.010
1 0.701 0.547 0.007 0.009
1 0.813 0.588 0.007 0.009
1 0.660 0.495 0.006 0.009
2 0.659 0.507 0.008 0.015
2 0.702 0.562 0.007 0.020
2 0.815 0.608 0.010 0.026
2 0.633 0.563 0.008 0.019
1 0.620 0.440 0.004 0.005
1 0.608 0.430 0.004 0.006
0 0.463 0.718 0.020 0.056
0 0.414 0.523 0.007 0.023
1 0.413 0.514 0.005 0.008
2 0.414 0.526 0.007 0.015
1 0.471 0.696 0.005 0.013
2 0.462 0.709 0.013 0.030
10 0.753 0.669 0.018 0.032
1 0.308 0.631 0.007 0.010
2 0.314 0.648 0.008 0.021
