0 0.033 0.595 0.010 0.033
0 0.594 0.570 0.009 0.035
0 0.645 0.569 0.012 0.036
0 0.564 0.945 0.017 0.065
0 0.586 0.988 0.015 0.021
0 0.771 0.845 0.014 0.036
0 0.817 0.923 0.015 0.028
0 0.823 0.875 0.013 0.040
0 0.927 0.844 0.010 0.031
0 0.939 0.806 0.010 0.033
0 0.774 0.560 0.007 0.018
1 0.033 0.583 0.004 0.006
2 0.033 0.594 0.007 0.014
1 0.594 0.556 0.005 0.005
1 0.644 0.552 0.004 0.007
2 0.644 0.566 0.006 0.018
2 0.593 0.568 0.005 0.015
2 0.564 0.936 0.010 0.022
1 0.561 0.918 0.005 0.006
1 0.591 0.984 0.005 0.009
2 0.583 0.988 0.009 0.013
1 0.818 0.914 0.003 0.009
2 0.813 0.921 0.006 0.012
2 0.770 0.836 0.007 0.009
1 0.776 0.832 0.004 0.006
1 0.828 0.858 0.004 0.009
2 0.822 0.870 0.007 0.016
2 0.926 0.844 0.007 0.012
2 0.938 0.803 0.005 0.014
1 0.928 0.831 0.004 0.005
1 0.938 0.791 0.004 0.005
1 0.774 0.554 0.004 0.005
2 0.775 0.562 0.004 0.011
12 0.698 0.216 0.008 0.031
12 0.387 0.019 0.038 0.037
12 0.843 0.284 0.007 0.019
14 0.366 0.623 0.173 0.031
14 0.884 0.570 0.062 0.122
14 0.199 0.558 0.032 0.019
14 0.319 0.530 0.032 0.023
14 0.526 0.565 0.022 0.018
14 0.509 0.566 0.011 0.010
14 0.547 0.556 0.015 0.008
14 0.612 0.531 0.014 0.012
14 0.632 0.532 0.022 0.009
14 0.671 0.554 0.015 0.012
14 0.688 0.555 0.014 0.013
14 0.676 0.531 0.017 0.016
14 0.699 0.532 0.023 0.014
13 0.160 0.645 0.254 0.033
13 0.522 0.619 0.138 0.050
