0 0.011 0.668 0.022 0.118
0 0.914 0.710 0.029 0.083
0 0.651 0.367 0.012 0.058
0 0.602 0.313 0.010 0.034
0 0.620 0.253 0.008 0.029
0 0.623 0.235 0.006 0.027
0 0.727 0.273 0.013 0.046
0 0.488 0.238 0.010 0.046
0 0.121 0.346 0.017 0.054
1 0.117 0.324 0.006 0.008
1 0.913 0.681 0.010 0.013
1 0.726 0.254 0.007 0.009
1 0.651 0.346 0.007 0.010
1 0.599 0.301 0.005 0.006
1 0.624 0.226 0.004 0.008
1 0.618 0.243 0.005 0.008
1 0.489 0.219 0.004 0.006
1 0.553 0.250 0.004 0.005
2 0.005 0.644 0.010 0.045
2 0.122 0.343 0.011 0.024
2 0.652 0.356 0.011 0.015
2 0.601 0.312 0.009 0.015
2 0.727 0.267 0.011 0.016
2 0.552 0.262 0.006 0.014
2 0.488 0.233 0.005 0.015
2 0.912 0.702 0.014 0.031
3 0.505 0.269 0.020 0.038
4 0.785 0.260 0.042 0.043
5 0.607 0.717 0.206 0.288
5 0.533 0.762 0.097 0.211
5 0.450 0.657 0.388 0.094
5 0.176 0.576 0.078 0.116
5 0.248 0.615 0.112 0.140
7 0.845 0.919 0.049 0.113
7 0.981 0.940 0.037 0.078
10 0.623 0.881 0.037 0.109
10 0.543 0.228 0.009 0.035
10 0.678 0.166 0.009 0.022
10 0.739 0.146 0.009 0.013
5 0.527 0.309 0.015 0.077
5 0.533 0.411 0.013 0.094
5 0.553 0.412 0.014 0.110
5 0.294 0.438 0.066 0.100
