0 0.316 0.556 0.008 0.042
0 0.323 0.512 0.006 0.040
0 0.187 0.553 0.011 0.023
0 0.201 0.564 0.012 0.027
0 0.161 0.529 0.012 0.023
0 0.099 0.509 0.010 0.023
0 0.111 0.500 0.008 0.018
0 0.155 0.478 0.007 0.017
0 0.215 0.463 0.007 0.032
0 0.023 0.575 0.017 0.019
0 0.009 0.569 0.016 0.019
0 0.639 0.972 0.025 0.056
0 0.944 0.875 0.024 0.037
0 0.878 0.807 0.021 0.092
0 0.788 0.597 0.011 0.042
0 0.602 0.758 0.019 0.038
0 0.579 0.736 0.018 0.044
0 0.502 0.709 0.013 0.073
0 0.476 0.697 0.017 0.042
0 0.424 0.744 0.012 0.069
1 0.633 0.954 0.011 0.019
1 0.936 0.875 0.008 0.014
1 0.883 0.767 0.009 0.013
1 0.788 0.580 0.004 0.009
1 0.564 0.624 0.005 0.010
1 0.474 0.683 0.005 0.013
1 0.426 0.713 0.007 0.008
1 0.011 0.563 0.005 0.007
1 0.024 0.569 0.004 0.005
1 0.157 0.522 0.004 0.006
1 0.188 0.546 0.004 0.008
1 0.197 0.553 0.004 0.008
1 0.576 0.721 0.006 0.013
2 0.644 0.982 0.017 0.036
2 0.948 0.867 0.015 0.018
2 0.879 0.791 0.013 0.035
2 0.789 0.593 0.007 0.018
2 0.503 0.697 0.009 0.031
2 0.606 0.756 0.012 0.031
0 0.561 0.482 0.007 0.036
2 0.561 0.477 0.005 0.015
1 0.561 0.466 0.003 0.005
2 0.315 0.551 0.008 0.021
2 0.163 0.526 0.008 0.012
2 0.020 0.577 0.008 0.014
12 0.603 0.245 0.006 0.019
3 0.601 0.912 0.062 0.080
3 0.488 0.893 0.062 0.078
4 0.681 0.778 0.067 0.057
4 0.800 0.692 0.067 0.064
4 0.789 0.873 0.053 0.080
4 0.692 0.953 0.147 0.094
4 0.720 0.435 0.025 0.019
10 0.425 0.806 0.027 0.071
10 0.082 0.676 0.013 0.039
10 0.257 0.428 0.012 0.023
10 0.615 0.550 0.010 0.022
