0 0.257 0.804 0.006 0.021
0 0.263 0.807 0.006 0.033
0 0.284 0.794 0.007 0.018
1 0.257 0.796 0.003 0.005
1 0.262 0.796 0.003 0.005
1 0.282 0.789 0.003 0.006
2 0.257 0.804 0.005 0.009
2 0.263 0.807 0.005 0.013
2 0.284 0.796 0.004 0.009
4 0.475 0.817 0.058 0.028
7 0.401 0.833 0.022 0.019
7 0.438 0.834 0.015 0.028
14 0.080 0.882 0.146 0.022
14 0.490 0.859 0.111 0.025
14 0.214 0.870 0.099 0.026
14 0.863 0.938 0.047 0.015
13 0.698 0.845 0.272 0.029
13 0.714 0.750 0.267 0.046
13 0.756 0.976 0.119 0.030
