0 0.565 0.796 0.051 0.093
0 0.249 0.519 0.024 0.037
0 0.405 0.443 0.018 0.076
0 0.228 0.491 0.026 0.050
0 0.122 0.457 0.021 0.087
0 0.089 0.474 0.019 0.056
0 0.336 0.330 0.011 0.048
0 0.557 0.118 0.008 0.020
0 0.537 0.125 0.006 0.015
0 0.371 0.122 0.006 0.021
0 0.793 0.297 0.011 0.052
0 0.781 0.301 0.015 0.051
0 0.982 0.348 0.015 0.031
0 0.521 0.479 0.030 0.043
0 0.892 0.226 0.008 0.024
1 0.584 0.761 0.013 0.025
1 0.516 0.462 0.007 0.011
1 0.404 0.411 0.007 0.013
1 0.237 0.475 0.005 0.014
1 0.120 0.419 0.006 0.011
1 0.085 0.453 0.008 0.012
1 0.988 0.337 0.005 0.010
2 0.782 0.292 0.009 0.017
2 0.794 0.287 0.007 0.017
2 0.564 0.776 0.029 0.053
2 0.526 0.471 0.015 0.014
2 0.404 0.427 0.008 0.023
2 0.121 0.446 0.014 0.032
2 0.226 0.477 0.017 0.019
2 0.254 0.512 0.014 0.025
2 0.090 0.471 0.013 0.021
2 0.337 0.325 0.007 0.022
7 0.964 0.904 0.072 0.081
3 0.883 0.528 0.051 0.088
3 0.327 0.647 0.046 0.075
3 0.212 0.683 0.051 0.089
3 0.514 0.212 0.015 0.041
3 0.977 0.378 0.027 0.059
3 0.540 0.659 0.058 0.033
4 0.419 0.658 0.127 0.071
4 0.832 0.203 0.033 0.029
4 0.220 0.118 0.025 0.027
4 0.431 0.161 0.026 0.029
4 0.401 0.377 0.054 0.053
4 0.458 0.537 0.036 0.081
4 0.335 0.494 0.036 0.062
7 0.709 0.940 0.059 0.120
4 0.894 0.742 0.155 0.120
10 0.107 0.625 0.032 0.090
10 0.182 0.275 0.013 0.040
