0 0.491 0.722 0.028 0.129
0 0.696 0.652 0.027 0.062
0 0.699 0.872 0.073 0.122
0 0.479 0.307 0.035 0.100
0 0.664 0.048 0.024 0.090
0 0.174 0.126 0.029 0.072
0 0.299 0.046 0.026 0.062
1 0.694 0.659 0.014 0.030
1 0.728 0.850 0.016 0.030
1 0.489 0.672 0.021 0.025
1 0.469 0.262 0.010 0.015
1 0.166 0.097 0.009 0.011
1 0.295 0.023 0.006 0.010
2 0.494 0.731 0.026 0.085
2 0.689 0.845 0.065 0.056
2 0.479 0.304 0.029 0.052
2 0.665 0.024 0.022 0.042
2 0.170 0.125 0.020 0.032
2 0.297 0.043 0.022 0.026
3 0.210 0.541 0.084 0.234
3 0.567 0.027 0.037 0.050
4 0.590 0.318 0.117 0.086
4 0.548 0.097 0.069 0.100
10 0.278 0.910 0.044 0.124
