0 0.240 0.720 0.044 0.057
0 0.465 0.558 0.020 0.123
0 0.340 0.438 0.034 0.076
0 0.342 0.165 0.011 0.049
0 0.721 0.366 0.021 0.039
3 0.409 0.535 0.090 0.128
3 0.175 0.421 0.086 0.082
3 0.206 0.383 0.088 0.061
3 0.229 0.166 0.029 0.077
4 0.712 0.843 0.216 0.313
4 0.721 0.312 0.074 0.163
4 0.593 0.330 0.085 0.121
4 0.374 0.345 0.057 0.075
4 0.326 0.346 0.037 0.073
4 0.403 0.263 0.107 0.081
11 0.432 0.327 0.051 0.061
2 0.465 0.539 0.017 0.054
1 0.465 0.504 0.009 0.015
1 0.223 0.713 0.011 0.024
1 0.338 0.408 0.012 0.013
1 0.715 0.355 0.010 0.017
2 0.333 0.440 0.021 0.037
