0 0.495 0.936 0.016 0.072
0 0.644 0.774 0.026 0.043
0 0.252 0.597 0.017 0.060
0 0.639 0.506 0.009 0.049
0 0.747 0.570 0.014 0.050
0 0.174 0.539 0.017 0.049
0 0.380 0.471 0.010 0.020
0 0.395 0.464 0.011 0.029
0 0.162 0.422 0.012 0.032
0 0.040 0.412 0.010 0.045
0 0.105 0.525 0.012 0.039
0 0.795 0.941 0.025 0.080
3 0.532 0.550 0.029 0.067
3 0.760 0.495 0.023 0.054
3 0.878 0.345 0.039 0.031
4 0.674 0.700 0.082 0.113
4 0.580 0.545 0.058 0.052
4 0.668 0.635 0.068 0.064
4 0.362 0.403 0.038 0.034
1 0.497 0.908 0.008 0.014
1 0.653 0.760 0.007 0.015
1 0.641 0.488 0.007 0.010
1 0.251 0.575 0.007 0.010
1 0.109 0.514 0.005 0.013
1 0.168 0.517 0.007 0.006
1 0.159 0.412 0.007 0.011
7 0.337 0.692 0.038 0.069
7 0.418 0.695 0.063 0.073
7 0.457 0.747 0.032 0.053
7 0.512 0.756 0.040 0.074
7 0.570 0.773 0.039 0.108
7 0.485 0.805 0.035 0.065
7 0.466 0.854 0.042 0.062
7 0.215 0.638 0.049 0.062
2 0.252 0.595 0.012 0.025
