0 0.207 0.969 0.031 0.062
0 0.376 0.937 0.032 0.119
0 0.559 0.861 0.033 0.076
0 0.887 0.689 0.037 0.067
0 0.325 0.674 0.015 0.080
0 0.311 0.577 0.021 0.071
0 0.324 0.469 0.022 0.041
0 0.233 0.531 0.014 0.076
0 0.075 0.806 0.025 0.072
0 0.164 0.404 0.009 0.035
0 0.156 0.381 0.011 0.023
0 0.108 0.290 0.011 0.037
0 0.380 0.317 0.011 0.023
0 0.402 0.348 0.009 0.019
0 0.430 0.490 0.020 0.030
0 0.199 0.474 0.019 0.069
0 0.233 0.456 0.013 0.067
1 0.202 0.950 0.013 0.019
1 0.377 0.891 0.013 0.016
1 0.325 0.644 0.008 0.013
1 0.308 0.550 0.009 0.012
1 0.233 0.501 0.005 0.009
1 0.195 0.449 0.006 0.010
1 0.230 0.427 0.005 0.007
1 0.330 0.459 0.003 0.008
1 0.153 0.376 0.005 0.007
1 0.162 0.391 0.004 0.008
1 0.072 0.778 0.010 0.013
1 0.547 0.837 0.009 0.019
1 0.877 0.679 0.010 0.019
1 0.436 0.487 0.006 0.011
1 0.404 0.340 0.004 0.005
2 0.378 0.927 0.023 0.047
2 0.562 0.852 0.021 0.046
2 0.206 0.979 0.023 0.042
2 0.075 0.799 0.019 0.028
2 0.324 0.665 0.013 0.027
2 0.311 0.570 0.018 0.025
2 0.234 0.522 0.014 0.025
2 0.201 0.462 0.011 0.021
2 0.324 0.461 0.014 0.015
2 0.157 0.386 0.007 0.011
2 0.164 0.404 0.007 0.018
2 0.107 0.286 0.007 0.012
2 0.381 0.319 0.005 0.012
2 0.427 0.487 0.013 0.015
2 0.892 0.682 0.018 0.033
3 0.700 0.778 0.076 0.068
3 0.723 0.809 0.066 0.068
3 0.225 0.798 0.055 0.115
3 0.257 0.628 0.047 0.037
4 0.611 0.822 0.105 0.176
4 0.509 0.761 0.083 0.117
4 0.654 0.661 0.087 0.081
4 0.443 0.626 0.080 0.079
4 0.357 0.663 0.042 0.079
4 0.280 0.557 0.047 0.048
4 0.278 0.727 0.090 0.079
10 0.458 0.564 0.011 0.035
14 0.808 0.191 0.087 0.044
14 0.714 0.165 0.045 0.025
14 0.660 0.149 0.036 0.020
14 0.764 0.056 0.067 0.018
14 0.890 0.060 0.102 0.022
14 0.982 0.066 0.037 0.017
4 0.537 0.356 0.041 0.032
4 0.501 0.344 0.032 0.044
