0 0.096 0.412 0.017 0.029
0 0.249 0.458 0.029 0.041
0 0.318 0.557 0.022 0.046
0 0.332 0.609 0.028 0.054
0 0.540 0.644 0.028 0.047
0 0.191 0.385 0.022 0.034
0 0.183 0.343 0.021 0.030
0 0.221 0.303 0.011 0.026
0 0.340 0.267 0.015 0.045
0 0.563 0.437 0.017 0.077
0 0.836 0.453 0.018 0.078
0 0.801 0.257 0.010 0.052
12 0.585 0.088 0.025 0.051
5 0.348 0.359 0.042 0.090
5 0.456 0.416 0.083 0.086
5 0.504 0.431 0.100 0.097
5 0.566 0.424 0.090 0.142
5 0.791 0.529 0.048 0.129
5 0.922 0.594 0.157 0.052
5 0.716 0.484 0.049 0.147
5 0.738 0.259 0.019 0.084
5 0.746 0.368 0.017 0.093
10 0.415 0.194 0.022 0.041
7 0.953 0.245 0.031 0.040
7 0.788 0.366 0.041 0.031
7 0.785 0.332 0.042 0.031
2 0.093 0.411 0.005 0.013
1 0.192 0.376 0.007 0.011
1 0.238 0.446 0.006 0.010
1 0.315 0.542 0.008 0.013
1 0.326 0.590 0.010 0.015
1 0.178 0.334 0.007 0.011
1 0.218 0.300 0.005 0.010
2 0.250 0.454 0.015 0.020
1 0.339 0.250 0.005 0.011
2 0.341 0.259 0.007 0.014
2 0.317 0.558 0.020 0.023
2 0.337 0.613 0.016 0.041
1 0.533 0.632 0.009 0.016
1 0.566 0.403 0.005 0.008
2 0.563 0.428 0.013 0.027
2 0.542 0.644 0.017 0.029
1 0.839 0.423 0.010 0.014
2 0.836 0.447 0.011 0.033
1 0.800 0.234 0.006 0.006
2 0.796 0.244 0.006 0.013
2 0.802 0.253 0.008 0.019
12 0.949 0.073 0.017 0.043
