0 0.609 0.798 0.047 0.090
0 0.542 0.477 0.018 0.052
0 0.429 0.443 0.013 0.072
0 0.276 0.519 0.025 0.037
0 0.254 0.493 0.026 0.046
0 0.116 0.475 0.017 0.053
0 0.150 0.450 0.018 0.081
0 0.382 0.119 0.005 0.021
0 0.799 0.296 0.012 0.051
0 0.810 0.294 0.010 0.054
0 0.905 0.222 0.009 0.027
1 0.627 0.765 0.011 0.025
1 0.535 0.458 0.006 0.010
1 0.432 0.412 0.007 0.010
1 0.148 0.414 0.007 0.009
1 0.112 0.455 0.009 0.013
1 0.264 0.476 0.007 0.014
1 0.267 0.510 0.006 0.014
2 0.801 0.289 0.007 0.019
2 0.812 0.284 0.007 0.015
2 0.612 0.780 0.029 0.050
2 0.543 0.471 0.013 0.023
2 0.279 0.512 0.014 0.022
2 0.251 0.478 0.017 0.014
2 0.117 0.474 0.016 0.025
2 0.149 0.437 0.012 0.030
2 0.430 0.429 0.009 0.025
7 0.982 0.896 0.035 0.082
3 0.905 0.528 0.054 0.087
3 0.569 0.659 0.059 0.036
3 0.358 0.648 0.042 0.064
3 0.245 0.691 0.055 0.097
7 0.757 0.942 0.051 0.115
4 0.480 0.541 0.035 0.084
4 0.448 0.654 0.127 0.056
4 0.422 0.375 0.052 0.054
4 0.232 0.115 0.021 0.022
4 0.847 0.197 0.032 0.024
4 0.573 0.134 0.027 0.017
4 0.442 0.160 0.026 0.025
4 0.921 0.733 0.152 0.115
10 0.141 0.626 0.027 0.086
10 0.200 0.275 0.011 0.034
4 0.362 0.494 0.039 0.069
