7 0.243 0.496 0.065 0.077
7 0.430 0.449 0.091 0.119
7 0.697 0.481 0.074 0.082
7 0.897 0.575 0.051 0.119
7 0.526 0.713 0.042 0.073
7 0.806 0.667 0.048 0.064
7 0.606 0.637 0.039 0.069
7 0.630 0.754 0.087 0.123
4 0.427 0.175 0.064 0.059
4 0.403 0.255 0.061 0.058
4 0.877 0.283 0.036 0.052
4 0.956 0.306 0.087 0.063
4 0.956 0.439 0.087 0.144
4 0.875 0.198 0.059 0.064
3 0.763 0.285 0.027 0.075
3 0.057 0.407 0.058 0.069
4 0.635 0.381 0.119 0.117
3 0.123 0.380 0.048 0.074
0 0.650 0.856 0.024 0.088
0 0.749 0.885 0.022 0.082
0 0.358 0.173 0.013 0.062
0 0.170 0.156 0.017 0.048
0 0.271 0.275 0.017 0.044
0 0.549 0.184 0.011 0.056
7 0.301 0.575 0.045 0.062
7 0.503 0.508 0.025 0.060
7 0.602 0.480 0.059 0.072
0 0.368 0.126 0.012 0.046
0 0.404 0.032 0.014 0.044
0 0.359 0.067 0.016 0.032
0 0.298 0.124 0.011 0.029
0 0.083 0.025 0.015 0.037
4 0.885 0.045 0.040 0.041
4 0.510 0.101 0.040 0.050
3 0.987 0.204 0.021 0.068
7 0.819 0.614 0.037 0.061
7 0.823 0.543 0.037 0.068
7 0.767 0.546 0.044 0.057
0 0.404 0.290 0.013 0.071
0 0.930 0.472 0.017 0.055
