0 0.033 0.816 0.063 0.211
0 0.357 0.306 0.025 0.130
0 0.396 0.250 0.025 0.065
0 0.376 0.046 0.020 0.082
0 0.399 0.036 0.018 0.071
0 0.334 0.020 0.018 0.038
0 0.359 0.254 0.033 0.039
0 0.683 0.241 0.013 0.065
0 0.824 0.217 0.026 0.053
0 0.961 0.106 0.029 0.091
0 0.890 0.041 0.035 0.062
0 0.662 0.026 0.018 0.034
0 0.955 0.663 0.060 0.102
1 0.015 0.743 0.020 0.036
1 0.352 0.248 0.011 0.015
1 0.371 0.246 0.006 0.011
1 0.389 0.225 0.009 0.015
1 0.333 0.003 0.009 0.006
1 0.935 0.626 0.018 0.023
1 0.958 0.070 0.010 0.014
1 0.830 0.199 0.011 0.017
2 0.030 0.801 0.047 0.090
2 0.356 0.284 0.021 0.052
2 0.396 0.253 0.022 0.040
2 0.962 0.665 0.048 0.053
2 0.684 0.243 0.013 0.033
2 0.399 0.018 0.015 0.032
2 0.376 0.015 0.017 0.030
2 0.333 0.022 0.015 0.029
2 0.888 0.022 0.022 0.023
2 0.967 0.094 0.020 0.035
3 0.590 0.776 0.098 0.279
4 0.534 0.090 0.101 0.070
3 0.320 0.069 0.067 0.080
4 0.449 0.104 0.054 0.113
5 0.467 0.386 0.050 0.067
9 0.439 0.043 0.063 0.061
10 0.292 0.372 0.026 0.032
