0 0.069 0.531 0.018 0.038
0 0.132 0.560 0.013 0.061
0 0.177 0.452 0.014 0.030
0 0.218 0.381 0.013 0.042
0 0.150 0.306 0.010 0.037
0 0.350 0.605 0.017 0.054
0 0.323 0.609 0.020 0.040
0 0.520 0.803 0.018 0.075
0 0.554 0.701 0.017 0.042
0 0.570 0.687 0.013 0.047
0 0.661 0.874 0.022 0.071
0 0.809 0.608 0.012 0.071
0 0.729 0.500 0.016 0.051
0 0.976 0.754 0.024 0.085
0 0.248 0.902 0.025 0.088
3 0.861 0.651 0.027 0.074
3 0.654 0.660 0.065 0.063
3 0.621 0.742 0.067 0.073
3 0.549 0.759 0.034 0.073
3 0.569 0.360 0.022 0.042
3 0.678 0.294 0.020 0.036
3 0.058 0.671 0.046 0.061
3 0.018 0.676 0.035 0.054
4 0.371 0.911 0.140 0.122
4 0.763 0.943 0.099 0.114
4 0.818 0.803 0.090 0.094
4 0.713 0.761 0.043 0.077
4 0.734 0.631 0.053 0.053
4 0.199 0.582 0.054 0.046
4 0.124 0.707 0.066 0.076
4 0.326 0.497 0.045 0.046
4 0.764 0.450 0.035 0.054
4 0.567 0.296 0.035 0.028
13 0.809 0.031 0.381 0.060
13 0.571 0.019 0.038 0.030
13 0.495 0.020 0.097 0.015
13 0.353 0.028 0.159 0.026
13 0.134 0.045 0.258 0.038
9 0.685 0.874 0.021 0.035
7 0.075 0.951 0.127 0.098
1 0.065 0.517 0.006 0.012
1 0.181 0.446 0.006 0.013
1 0.355 0.583 0.008 0.007
1 0.521 0.774 0.009 0.013
2 0.555 0.699 0.013 0.021
1 0.247 0.864 0.009 0.011
2 0.520 0.801 0.013 0.036
2 0.251 0.893 0.024 0.039
2 0.071 0.531 0.011 0.026
10 0.240 0.386 0.014 0.031
1 0.663 0.845 0.011 0.015
2 0.662 0.865 0.015 0.028
2 0.574 0.690 0.007 0.023
2 0.810 0.601 0.011 0.031
2 0.729 0.498 0.010 0.026
1 0.811 0.580 0.010 0.017
