0 0.861 0.549 0.030 0.113
0 0.737 0.407 0.022 0.076
0 0.618 0.192 0.015 0.069
0 0.471 0.116 0.011 0.033
0 0.133 0.647 0.028 0.092
0 0.123 0.293 0.026 0.110
0 0.183 0.295 0.018 0.080
0 0.198 0.264 0.021 0.090
0 0.107 0.039 0.016 0.071
0 0.136 0.050 0.017 0.045
0 0.153 0.088 0.017 0.045
0 0.197 0.087 0.016 0.047
0 0.218 0.084 0.017 0.049
0 0.233 0.081 0.015 0.073
0 0.901 0.059 0.010 0.067
0 0.825 0.058 0.017 0.069
0 0.973 0.517 0.022 0.073
3 0.116 0.207 0.055 0.050
3 0.194 0.193 0.057 0.052
4 0.569 0.410 0.113 0.127
4 0.868 0.107 0.066 0.071
4 0.281 0.103 0.084 0.054
4 0.395 0.104 0.063 0.056
4 0.257 0.234 0.070 0.062
10 0.068 0.153 0.037 0.074
7 0.933 0.699 0.095 0.212
7 0.816 0.677 0.064 0.139
7 0.814 0.794 0.061 0.101
7 0.801 0.891 0.093 0.117
7 0.731 0.667 0.063 0.089
7 0.631 0.552 0.104 0.124
7 0.495 0.553 0.059 0.102
7 0.485 0.874 0.064 0.123
7 0.340 0.632 0.044 0.084
7 0.278 0.644 0.070 0.081
7 0.256 0.510 0.150 0.171
7 0.027 0.788 0.054 0.112
1 0.123 0.251 0.010 0.015
1 0.191 0.225 0.007 0.013
1 0.181 0.258 0.009 0.013
1 0.158 0.073 0.006 0.012
1 0.130 0.033 0.007 0.011
1 0.104 0.009 0.007 0.008
1 0.202 0.072 0.006 0.012
1 0.233 0.051 0.006 0.010
2 0.220 0.082 0.010 0.026
2 0.232 0.070 0.008 0.030
2 0.195 0.074 0.011 0.015
2 0.150 0.078 0.012 0.021
2 0.140 0.048 0.009 0.021
2 0.195 0.245 0.014 0.025
2 0.180 0.287 0.013 0.034
2 0.120 0.282 0.015 0.038
1 0.127 0.608 0.015 0.024
2 0.132 0.637 0.019 0.037
1 0.865 0.504 0.014 0.020
1 0.738 0.380 0.010 0.017
2 0.861 0.537 0.023 0.050
2 0.736 0.404 0.017 0.037
10 0.941 0.190 0.024 0.046
3 0.719 0.247 0.034 0.102
4 0.874 0.234 0.038 0.084
4 0.408 0.021 0.054 0.041
