0 0.459 0.881 0.008 0.037
0 0.486 0.882 0.007 0.025
0 0.599 0.884 0.006 0.027
0 0.606 0.883 0.007 0.025
0 0.770 0.511 0.004 0.017
0 0.775 0.511 0.003 0.017
0 0.595 0.820 0.006 0.027
1 0.458 0.868 0.003 0.007
1 0.486 0.872 0.003 0.005
2 0.486 0.880 0.005 0.010
2 0.459 0.877 0.005 0.011
2 0.600 0.883 0.004 0.012
2 0.606 0.885 0.005 0.013
2 0.600 0.875 0.002 0.004
2 0.607 0.875 0.002 0.004
2 0.595 0.808 0.004 0.004
2 0.594 0.817 0.004 0.012
2 0.770 0.510 0.002 0.009
2 0.774 0.511 0.002 0.007
1 0.774 0.505 0.002 0.002
1 0.771 0.504 0.002 0.002
3 0.549 0.984 0.024 0.030
6 0.658 0.909 0.020 0.035
6 0.928 0.958 0.039 0.065
5 0.477 0.539 0.094 0.016
5 0.900 0.756 0.032 0.033
10 0.202 0.892 0.016 0.037
10 0.597 0.934 0.013 0.028
10 0.964 0.916 0.011 0.021
5 0.258 0.575 0.101 0.034
6 0.786 0.789 0.053 0.049
14 0.180 0.546 0.017 0.014
14 0.214 0.549 0.017 0.009
14 0.304 0.533 0.016 0.010
14 0.377 0.522 0.086 0.014
14 0.538 0.511 0.016 0.008
14 0.581 0.492 0.041 0.018
14 0.650 0.491 0.061 0.016
14 0.752 0.485 0.017 0.011
14 0.727 0.481 0.009 0.013
14 0.164 0.679 0.024 0.038
13 0.433 0.583 0.129 0.031
10 0.823 0.745 0.011 0.023
10 0.658 0.786 0.009 0.020
