0 0.645 0.182 0.002 0.008
0 0.650 0.182 0.003 0.006
0 0.652 0.182 0.003 0.007
0 0.739 0.315 0.003 0.018
0 0.731 0.318 0.003 0.014
0 0.742 0.397 0.008 0.035
0 0.729 0.397 0.005 0.013
0 0.796 0.381 0.008 0.012
0 0.499 0.449 0.004 0.031
0 0.503 0.448 0.004 0.026
0 0.482 0.495 0.006 0.037
0 0.329 0.398 0.006 0.033
0 0.324 0.375 0.007 0.014
0 0.320 0.389 0.004 0.018
0 0.292 0.381 0.004 0.020
0 0.307 0.407 0.007 0.031
0 0.244 0.482 0.009 0.045
0 0.083 0.507 0.009 0.048
0 0.140 0.689 0.018 0.037
0 0.537 0.526 0.010 0.025
0 0.499 0.603 0.005 0.030
0 0.526 0.630 0.009 0.026
0 0.898 0.511 0.008 0.057
0 0.916 0.514 0.011 0.044
0 0.992 0.608 0.013 0.030
0 0.876 0.654 0.020 0.050
0 0.895 0.860 0.031 0.060
0 0.786 0.893 0.024 0.093
0 0.560 0.770 0.020 0.063
0 0.333 0.917 0.022 0.111
0 0.353 0.903 0.017 0.094
0 0.299 0.747 0.013 0.079
0 0.200 0.766 0.023 0.076
0 0.204 0.984 0.018 0.032
0 0.218 0.958 0.027 0.083
1 0.242 0.463 0.003 0.007
1 0.072 0.729 0.006 0.011
1 0.051 0.722 0.011 0.012
0 0.075 0.741 0.020 0.033
1 0.142 0.677 0.007 0.012
1 0.192 0.734 0.006 0.013
1 0.203 0.978 0.010 0.021
1 0.218 0.923 0.010 0.011
1 0.330 0.866 0.007 0.012
1 0.351 0.862 0.009 0.013
1 0.300 0.713 0.008 0.009
1 0.554 0.746 0.007 0.015
1 0.542 0.515 0.003 0.004
1 0.482 0.479 0.003 0.004
1 0.742 0.381 0.003 0.004
1 0.777 0.853 0.005 0.013
1 0.908 0.839 0.005 0.013
1 0.879 0.634 0.006 0.009
1 0.920 0.499 0.005 0.006
1 0.899 0.487 0.004 0.005
2 0.244 0.475 0.006 0.016
2 0.138 0.689 0.012 0.018
2 0.202 0.752 0.010 0.027
2 0.297 0.736 0.008 0.025
2 0.216 0.955 0.017 0.037
2 0.205 0.994 0.017 0.013
2 0.332 0.895 0.013 0.036
2 0.355 0.884 0.012 0.034
2 0.536 0.521 0.006 0.011
2 0.562 0.756 0.010 0.017
2 0.789 0.878 0.014 0.035
2 0.893 0.838 0.021 0.019
2 0.729 0.397 0.003 0.007
2 0.899 0.502 0.007 0.018
2 0.917 0.510 0.008 0.014
12 0.504 0.485 0.012 0.026
4 0.278 0.921 0.106 0.085
4 0.477 0.632 0.055 0.052
4 0.499 0.375 0.024 0.019
4 0.674 0.423 0.034 0.020
4 0.758 0.464 0.028 0.026
4 0.836 0.395 0.014 0.018
4 0.982 0.903 0.036 0.042
4 0.976 0.752 0.049 0.043
4 0.986 0.544 0.024 0.048
3 0.958 0.944 0.050 0.113
3 0.801 0.405 0.018 0.036
3 0.720 0.471 0.024 0.034
3 0.378 0.970 0.056 0.042
3 0.103 0.882 0.067 0.051
3 0.207 0.877 0.054 0.070
3 0.323 0.388 0.005 0.015
5 0.358 0.509 0.118 0.085
7 0.485 0.593 0.014 0.025
7 0.526 0.572 0.013 0.025
7 0.665 0.622 0.017 0.021
10 0.343 0.522 0.016 0.042
10 0.351 0.371 0.006 0.013
10 0.018 0.831 0.021 0.048
11 0.357 0.430 0.015 0.018
14 0.024 0.183 0.026 0.007
14 0.053 0.176 0.015 0.007
14 0.122 0.176 0.046 0.011
14 0.236 0.188 0.011 0.008
14 0.210 0.387 0.008 0.011
14 0.283 0.178 0.032 0.006
14 0.312 0.172 0.024 0.007
14 0.350 0.172 0.023 0.006
14 0.405 0.175 0.028 0.009
14 0.453 0.355 0.028 0.006
14 0.648 0.188 0.027 0.008
14 0.791 0.183 0.021 0.009
14 0.848 0.181 0.015 0.008
9 0.634 0.363 0.006 0.016
9 0.173 0.963 0.067 0.065
7 0.352 0.395 0.013 0.020
