0 0.052 0.251 0.023 0.049
0 0.124 0.338 0.024 0.047
0 0.141 0.259 0.021 0.084
0 0.172 0.276 0.025 0.094
0 0.194 0.274 0.023 0.097
0 0.214 0.041 0.009 0.053
0 0.259 0.041 0.012 0.055
0 0.312 0.022 0.013 0.043
0 0.509 0.041 0.006 0.028
0 0.540 0.116 0.008 0.045
0 0.543 0.200 0.019 0.037
0 0.564 0.336 0.020 0.094
0 0.671 0.168 0.008 0.049
0 0.681 0.171 0.006 0.041
0 0.991 0.465 0.018 0.063
0 0.845 0.497 0.034 0.103
0 0.421 0.542 0.041 0.056
0 0.277 0.465 0.032 0.139
0 0.061 0.590 0.062 0.125
0 0.032 0.731 0.048 0.151
1 0.054 0.237 0.009 0.018
1 0.115 0.320 0.006 0.012
1 0.141 0.225 0.008 0.011
1 0.167 0.236 0.006 0.012
1 0.189 0.233 0.007 0.012
1 0.257 0.020 0.003 0.008
1 0.268 0.403 0.010 0.016
1 0.037 0.537 0.016 0.021
1 0.022 0.667 0.020 0.025
1 0.424 0.529 0.015 0.029
1 0.563 0.295 0.012 0.013
1 0.539 0.097 0.004 0.009
1 0.672 0.147 0.004 0.009
1 0.989 0.443 0.011 0.019
1 0.860 0.454 0.012 0.021
2 0.053 0.250 0.013 0.025
2 0.122 0.335 0.016 0.027
2 0.141 0.248 0.016 0.033
2 0.168 0.267 0.017 0.043
2 0.190 0.261 0.014 0.034
2 0.259 0.034 0.008 0.021
2 0.311 0.010 0.005 0.018
2 0.274 0.442 0.021 0.044
2 0.057 0.563 0.033 0.048
2 0.026 0.712 0.035 0.055
2 0.427 0.553 0.018 0.030
2 0.565 0.324 0.010 0.041
2 0.540 0.113 0.004 0.022
2 0.670 0.163 0.004 0.019
2 0.679 0.166 0.004 0.020
3 0.084 0.486 0.058 0.062
4 0.184 0.537 0.160 0.136
4 0.476 0.204 0.071 0.067
4 0.723 0.008 0.028 0.015
4 0.823 0.036 0.034 0.032
3 0.772 0.047 0.031 0.043
3 0.309 0.606 0.068 0.098
5 0.317 0.082 0.108 0.055
10 0.318 0.078 0.017 0.042
9 0.042 0.591 0.083 0.095
