0 0.789 0.949 0.015 0.073
0 0.778 0.939 0.010 0.041
0 0.884 0.797 0.011 0.034
0 0.949 0.759 0.015 0.033
0 0.858 0.781 0.008 0.018
0 0.813 0.678 0.004 0.022
14 0.369 0.552 0.093 0.107
14 0.450 0.551 0.057 0.077
14 0.503 0.518 0.052 0.029
14 0.551 0.516 0.037 0.018
14 0.603 0.510 0.055 0.028
14 0.676 0.567 0.041 0.015
13 0.887 0.534 0.226 0.034
13 0.671 0.555 0.193 0.072
13 0.380 0.606 0.192 0.042
13 0.197 0.653 0.172 0.109
13 0.136 0.602 0.272 0.083
7 0.875 0.919 0.024 0.045
7 0.948 0.984 0.032 0.031
7 0.932 0.893 0.024 0.029
7 0.819 0.890 0.022 0.037
7 0.848 0.844 0.020 0.028
1 0.795 0.916 0.004 0.009
1 0.776 0.923 0.004 0.005
2 0.787 0.932 0.009 0.031
2 0.779 0.940 0.009 0.024
1 0.954 0.748 0.004 0.007
1 0.882 0.782 0.004 0.005
1 0.858 0.775 0.003 0.008
2 0.883 0.794 0.006 0.016
2 0.948 0.755 0.008 0.013
