0 0.072 0.539 0.016 0.029
0 0.102 0.603 0.015 0.056
0 0.181 0.459 0.012 0.024
0 0.219 0.380 0.012 0.037
0 0.641 0.909 0.017 0.072
0 0.502 0.881 0.017 0.072
0 0.573 0.702 0.012 0.048
0 0.816 0.586 0.011 0.067
0 0.866 0.603 0.010 0.053
0 0.855 0.601 0.007 0.053
0 0.979 0.773 0.021 0.075
3 0.016 0.685 0.031 0.043
3 0.063 0.680 0.060 0.068
3 0.862 0.662 0.027 0.071
3 0.653 0.675 0.053 0.073
3 0.624 0.760 0.080 0.073
3 0.555 0.778 0.034 0.096
3 0.678 0.298 0.016 0.033
3 0.571 0.369 0.023 0.036
4 0.769 0.949 0.091 0.103
4 0.820 0.814 0.096 0.092
4 0.711 0.762 0.051 0.062
4 0.360 0.927 0.139 0.146
4 0.129 0.726 0.057 0.064
4 0.327 0.506 0.048 0.049
4 0.735 0.649 0.059 0.052
4 0.204 0.592 0.057 0.055
14 0.083 0.012 0.066 0.019
14 0.281 0.009 0.106 0.017
13 0.104 0.053 0.097 0.027
13 0.223 0.043 0.086 0.026
13 0.354 0.035 0.145 0.025
13 0.499 0.019 0.095 0.013
13 0.668 0.029 0.091 0.037
13 0.775 0.031 0.071 0.043
13 0.928 0.044 0.145 0.043
9 0.687 0.886 0.023 0.034
7 0.091 0.957 0.141 0.086
0 0.358 0.618 0.018 0.043
0 0.322 0.611 0.026 0.042
0 0.254 0.912 0.023 0.082
1 0.252 0.880 0.009 0.016
2 0.252 0.907 0.015 0.035
2 0.355 0.613 0.012 0.025
2 0.322 0.605 0.013 0.016
1 0.361 0.599 0.008 0.008
1 0.314 0.598 0.006 0.010
2 0.075 0.541 0.013 0.022
1 0.185 0.452 0.005 0.010
10 0.242 0.395 0.011 0.034
1 0.500 0.851 0.010 0.013
2 0.501 0.877 0.014 0.038
1 0.643 0.878 0.007 0.013
2 0.639 0.904 0.012 0.035
1 0.815 0.558 0.007 0.011
2 0.815 0.578 0.009 0.022
0 0.731 0.514 0.013 0.048
2 0.732 0.506 0.010 0.019
