0 0.023 0.855 0.028 0.114
0 0.054 0.959 0.042 0.082
0 0.012 0.980 0.023 0.035
0 0.580 0.907 0.030 0.091
0 0.034 0.590 0.017 0.066
0 0.080 0.594 0.016 0.060
0 0.083 0.561 0.009 0.021
0 0.164 0.508 0.011 0.049
0 0.200 0.561 0.018 0.026
0 0.523 0.754 0.024 0.060
0 0.457 0.814 0.020 0.039
0 0.482 0.825 0.017 0.032
0 0.482 0.767 0.020 0.090
0 0.437 0.765 0.012 0.107
0 0.447 0.728 0.010 0.051
0 0.458 0.742 0.019 0.045
0 0.445 0.615 0.016 0.072
0 0.823 0.731 0.023 0.099
0 0.800 0.602 0.016 0.071
0 0.774 0.577 0.016 0.064
0 0.766 0.535 0.014 0.022
0 0.650 0.593 0.018 0.038
0 0.619 0.564 0.015 0.032
0 0.606 0.526 0.011 0.016
0 0.611 0.516 0.006 0.013
0 0.474 0.499 0.013 0.049
0 0.557 0.504 0.010 0.020
0 0.510 0.468 0.005 0.025
0 0.438 0.473 0.010 0.016
0 0.423 0.465 0.008 0.022
0 0.353 0.486 0.009 0.038
0 0.379 0.494 0.012 0.041
0 0.321 0.493 0.009 0.041
1 0.053 0.930 0.020 0.022
1 0.016 0.811 0.010 0.020
2 0.021 0.838 0.017 0.037
2 0.055 0.973 0.028 0.047
2 0.032 0.584 0.009 0.024
2 0.082 0.582 0.010 0.021
1 0.035 0.566 0.005 0.009
1 0.076 0.566 0.007 0.012
1 0.083 0.555 0.003 0.006
1 0.196 0.553 0.004 0.008
1 0.164 0.491 0.005 0.005
2 0.166 0.504 0.007 0.023
2 0.483 0.763 0.010 0.032
2 0.526 0.757 0.011 0.022
1 0.525 0.737 0.009 0.015
1 0.480 0.730 0.011 0.013
2 0.459 0.823 0.016 0.019
1 0.480 0.818 0.010 0.017
1 0.459 0.806 0.008 0.013
1 0.439 0.725 0.008 0.019
1 0.449 0.708 0.010 0.019
1 0.454 0.722 0.009 0.016
2 0.438 0.751 0.013 0.030
2 0.444 0.606 0.008 0.024
1 0.445 0.584 0.006 0.007
1 0.653 0.581 0.005 0.009
2 0.647 0.587 0.007 0.013
2 0.619 0.562 0.008 0.018
1 0.623 0.553 0.006 0.008
1 0.608 0.525 0.004 0.006
1 0.613 0.515 0.004 0.008
1 0.804 0.575 0.004 0.010
1 0.774 0.551 0.007 0.009
1 0.762 0.526 0.004 0.006
2 0.774 0.566 0.008 0.020
2 0.801 0.593 0.009 0.027
2 0.769 0.534 0.007 0.013
1 0.827 0.694 0.009 0.013
2 0.823 0.720 0.010 0.033
2 0.557 0.505 0.007 0.013
1 0.475 0.483 0.005 0.007
2 0.475 0.495 0.007 0.015
1 0.510 0.457 0.003 0.003
2 0.510 0.466 0.003 0.009
2 0.380 0.490 0.007 0.015
1 0.378 0.479 0.003 0.007
2 0.353 0.483 0.005 0.014
1 0.354 0.473 0.005 0.005
3 0.428 0.919 0.115 0.160
3 0.177 0.862 0.165 0.174
6 0.645 0.286 0.022 0.013
10 0.264 0.765 0.043 0.093
12 0.426 0.609 0.021 0.124
12 0.208 0.063 0.012 0.028
11 0.589 0.514 0.032 0.029
14 0.034 0.198 0.023 0.014
14 0.062 0.203 0.029 0.017
14 0.027 0.219 0.020 0.012
14 0.048 0.219 0.014 0.010
14 0.233 0.290 0.052 0.031
14 0.673 0.277 0.043 0.014
14 0.614 0.273 0.011 0.005
14 0.962 0.230 0.034 0.013
14 0.882 0.236 0.039 0.009
14 0.816 0.244 0.076 0.010
13 0.137 0.278 0.111 0.057
13 0.665 0.308 0.127 0.029
10 0.454 0.585 0.010 0.034
1 0.576 0.872 0.013 0.015
2 0.582 0.911 0.016 0.047
