0 0.067 0.061 0.021 0.076
0 0.115 0.063 0.022 0.050
0 0.174 0.159 0.024 0.078
0 0.344 0.057 0.008 0.048
0 0.339 0.287 0.018 0.101
0 0.395 0.100 0.015 0.049
0 0.401 0.361 0.030 0.132
0 0.695 0.025 0.019 0.046
0 0.544 0.301 0.027 0.046
1 0.120 0.043 0.004 0.013
1 0.169 0.130 0.009 0.013
1 0.334 0.244 0.010 0.020
1 0.399 0.303 0.012 0.019
2 0.112 0.048 0.008 0.013
2 0.174 0.152 0.015 0.031
2 0.339 0.274 0.014 0.038
2 0.402 0.342 0.018 0.042
2 0.391 0.089 0.007 0.019
2 0.344 0.056 0.004 0.021
1 0.343 0.037 0.005 0.012
2 0.547 0.301 0.015 0.035
4 0.052 0.173 0.102 0.042
3 0.240 0.078 0.041 0.067
3 0.121 0.328 0.087 0.127
4 0.163 0.257 0.122 0.077
4 0.235 0.208 0.061 0.075
3 0.371 0.200 0.056 0.030
4 0.551 0.156 0.070 0.061
4 0.575 0.233 0.102 0.118
7 0.282 0.944 0.193 0.107
7 0.433 0.674 0.168 0.250
7 0.617 0.604 0.051 0.162
7 0.661 0.508 0.080 0.138
7 0.688 0.429 0.134 0.150
7 0.769 0.590 0.068 0.149
7 0.857 0.669 0.094 0.139
11 0.302 0.215 0.054 0.041
10 0.313 0.123 0.015 0.034
9 0.123 0.209 0.065 0.030
