0 0.028 0.677 0.019 0.054
0 0.212 0.721 0.018 0.069
0 0.192 0.784 0.020 0.032
0 0.220 0.790 0.017 0.068
0 0.241 0.801 0.020 0.070
0 0.272 0.827 0.020 0.031
0 0.271 0.775 0.018 0.057
0 0.294 0.791 0.017 0.071
0 0.349 0.810 0.016 0.055
0 0.489 0.711 0.011 0.033
0 0.532 0.807 0.014 0.041
0 0.437 0.676 0.011 0.033
0 0.419 0.625 0.007 0.033
0 0.428 0.626 0.005 0.029
0 0.432 0.624 0.007 0.035
0 0.859 0.679 0.009 0.060
0 0.869 0.686 0.011 0.062
0 0.847 0.841 0.019 0.047
0 0.884 0.935 0.020 0.082
0 0.766 0.613 0.011 0.052
0 0.801 0.531 0.010 0.031
0 0.762 0.518 0.010 0.026
0 0.572 0.514 0.007 0.024
0 0.627 0.528 0.006 0.015
1 0.217 0.766 0.006 0.008
1 0.239 0.773 0.007 0.012
1 0.192 0.772 0.008 0.009
1 0.271 0.813 0.006 0.009
1 0.269 0.755 0.008 0.010
1 0.295 0.767 0.005 0.006
1 0.348 0.789 0.006 0.009
1 0.210 0.698 0.005 0.009
1 0.024 0.655 0.007 0.010
2 0.027 0.671 0.010 0.018
2 0.211 0.717 0.010 0.020
2 0.189 0.784 0.013 0.016
2 0.220 0.785 0.011 0.023
2 0.240 0.794 0.011 0.026
2 0.270 0.829 0.011 0.017
2 0.292 0.790 0.009 0.033
2 0.349 0.813 0.008 0.033
2 0.272 0.778 0.010 0.026
1 0.436 0.662 0.005 0.004
1 0.533 0.797 0.005 0.008
1 0.488 0.698 0.003 0.007
1 0.420 0.612 0.003 0.006
1 0.428 0.613 0.004 0.005
1 0.432 0.612 0.004 0.008
2 0.418 0.620 0.005 0.010
2 0.429 0.624 0.006 0.015
2 0.433 0.623 0.005 0.012
2 0.437 0.674 0.005 0.012
2 0.487 0.711 0.006 0.012
4 0.465 0.731 0.050 0.050
3 0.844 0.915 0.037 0.088
3 0.898 0.889 0.076 0.062
3 0.853 0.634 0.035 0.042
4 0.369 0.924 0.099 0.061
3 0.294 0.906 0.048 0.061
4 0.586 0.553 0.027 0.032
3 0.627 0.587 0.021 0.039
3 0.691 0.535 0.025 0.025
4 0.663 0.585 0.026 0.025
10 0.164 0.875 0.026 0.075
10 0.323 0.642 0.019 0.046
14 0.082 0.312 0.047 0.090
14 0.925 0.250 0.018 0.028
14 0.697 0.335 0.085 0.018
13 0.308 0.353 0.097 0.019
1 0.845 0.824 0.009 0.012
1 0.882 0.901 0.009 0.009
2 0.884 0.928 0.012 0.033
2 0.851 0.847 0.010 0.028
2 0.870 0.680 0.007 0.024
