0 0.136 0.851 0.016 0.035
0 0.147 0.854 0.009 0.026
0 0.178 0.727 0.013 0.039
0 0.214 0.707 0.009 0.025
0 0.199 0.650 0.009 0.013
0 0.189 0.637 0.008 0.016
0 0.178 0.637 0.008 0.018
0 0.162 0.644 0.007 0.017
0 0.352 0.830 0.011 0.025
0 0.460 0.747 0.008 0.024
0 0.443 0.706 0.007 0.036
0 0.463 0.651 0.010 0.013
0 0.450 0.644 0.006 0.012
0 0.724 0.647 0.007 0.021
0 0.686 0.655 0.006 0.019
0 0.802 0.841 0.010 0.053
0 0.790 0.841 0.013 0.057
0 0.787 0.788 0.011 0.041
1 0.140 0.835 0.005 0.007
1 0.179 0.713 0.004 0.006
1 0.211 0.701 0.003 0.005
1 0.289 0.667 0.003 0.006
1 0.201 0.647 0.002 0.004
1 0.786 0.772 0.004 0.005
1 0.450 0.640 0.002 0.004
1 0.462 0.648 0.002 0.003
1 0.457 0.618 0.002 0.003
2 0.137 0.850 0.013 0.019
2 0.146 0.856 0.006 0.012
2 0.177 0.724 0.007 0.014
2 0.198 0.651 0.004 0.009
2 0.187 0.637 0.003 0.008
2 0.161 0.642 0.005 0.006
2 0.789 0.831 0.010 0.019
2 0.802 0.832 0.009 0.018
2 0.786 0.781 0.008 0.012
2 0.549 0.792 0.008 0.018
0 0.520 0.735 0.010 0.039
0 0.533 0.753 0.009 0.032
0 0.548 0.790 0.011 0.030
2 0.461 0.747 0.006 0.013
2 0.442 0.701 0.004 0.013
3 0.729 0.853 0.019 0.052
4 0.646 0.808 0.021 0.044
4 0.570 0.720 0.015 0.027
7 0.334 0.866 0.056 0.033
7 0.282 0.852 0.018 0.035
7 0.226 0.814 0.018 0.039
7 0.321 0.835 0.022 0.022
7 0.337 0.809 0.017 0.041
7 0.318 0.799 0.025 0.024
10 0.387 0.699 0.013 0.021
14 0.031 0.528 0.047 0.028
2 0.214 0.704 0.003 0.009
13 0.180 0.522 0.079 0.014
13 0.100 0.521 0.027 0.020
13 0.071 0.524 0.032 0.021
13 0.182 0.504 0.080 0.013
13 0.282 0.510 0.120 0.018
13 0.356 0.511 0.026 0.010
13 0.422 0.508 0.061 0.013
13 0.505 0.508 0.027 0.014
13 0.593 0.506 0.018 0.012
13 0.708 0.507 0.061 0.013
13 0.809 0.507 0.079 0.013
13 0.625 0.507 0.029 0.010
