0 0.154 0.537 0.010 0.018
0 0.024 0.558 0.011 0.035
0 0.041 0.555 0.007 0.013
0 0.049 0.557 0.011 0.043
0 0.193 0.823 0.014 0.043
0 0.235 0.892 0.015 0.028
0 0.241 0.839 0.012 0.045
0 0.427 0.762 0.011 0.040
0 0.400 0.693 0.007 0.024
0 0.454 0.707 0.008 0.018
0 0.468 0.710 0.008 0.012
0 0.549 0.707 0.007 0.029
0 0.690 0.942 0.013 0.055
0 0.777 0.843 0.013 0.049
0 0.804 0.870 0.014 0.025
0 0.654 0.923 0.016 0.036
0 0.658 0.862 0.014 0.028
0 0.592 0.800 0.015 0.019
0 0.641 0.850 0.015 0.019
0 0.644 0.835 0.013 0.013
0 0.341 0.759 0.008 0.024
0 0.836 0.991 0.019 0.018
0 0.892 0.522 0.006 0.018
0 0.557 0.518 0.006 0.014
0 0.582 0.522 0.005 0.007
0 0.598 0.523 0.005 0.009
0 0.624 0.523 0.005 0.012
0 0.609 0.523 0.005 0.008
0 0.583 0.742 0.007 0.021
1 0.024 0.545 0.005 0.005
1 0.039 0.552 0.004 0.006
1 0.049 0.541 0.004 0.005
1 0.155 0.531 0.004 0.005
2 0.023 0.560 0.006 0.017
2 0.050 0.555 0.007 0.021
2 0.155 0.539 0.005 0.009
2 0.240 0.833 0.007 0.015
2 0.192 0.816 0.007 0.013
1 0.198 0.807 0.006 0.006
1 0.242 0.820 0.004 0.007
1 0.237 0.882 0.005 0.006
1 0.265 0.778 0.003 0.005
2 0.232 0.887 0.006 0.011
1 0.302 0.763 0.004 0.005
1 0.342 0.749 0.004 0.004
2 0.341 0.758 0.004 0.011
2 0.427 0.755 0.005 0.010
2 0.400 0.692 0.004 0.011
2 0.454 0.707 0.004 0.008
2 0.468 0.713 0.004 0.007
1 0.427 0.746 0.005 0.006
1 0.401 0.684 0.003 0.004
1 0.454 0.700 0.002 0.004
1 0.468 0.706 0.003 0.004
1 0.551 0.700 0.003 0.006
2 0.548 0.706 0.003 0.009
2 0.583 0.742 0.003 0.009
2 0.587 0.801 0.005 0.016
1 0.591 0.792 0.004 0.006
1 0.646 0.831 0.004 0.007
1 0.641 0.844 0.003 0.006
1 0.656 0.850 0.005 0.005
1 0.656 0.910 0.006 0.007
1 0.692 0.920 0.006 0.009
2 0.690 0.936 0.007 0.019
2 0.653 0.923 0.008 0.018
2 0.656 0.862 0.006 0.013
2 0.637 0.846 0.005 0.009
2 0.641 0.835 0.005 0.009
2 0.807 0.869 0.007 0.011
2 0.779 0.835 0.006 0.017
1 0.777 0.822 0.005 0.005
1 0.800 0.862 0.003 0.006
1 0.840 0.988 0.004 0.009
1 0.558 0.514 0.002 0.002
1 0.599 0.522 0.003 0.003
1 0.625 0.521 0.002 0.004
1 0.610 0.520 0.003 0.005
2 0.558 0.519 0.003 0.008
2 0.599 0.525 0.003 0.003
2 0.624 0.525 0.003 0.005
4 0.673 0.779 0.024 0.042
7 0.692 0.791 0.015 0.027
7 0.549 0.763 0.042 0.021
6 0.676 0.521 0.022 0.020
3 0.468 0.613 0.135 0.143
12 0.464 0.301 0.028 0.134
12 0.260 0.281 0.013 0.019
12 0.113 0.179 0.013 0.023
12 0.484 0.019 0.022 0.036
11 0.622 0.820 0.034 0.039
10 0.483 0.968 0.017 0.054
14 0.296 0.538 0.053 0.102
14 0.705 0.511 0.048 0.020
14 0.989 0.493 0.023 0.014
14 0.911 0.488 0.030 0.009
14 0.822 0.492 0.024 0.019
14 0.086 0.516 0.022 0.014
14 0.115 0.515 0.026 0.013
14 0.081 0.539 0.019 0.013
14 0.102 0.540 0.014 0.015
14 0.035 0.514 0.024 0.013
14 0.008 0.517 0.016 0.011
13 0.161 0.573 0.127 0.023
13 0.729 0.537 0.161 0.024
