0 0.078 0.744 0.022 0.072
0 0.089 0.648 0.010 0.045
0 0.248 0.586 0.009 0.037
0 0.332 0.584 0.010 0.043
0 0.339 0.525 0.008 0.025
0 0.444 0.678 0.015 0.062
0 0.389 0.541 0.008 0.028
0 0.402 0.549 0.009 0.016
0 0.468 0.538 0.010 0.031
0 0.530 0.615 0.010 0.027
0 0.618 0.782 0.020 0.032
0 0.601 0.734 0.014 0.040
0 0.789 0.842 0.021 0.082
0 0.754 0.675 0.013 0.031
0 0.743 0.700 0.012 0.054
0 0.725 0.683 0.011 0.063
0 0.626 0.515 0.007 0.013
0 0.587 0.660 0.013 0.019
0 0.590 0.646 0.012 0.013
2 0.077 0.734 0.008 0.025
2 0.089 0.647 0.008 0.019
1 0.080 0.714 0.006 0.007
1 0.091 0.634 0.006 0.009
1 0.259 0.580 0.004 0.004
1 0.246 0.572 0.003 0.005
1 0.332 0.568 0.003 0.004
1 0.341 0.516 0.003 0.004
2 0.339 0.524 0.005 0.013
2 0.332 0.579 0.005 0.016
2 0.248 0.584 0.006 0.016
2 0.529 0.617 0.006 0.013
1 0.445 0.655 0.005 0.008
2 0.443 0.669 0.007 0.022
1 0.528 0.606 0.005 0.005
1 0.389 0.531 0.003 0.004
2 0.390 0.539 0.005 0.009
2 0.401 0.546 0.004 0.007
2 0.467 0.534 0.004 0.011
2 0.619 0.784 0.010 0.019
1 0.611 0.775 0.005 0.011
2 0.597 0.728 0.008 0.018
1 0.604 0.719 0.005 0.008
1 0.591 0.655 0.003 0.007
1 0.593 0.642 0.004 0.007
2 0.585 0.658 0.006 0.010
2 0.588 0.647 0.006 0.007
2 0.756 0.675 0.009 0.014
2 0.746 0.694 0.008 0.022
2 0.724 0.674 0.006 0.019
1 0.726 0.659 0.004 0.008
1 0.744 0.677 0.006 0.007
1 0.749 0.665 0.003 0.008
1 0.790 0.811 0.007 0.009
2 0.787 0.832 0.011 0.031
6 0.619 0.338 0.021 0.024
4 0.623 0.598 0.020 0.039
7 0.640 0.611 0.014 0.026
11 0.566 0.630 0.035 0.049
10 0.417 0.789 0.021 0.049
14 0.647 0.329 0.048 0.017
14 0.778 0.304 0.045 0.021
14 0.874 0.298 0.059 0.020
13 0.276 0.359 0.072 0.026
13 0.635 0.358 0.197 0.027
14 0.124 0.181 0.076 0.164
