0 0.829 0.796 0.044 0.100
0 0.867 0.779 0.041 0.089
0 0.772 0.375 0.024 0.040
0 0.764 0.340 0.019 0.052
0 0.639 0.362 0.018 0.038
0 0.518 0.254 0.009 0.046
0 0.405 0.265 0.015 0.049
0 0.473 0.426 0.015 0.071
0 0.454 0.449 0.017 0.076
0 0.441 0.428 0.016 0.057
0 0.461 0.417 0.018 0.081
0 0.251 0.371 0.017 0.032
0 0.328 0.257 0.013 0.041
0 0.078 0.445 0.019 0.057
0 0.053 0.439 0.018 0.058
0 0.144 0.674 0.021 0.066
0 0.490 0.801 0.021 0.083
1 0.489 0.767 0.009 0.014
1 0.834 0.761 0.013 0.019
1 0.871 0.742 0.014 0.019
1 0.441 0.413 0.006 0.012
1 0.449 0.418 0.006 0.013
1 0.458 0.385 0.008 0.012
1 0.472 0.396 0.008 0.008
1 0.404 0.244 0.005 0.006
1 0.142 0.653 0.009 0.013
1 0.075 0.425 0.008 0.008
1 0.057 0.419 0.007 0.008
1 0.777 0.360 0.007 0.010
1 0.760 0.316 0.007 0.008
1 0.693 0.337 0.004 0.010
1 0.638 0.348 0.006 0.012
2 0.830 0.788 0.020 0.044
2 0.865 0.767 0.014 0.036
2 0.144 0.672 0.011 0.023
2 0.079 0.445 0.010 0.025
2 0.054 0.433 0.011 0.023
2 0.404 0.258 0.008 0.016
2 0.329 0.251 0.006 0.011
2 0.441 0.431 0.010 0.019
2 0.461 0.403 0.010 0.019
2 0.452 0.435 0.010 0.019
2 0.765 0.328 0.010 0.017
2 0.770 0.374 0.009 0.019
2 0.687 0.334 0.009 0.009
3 0.947 0.666 0.080 0.112
3 0.707 0.567 0.073 0.051
4 0.669 0.533 0.075 0.080
4 0.879 0.603 0.043 0.125
4 0.978 0.416 0.037 0.071
4 0.846 0.523 0.058 0.067
4 0.803 0.512 0.031 0.050
4 0.302 0.245 0.014 0.044
7 0.139 0.769 0.029 0.064
7 0.030 0.855 0.035 0.045
10 0.774 0.422 0.014 0.034
10 0.385 0.220 0.011 0.024
14 0.926 0.077 0.148 0.037
14 0.667 0.051 0.085 0.022
14 0.469 0.037 0.034 0.013
14 0.514 0.043 0.019 0.016
14 0.585 0.160 0.037 0.019
