0 0.033 0.822 0.027 0.050
0 0.835 0.831 0.029 0.102
0 0.770 0.721 0.019 0.093
0 0.617 0.725 0.027 0.104
0 0.756 0.565 0.016 0.071
0 0.833 0.555 0.024 0.036
0 0.648 0.509 0.015 0.067
0 0.597 0.473 0.016 0.059
0 0.573 0.505 0.011 0.031
0 0.580 0.459 0.014 0.062
0 0.562 0.463 0.015 0.055
0 0.533 0.456 0.013 0.062
0 0.506 0.447 0.013 0.040
0 0.528 0.395 0.009 0.057
0 0.777 0.385 0.011 0.039
0 0.810 0.435 0.013 0.035
0 0.763 0.289 0.009 0.026
0 0.752 0.289 0.008 0.029
0 0.738 0.311 0.005 0.009
0 0.740 0.329 0.005 0.026
0 0.747 0.333 0.006 0.034
0 0.752 0.332 0.007 0.036
0 0.381 0.322 0.012 0.049
0 0.340 0.328 0.011 0.044
0 0.337 0.293 0.011 0.031
0 0.191 0.259 0.011 0.030
0 0.218 0.273 0.008 0.039
0 0.229 0.295 0.011 0.020
0 0.189 0.338 0.012 0.043
0 0.150 0.335 0.012 0.027
0 0.137 0.325 0.011 0.020
0 0.158 0.383 0.013 0.026
0 0.049 0.328 0.013 0.020
0 0.022 0.330 0.014 0.022
1 0.037 0.812 0.008 0.012
2 0.028 0.812 0.009 0.022
2 0.621 0.713 0.013 0.035
1 0.624 0.687 0.008 0.015
2 0.648 0.503 0.010 0.027
1 0.650 0.484 0.006 0.010
1 0.599 0.447 0.006 0.007
1 0.581 0.434 0.007 0.006
1 0.560 0.441 0.006 0.006
1 0.531 0.429 0.005 0.006
1 0.510 0.434 0.005 0.008
2 0.532 0.447 0.009 0.022
2 0.563 0.460 0.009 0.023
2 0.580 0.449 0.007 0.022
2 0.596 0.466 0.009 0.023
2 0.573 0.504 0.007 0.018
2 0.506 0.444 0.008 0.013
2 0.339 0.324 0.006 0.017
2 0.381 0.318 0.006 0.019
1 0.380 0.302 0.004 0.007
1 0.337 0.284 0.004 0.006
2 0.337 0.297 0.008 0.013
2 0.754 0.562 0.006 0.026
1 0.758 0.537 0.006 0.008
2 0.838 0.550 0.013 0.013
1 0.826 0.549 0.005 0.011
2 0.808 0.440 0.007 0.014
1 0.811 0.426 0.005 0.007
2 0.777 0.384 0.005 0.019
1 0.777 0.371 0.004 0.006
2 0.752 0.330 0.004 0.013
2 0.747 0.329 0.004 0.013
2 0.740 0.328 0.004 0.012
2 0.753 0.287 0.003 0.008
2 0.763 0.288 0.005 0.011
1 0.748 0.318 0.003 0.005
1 0.751 0.317 0.003 0.005
1 0.737 0.309 0.003 0.005
1 0.740 0.321 0.003 0.006
1 0.753 0.278 0.004 0.005
1 0.762 0.278 0.003 0.005
1 0.840 0.789 0.011 0.014
1 0.769 0.685 0.008 0.014
2 0.771 0.716 0.009 0.032
2 0.834 0.814 0.014 0.032
3 0.200 0.721 0.071 0.087
3 0.284 0.704 0.079 0.099
3 0.423 0.693 0.078 0.181
3 0.555 0.583 0.128 0.071
3 0.584 0.659 0.030 0.087
4 0.664 0.625 0.098 0.094
4 0.782 0.450 0.049 0.062
4 0.760 0.214 0.026 0.029
7 0.417 0.938 0.117 0.112
7 0.694 0.898 0.146 0.143
10 0.479 0.514 0.020 0.059
11 0.093 0.324 0.036 0.048
14 0.290 0.046 0.016 0.031
14 0.452 0.016 0.039 0.031
13 0.121 0.051 0.191 0.029
