0 0.003 0.701 0.005 0.039
0 0.015 0.699 0.009 0.039
0 0.030 0.730 0.010 0.038
0 0.053 0.856 0.030 0.036
0 0.096 0.853 0.018 0.057
0 0.411 0.622 0.008 0.039
0 0.396 0.625 0.010 0.036
0 0.260 0.508 0.005 0.018
0 0.255 0.508 0.002 0.013
0 0.436 0.954 0.017 0.077
0 0.574 0.902 0.014 0.072
0 0.594 0.870 0.017 0.054
0 0.493 0.780 0.014 0.065
0 0.533 0.737 0.011 0.061
0 0.465 0.651 0.009 0.019
0 0.466 0.679 0.007 0.054
0 0.474 0.671 0.009 0.049
0 0.605 0.604 0.009 0.036
0 0.623 0.606 0.007 0.035
0 0.385 0.556 0.005 0.030
0 0.392 0.557 0.006 0.021
0 0.756 0.610 0.010 0.037
0 0.951 0.773 0.016 0.095
0 0.683 0.751 0.013 0.055
0 0.758 0.761 0.018 0.035
0 0.707 0.727 0.010 0.039
0 0.697 0.968 0.025 0.062
0 0.277 0.912 0.020 0.037
0 0.171 0.387 0.003 0.008
0 0.254 0.571 0.007 0.006
0 0.181 0.511 0.003 0.014
1 0.434 0.923 0.008 0.014
1 0.575 0.871 0.006 0.011
1 0.689 0.943 0.005 0.012
1 0.015 0.684 0.004 0.005
1 0.031 0.714 0.003 0.006
1 0.062 0.845 0.007 0.012
1 0.092 0.829 0.006 0.009
1 0.003 0.688 0.002 0.006
1 0.260 0.500 0.002 0.004
1 0.252 0.569 0.002 0.003
1 0.274 0.897 0.009 0.013
1 0.442 0.789 0.008 0.008
0 0.442 0.799 0.019 0.035
1 0.490 0.751 0.005 0.008
1 0.533 0.710 0.005 0.006
1 0.398 0.610 0.003 0.006
1 0.410 0.605 0.003 0.004
1 0.385 0.544 0.003 0.004
1 0.464 0.644 0.004 0.004
1 0.473 0.648 0.003 0.006
1 0.603 0.595 0.003 0.004
1 0.624 0.591 0.002 0.006
1 0.590 0.849 0.005 0.011
1 0.684 0.729 0.005 0.010
1 0.705 0.712 0.005 0.007
1 0.765 0.757 0.005 0.009
1 0.947 0.732 0.009 0.018
1 0.756 0.595 0.005 0.004
2 0.433 0.947 0.015 0.037
2 0.534 0.727 0.011 0.021
2 0.491 0.772 0.011 0.025
2 0.440 0.807 0.011 0.020
2 0.700 0.965 0.016 0.035
2 0.953 0.761 0.011 0.042
2 0.706 0.726 0.007 0.020
2 0.757 0.751 0.012 0.018
2 0.756 0.609 0.007 0.017
2 0.410 0.617 0.006 0.014
2 0.394 0.622 0.005 0.019
2 0.622 0.602 0.005 0.016
2 0.098 0.847 0.016 0.022
2 0.048 0.855 0.017 0.020
2 0.029 0.727 0.007 0.017
2 0.015 0.696 0.007 0.018
2 0.003 0.697 0.005 0.013
2 0.385 0.554 0.004 0.014
2 0.260 0.507 0.004 0.008
12 0.491 0.479 0.038 0.066
12 0.734 0.332 0.008 0.023
3 0.430 0.872 0.041 0.085
3 0.611 0.720 0.029 0.053
3 0.320 0.569 0.018 0.027
3 0.249 0.625 0.026 0.029
4 0.477 0.833 0.083 0.028
4 0.755 0.930 0.108 0.067
4 0.825 0.859 0.090 0.040
4 0.588 0.584 0.023 0.020
4 0.286 0.615 0.029 0.029
4 0.030 0.786 0.059 0.047
11 0.591 0.837 0.039 0.037
14 0.303 0.390 0.017 0.006
14 0.379 0.390 0.019 0.005
14 0.640 0.386 0.034 0.008
14 0.630 0.374 0.044 0.006
14 0.910 0.470 0.032 0.015
14 0.971 0.486 0.045 0.022
14 0.870 0.381 0.022 0.010
9 0.478 0.796 0.033 0.035
10 0.649 0.769 0.010 0.033
6 0.250 0.595 0.026 0.027
4 0.548 0.815 0.033 0.063
4 0.665 0.892 0.086 0.079
4 0.641 0.807 0.058 0.046
4 0.721 0.617 0.029 0.038
4 0.752 0.632 0.033 0.031
