0 0.044 0.857 0.028 0.087
1 0.048 0.821 0.008 0.009
1 0.789 0.952 0.012 0.020
2 0.777 0.948 0.013 0.039
2 0.042 0.843 0.013 0.027
14 0.054 0.588 0.042 0.025
14 0.206 0.597 0.099 0.029
14 0.262 0.472 0.117 0.018
14 0.384 0.472 0.099 0.018
14 0.533 0.614 0.257 0.039
14 0.705 0.471 0.160 0.025
13 0.908 0.672 0.183 0.067
13 0.800 0.623 0.272 0.045
13 0.894 0.470 0.212 0.038
13 0.532 0.473 0.186 0.030
13 0.750 0.694 0.128 0.050
13 0.606 0.706 0.162 0.043
13 0.331 0.603 0.145 0.031
13 0.445 0.712 0.164 0.044
