0 0.535 0.604 0.020 0.049
0 0.512 0.583 0.017 0.045
0 0.481 0.559 0.014 0.061
0 0.477 0.609 0.021 0.041
0 0.436 0.538 0.021 0.036
0 0.388 0.511 0.016 0.060
0 0.743 0.650 0.022 0.075
0 0.613 0.687 0.020 0.070
0 0.455 0.824 0.028 0.039
0 0.350 0.810 0.039 0.058
0 0.282 0.607 0.017 0.058
0 0.190 0.325 0.006 0.031
0 0.228 0.415 0.013 0.023
0 0.158 0.353 0.008 0.035
0 0.150 0.354 0.012 0.039
0 0.098 0.412 0.011 0.021
0 0.087 0.404 0.014 0.020
0 0.088 0.467 0.016 0.026
0 0.413 0.273 0.008 0.026
0 0.615 0.311 0.008 0.032
0 0.809 0.677 0.022 0.058
0 0.916 0.273 0.010 0.022
1 0.089 0.400 0.005 0.008
1 0.099 0.406 0.004 0.007
1 0.092 0.460 0.004 0.008
1 0.226 0.408 0.005 0.007
1 0.190 0.314 0.004 0.005
1 0.149 0.341 0.003 0.007
1 0.157 0.343 0.004 0.005
0 0.184 0.345 0.009 0.038
0 0.182 0.321 0.007 0.012
1 0.281 0.584 0.006 0.010
1 0.388 0.487 0.006 0.007
1 0.432 0.528 0.006 0.009
1 0.483 0.536 0.007 0.010
1 0.480 0.596 0.006 0.008
1 0.511 0.563 0.006 0.008
1 0.535 0.582 0.007 0.007
1 0.614 0.299 0.004 0.005
1 0.747 0.619 0.007 0.012
1 0.806 0.652 0.008 0.011
1 0.617 0.660 0.010 0.012
1 0.351 0.788 0.010 0.021
1 0.461 0.809 0.007 0.013
2 0.344 0.798 0.011 0.033
2 0.453 0.817 0.011 0.022
2 0.476 0.608 0.010 0.017
2 0.480 0.554 0.009 0.024
2 0.388 0.503 0.009 0.019
2 0.513 0.581 0.009 0.022
2 0.742 0.638 0.010 0.027
2 0.807 0.672 0.015 0.025
2 0.615 0.306 0.005 0.013
2 0.183 0.339 0.008 0.012
2 0.150 0.352 0.004 0.010
2 0.190 0.323 0.004 0.013
2 0.086 0.465 0.009 0.012
2 0.096 0.415 0.006 0.014
2 0.085 0.407 0.005 0.011
2 0.283 0.602 0.015 0.021
3 0.087 0.848 0.079 0.088
3 0.401 0.692 0.037 0.051
3 0.440 0.678 0.042 0.033
3 0.473 0.709 0.056 0.051
3 0.017 0.864 0.033 0.086
4 0.526 0.753 0.089 0.102
4 0.714 0.545 0.057 0.060
4 0.753 0.281 0.029 0.022
4 0.952 0.353 0.046 0.036
10 0.591 0.420 0.014 0.037
10 0.737 0.258 0.008 0.022
5 0.606 0.405 0.104 0.059
5 0.561 0.417 0.032 0.039
