7 0.070 0.962 0.063 0.066
7 0.070 0.893 0.033 0.078
12 0.291 0.323 0.041 0.060
4 0.157 0.869 0.057 0.057
0 0.095 0.931 0.013 0.058
0 0.171 0.725 0.008 0.032
0 0.189 0.732 0.009 0.034
0 0.005 0.723 0.008 0.029
1 0.005 0.711 0.004 0.006
1 0.170 0.714 0.003 0.006
1 0.093 0.903 0.008 0.006
2 0.004 0.723 0.007 0.014
2 0.171 0.724 0.004 0.013
2 0.094 0.917 0.010 0.019
2 0.191 0.730 0.006 0.018
2 0.222 0.756 0.005 0.012
2 0.226 0.675 0.004 0.008
0 0.223 0.759 0.009 0.035
0 0.226 0.673 0.005 0.017
1 0.190 0.721 0.004 0.006
1 0.224 0.746 0.004 0.008
0 0.284 0.896 0.009 0.022
0 0.312 0.791 0.009 0.039
0 0.332 0.835 0.009 0.031
0 0.384 0.834 0.013 0.025
0 0.348 0.875 0.009 0.048
0 0.359 0.693 0.005 0.028
1 0.285 0.892 0.004 0.006
1 0.311 0.776 0.004 0.005
1 0.331 0.822 0.003 0.008
1 0.348 0.857 0.005 0.007
1 0.379 0.825 0.003 0.007
1 0.361 0.684 0.003 0.003
1 0.416 0.892 0.004 0.009
2 0.349 0.871 0.006 0.017
2 0.312 0.786 0.006 0.014
2 0.332 0.833 0.007 0.014
10 0.367 0.692 0.005 0.025
0 0.415 0.906 0.010 0.040
3 0.533 0.879 0.028 0.054
4 0.437 0.842 0.021 0.048
4 0.494 0.855 0.039 0.035
0 0.514 0.961 0.016 0.040
0 0.533 0.940 0.015 0.026
0 0.585 0.861 0.010 0.053
0 0.596 0.862 0.010 0.056
0 0.648 0.941 0.015 0.025
1 0.519 0.955 0.005 0.013
2 0.512 0.957 0.009 0.026
2 0.533 0.940 0.010 0.018
4 0.612 0.762 0.028 0.041
3 0.858 0.889 0.043 0.051
4 0.777 0.712 0.014 0.030
3 0.762 0.844 0.013 0.044
3 0.783 0.888 0.010 0.031
3 0.744 0.713 0.008 0.020
1 0.781 0.877 0.006 0.011
2 0.763 0.839 0.008 0.021
2 0.785 0.891 0.010 0.017
2 0.745 0.715 0.005 0.008
1 0.742 0.709 0.003 0.007
0 0.802 0.693 0.006 0.029
0 0.960 0.870 0.022 0.030
1 0.952 0.862 0.004 0.012
2 0.962 0.869 0.015 0.018
14 0.592 0.491 0.032 0.009
14 0.637 0.488 0.042 0.008
14 0.402 0.487 0.014 0.009
14 0.420 0.485 0.010 0.010
14 0.333 0.489 0.011 0.006
14 0.280 0.481 0.020 0.009
14 0.198 0.482 0.050 0.011
14 0.095 0.495 0.042 0.010
0 0.017 0.646 0.005 0.017
14 0.097 0.654 0.009 0.012
14 0.159 0.656 0.007 0.009
0 0.187 0.661 0.006 0.025
0 0.212 0.651 0.005 0.013
2 0.188 0.657 0.004 0.009
2 0.211 0.651 0.004 0.006
10 0.136 0.735 0.014 0.019
0 0.265 0.642 0.004 0.013
4 0.623 0.655 0.022 0.021
4 0.650 0.730 0.027 0.021
