0 0.625 0.978 0.034 0.045
0 0.591 0.948 0.036 0.100
0 0.488 0.876 0.037 0.069
0 0.628 0.745 0.031 0.040
0 0.858 0.607 0.017 0.048
0 0.844 0.553 0.017 0.042
0 0.691 0.456 0.012 0.037
0 0.670 0.453 0.012 0.035
0 0.648 0.429 0.011 0.038
0 0.529 0.409 0.011 0.028
0 0.186 0.613 0.020 0.041
0 0.154 0.505 0.017 0.050
0 0.113 0.482 0.013 0.037
0 0.111 0.509 0.016 0.022
0 0.093 0.509 0.014 0.022
0 0.058 0.795 0.028 0.087
1 0.489 0.854 0.012 0.014
1 0.592 0.908 0.014 0.019
1 0.633 0.737 0.008 0.017
1 0.625 0.964 0.012 0.017
1 0.647 0.413 0.004 0.005
1 0.671 0.439 0.005 0.006
1 0.693 0.442 0.005 0.007
1 0.528 0.398 0.004 0.006
1 0.151 0.486 0.005 0.008
1 0.113 0.472 0.004 0.007
1 0.114 0.501 0.003 0.006
1 0.091 0.502 0.005 0.007
1 0.183 0.601 0.007 0.010
1 0.049 0.763 0.009 0.016
2 0.494 0.880 0.013 0.028
2 0.591 0.936 0.017 0.035
2 0.628 0.988 0.019 0.022
2 0.622 0.737 0.015 0.015
2 0.646 0.422 0.006 0.014
2 0.842 0.547 0.007 0.016
2 0.857 0.602 0.009 0.019
2 0.187 0.615 0.010 0.019
2 0.057 0.785 0.017 0.028
2 0.155 0.498 0.008 0.017
2 0.108 0.506 0.008 0.011
4 0.842 0.428 0.035 0.027
4 0.956 0.899 0.087 0.122
5 0.701 0.610 0.126 0.084
5 0.603 0.589 0.228 0.019
5 0.644 0.620 0.048 0.062
7 0.946 0.816 0.029 0.044
7 0.882 0.755 0.030 0.042
10 0.776 0.391 0.007 0.015
10 0.655 0.400 0.006 0.018
14 0.396 0.176 0.077 0.014
14 0.331 0.183 0.012 0.009
10 0.700 0.641 0.024 0.050
13 0.051 0.229 0.024 0.025
13 0.101 0.228 0.074 0.016
13 0.294 0.219 0.037 0.014
13 0.348 0.218 0.053 0.019
13 0.454 0.216 0.108 0.018
13 0.553 0.208 0.064 0.019
13 0.629 0.206 0.023 0.012
13 0.709 0.202 0.109 0.019
13 0.811 0.196 0.090 0.016
