0 0.040 0.562 0.010 0.035
0 0.055 0.561 0.010 0.038
0 0.074 0.538 0.009 0.013
0 0.137 0.543 0.009 0.019
0 0.215 0.826 0.013 0.044
0 0.247 0.841 0.011 0.041
0 0.242 0.893 0.014 0.027
0 0.698 0.966 0.014 0.049
0 0.753 0.852 0.012 0.046
0 0.813 0.870 0.014 0.026
0 0.661 0.925 0.014 0.032
0 0.664 0.863 0.011 0.025
0 0.651 0.835 0.011 0.014
0 0.647 0.851 0.011 0.016
0 0.598 0.803 0.014 0.024
0 0.591 0.744 0.006 0.018
0 0.558 0.711 0.005 0.011
0 0.931 0.939 0.009 0.046
0 0.563 0.519 0.006 0.010
0 0.573 0.522 0.006 0.010
0 0.624 0.524 0.006 0.011
0 0.635 0.525 0.006 0.012
0 0.605 0.524 0.006 0.009
0 0.433 0.764 0.009 0.039
0 0.406 0.694 0.007 0.018
1 0.074 0.535 0.002 0.005
1 0.136 0.536 0.004 0.003
1 0.055 0.544 0.007 0.007
1 0.043 0.548 0.005 0.005
2 0.055 0.558 0.007 0.018
2 0.041 0.561 0.007 0.015
2 0.138 0.545 0.004 0.011
2 0.075 0.541 0.003 0.006
1 0.217 0.810 0.004 0.006
1 0.244 0.884 0.005 0.008
1 0.250 0.824 0.004 0.005
2 0.214 0.821 0.006 0.015
2 0.247 0.835 0.007 0.019
2 0.240 0.892 0.007 0.012
1 0.359 0.758 0.003 0.005
2 0.357 0.767 0.005 0.013
1 0.433 0.747 0.004 0.005
2 0.433 0.757 0.006 0.012
1 0.409 0.688 0.003 0.004
2 0.407 0.694 0.005 0.009
2 0.592 0.744 0.005 0.011
1 0.593 0.738 0.003 0.004
2 0.594 0.802 0.004 0.013
1 0.596 0.793 0.003 0.006
1 0.653 0.830 0.004 0.006
1 0.665 0.852 0.004 0.006
1 0.648 0.848 0.003 0.007
2 0.648 0.836 0.006 0.009
2 0.664 0.865 0.007 0.018
2 0.644 0.847 0.005 0.011
2 0.661 0.925 0.010 0.019
2 0.699 0.960 0.008 0.019
1 0.665 0.913 0.005 0.006
1 0.699 0.945 0.005 0.010
1 0.751 0.833 0.004 0.006
2 0.753 0.844 0.007 0.015
1 0.809 0.860 0.004 0.004
2 0.814 0.869 0.008 0.014
1 0.931 0.924 0.005 0.008
2 0.933 0.942 0.005 0.022
1 0.564 0.515 0.003 0.003
2 0.563 0.520 0.003 0.006
2 0.574 0.524 0.002 0.004
2 0.605 0.526 0.003 0.004
1 0.573 0.519 0.002 0.004
1 0.605 0.522 0.001 0.002
1 0.625 0.521 0.002 0.004
1 0.635 0.522 0.002 0.003
2 0.635 0.527 0.003 0.006
4 0.682 0.779 0.026 0.042
7 0.701 0.786 0.017 0.030
7 0.560 0.769 0.035 0.030
6 0.682 0.522 0.020 0.016
3 0.469 0.670 0.122 0.144
12 0.119 0.182 0.013 0.027
12 0.468 0.366 0.031 0.110
11 0.626 0.822 0.034 0.034
10 0.489 0.967 0.020 0.044
14 0.299 0.537 0.051 0.111
14 0.094 0.520 0.022 0.013
14 0.122 0.519 0.025 0.012
14 0.090 0.544 0.019 0.010
14 0.108 0.545 0.013 0.008
14 0.042 0.519 0.027 0.016
14 0.264 0.557 0.020 0.015
14 0.711 0.511 0.045 0.016
14 0.855 0.492 0.071 0.016
14 0.919 0.492 0.034 0.014
13 0.165 0.572 0.138 0.027
13 0.737 0.539 0.149 0.025
