0 0.260 0.122 0.011 0.050
0 0.212 0.046 0.005 0.031
0 0.219 0.046 0.006 0.033
0 0.270 0.204 0.016 0.043
0 0.306 0.340 0.027 0.100
0 0.391 0.156 0.005 0.044
0 0.402 0.158 0.009 0.046
0 0.791 0.109 0.013 0.072
0 0.801 0.138 0.018 0.082
0 0.889 0.146 0.014 0.085
0 0.926 0.165 0.027 0.046
0 0.961 0.030 0.013 0.032
0 0.944 0.322 0.027 0.104
0 0.704 0.404 0.029 0.101
0 0.582 0.440 0.023 0.091
0 0.178 0.585 0.052 0.058
1 0.176 0.569 0.019 0.022
1 0.298 0.298 0.008 0.018
1 0.258 0.100 0.003 0.008
1 0.390 0.138 0.005 0.008
1 0.589 0.402 0.010 0.016
1 0.694 0.362 0.009 0.019
1 0.805 0.102 0.006 0.011
1 0.892 0.112 0.005 0.011
1 0.935 0.148 0.006 0.011
1 0.945 0.277 0.011 0.016
2 0.259 0.113 0.007 0.019
2 0.304 0.328 0.014 0.038
2 0.185 0.597 0.021 0.025
2 0.708 0.382 0.019 0.040
2 0.391 0.153 0.003 0.017
2 0.402 0.153 0.006 0.014
2 0.803 0.126 0.014 0.033
2 0.887 0.133 0.008 0.027
2 0.926 0.150 0.013 0.017
2 0.947 0.304 0.013 0.036
4 0.197 0.218 0.079 0.063
3 0.472 0.030 0.029 0.043
4 0.516 0.016 0.026 0.025
4 0.765 0.066 0.035 0.027
4 0.815 0.270 0.109 0.058
3 0.825 0.303 0.104 0.063
3 0.825 0.487 0.073 0.157
4 0.898 0.432 0.156 0.086
4 0.931 0.013 0.052 0.024
3 0.053 0.681 0.096 0.079
9 0.875 0.350 0.066 0.065
