0 0.919 0.903 0.022 0.033
0 0.847 0.835 0.014 0.081
0 0.598 0.789 0.018 0.041
0 0.580 0.762 0.017 0.058
0 0.503 0.742 0.011 0.073
0 0.477 0.731 0.015 0.035
0 0.429 0.779 0.010 0.075
0 0.019 0.660 0.014 0.031
0 0.038 0.604 0.016 0.020
0 0.023 0.597 0.016 0.020
0 0.107 0.536 0.013 0.019
0 0.119 0.525 0.009 0.018
0 0.162 0.499 0.007 0.017
0 0.171 0.554 0.011 0.023
0 0.194 0.581 0.010 0.022
0 0.208 0.592 0.011 0.025
0 0.222 0.485 0.006 0.032
0 0.320 0.584 0.008 0.041
0 0.329 0.538 0.007 0.039
0 0.772 0.612 0.010 0.041
0 0.327 0.861 0.020 0.038
1 0.913 0.901 0.009 0.018
1 0.849 0.800 0.007 0.012
1 0.586 0.740 0.005 0.014
1 0.593 0.774 0.007 0.011
1 0.475 0.719 0.006 0.012
1 0.428 0.748 0.006 0.012
1 0.332 0.850 0.008 0.013
1 0.169 0.547 0.005 0.006
1 0.018 0.650 0.006 0.009
1 0.026 0.592 0.005 0.007
1 0.196 0.575 0.004 0.008
2 0.923 0.897 0.013 0.018
2 0.846 0.823 0.012 0.031
2 0.772 0.609 0.007 0.016
2 0.600 0.788 0.011 0.026
2 0.581 0.748 0.009 0.029
2 0.504 0.734 0.007 0.030
2 0.209 0.589 0.007 0.017
2 0.173 0.553 0.006 0.016
2 0.106 0.535 0.008 0.013
2 0.015 0.663 0.007 0.020
2 0.035 0.605 0.007 0.013
2 0.020 0.599 0.007 0.014
12 0.605 0.267 0.008 0.020
3 0.595 0.946 0.058 0.078
3 0.490 0.921 0.059 0.070
3 0.992 0.584 0.015 0.032
4 0.673 0.815 0.062 0.064
4 0.772 0.907 0.048 0.077
4 0.787 0.726 0.063 0.064
4 0.667 0.968 0.108 0.064
4 0.715 0.455 0.026 0.020
10 0.430 0.837 0.026 0.067
10 0.098 0.710 0.014 0.039
10 0.258 0.447 0.011 0.024
