0 0.290 0.981 0.035 0.037
0 0.504 0.863 0.020 0.063
0 0.423 0.590 0.014 0.036
0 0.395 0.455 0.020 0.040
0 0.310 0.452 0.017 0.075
0 0.406 0.341 0.008 0.034
0 0.415 0.301 0.008 0.043
0 0.496 0.115 0.005 0.034
0 0.341 0.041 0.003 0.014
0 0.797 0.463 0.023 0.053
0 0.816 0.457 0.021 0.043
0 0.164 0.238 0.010 0.016
1 0.280 0.977 0.012 0.022
1 0.508 0.843 0.010 0.017
1 0.426 0.578 0.007 0.013
1 0.308 0.419 0.007 0.010
1 0.401 0.441 0.006 0.011
1 0.799 0.441 0.006 0.008
1 0.809 0.442 0.005 0.012
2 0.295 0.988 0.020 0.025
2 0.501 0.860 0.011 0.028
2 0.309 0.442 0.011 0.028
2 0.391 0.455 0.011 0.029
2 0.420 0.584 0.008 0.019
2 0.799 0.461 0.012 0.024
2 0.819 0.452 0.014 0.021
2 0.415 0.296 0.005 0.018
3 0.754 0.779 0.061 0.112
3 0.816 0.704 0.043 0.079
3 0.985 0.651 0.031 0.042
3 0.853 0.133 0.026 0.031
4 0.924 0.679 0.081 0.062
4 0.659 0.538 0.051 0.076
10 0.354 0.326 0.012 0.025
