0 0.045 0.204 0.030 0.050
0 0.273 0.045 0.010 0.032
0 0.335 0.033 0.010 0.035
0 0.414 0.194 0.024 0.056
0 0.237 0.321 0.034 0.133
0 0.462 0.354 0.023 0.125
0 0.764 0.218 0.022 0.056
0 0.653 0.251 0.016 0.084
0 0.817 0.039 0.015 0.069
0 0.835 0.037 0.020 0.067
0 0.859 0.035 0.014 0.068
0 0.949 0.152 0.027 0.077
0 0.055 0.429 0.066 0.130
0 0.039 0.598 0.077 0.237
0 0.104 0.521 0.049 0.138
1 0.009 0.499 0.017 0.038
1 0.031 0.377 0.016 0.026
1 0.095 0.464 0.016 0.025
1 0.046 0.186 0.009 0.014
1 0.407 0.171 0.005 0.011
1 0.462 0.301 0.012 0.020
1 0.657 0.217 0.008 0.015
1 0.756 0.194 0.007 0.013
1 0.822 0.011 0.005 0.014
1 0.863 0.009 0.007 0.014
1 0.957 0.118 0.005 0.013
2 0.037 0.199 0.013 0.024
2 0.052 0.396 0.028 0.042
2 0.099 0.502 0.030 0.054
2 0.024 0.565 0.040 0.089
2 0.239 0.296 0.016 0.036
2 0.418 0.184 0.015 0.017
2 0.465 0.339 0.014 0.045
2 0.272 0.040 0.006 0.015
2 0.334 0.029 0.005 0.018
2 0.653 0.241 0.011 0.036
2 0.767 0.212 0.013 0.026
2 0.817 0.028 0.009 0.026
2 0.859 0.028 0.004 0.026
2 0.951 0.139 0.013 0.031
3 0.042 0.357 0.076 0.079
4 0.146 0.378 0.166 0.063
4 0.301 0.102 0.068 0.055
3 0.853 0.267 0.061 0.112
4 0.910 0.232 0.118 0.054
4 0.834 0.134 0.088 0.042
5 0.060 0.035 0.059 0.047
7 0.286 0.833 0.305 0.325
7 0.618 0.985 0.078 0.030
7 0.820 0.771 0.167 0.198
7 0.974 0.674 0.046 0.165
3 0.300 0.400 0.085 0.057
10 0.092 0.017 0.015 0.029
9 0.039 0.436 0.074 0.077
9 0.885 0.181 0.053 0.039
