0 0.698 0.973 0.035 0.053
0 0.687 0.845 0.022 0.047
0 0.646 0.710 0.019 0.070
0 0.551 0.775 0.015 0.057
0 0.778 0.521 0.013 0.049
0 0.285 0.717 0.019 0.068
0 0.013 0.777 0.017 0.057
0 0.139 0.623 0.016 0.068
0 0.159 0.521 0.014 0.052
0 0.133 0.467 0.013 0.027
0 0.036 0.631 0.018 0.039
0 0.220 0.409 0.015 0.022
0 0.243 0.337 0.008 0.036
0 0.188 0.285 0.007 0.029
0 0.385 0.528 0.013 0.036
0 0.357 0.527 0.013 0.039
0 0.822 0.511 0.008 0.044
0 0.812 0.517 0.010 0.043
3 0.818 0.562 0.026 0.059
3 0.550 0.641 0.030 0.083
3 0.636 0.566 0.047 0.055
3 0.612 0.640 0.070 0.070
3 0.672 0.276 0.015 0.029
3 0.569 0.337 0.018 0.036
3 0.091 0.581 0.034 0.041
3 0.144 0.571 0.051 0.042
4 0.739 0.863 0.091 0.125
4 0.933 0.828 0.117 0.087
4 0.722 0.758 0.077 0.071
4 0.780 0.677 0.064 0.061
4 0.684 0.645 0.036 0.059
4 0.708 0.556 0.051 0.052
4 0.399 0.746 0.085 0.096
4 0.241 0.508 0.054 0.049
4 0.360 0.446 0.040 0.041
4 0.569 0.287 0.027 0.027
14 0.824 0.047 0.019 0.015
14 0.751 0.040 0.032 0.012
13 0.420 0.032 0.247 0.027
13 0.250 0.044 0.069 0.019
13 0.140 0.050 0.083 0.024
13 0.042 0.050 0.072 0.022
13 0.572 0.022 0.021 0.027
13 0.657 0.027 0.087 0.039
13 0.859 0.042 0.097 0.033
13 0.954 0.045 0.056 0.038
13 0.750 0.033 0.036 0.026
9 0.657 0.720 0.014 0.027
7 0.412 0.853 0.084 0.107
7 0.315 0.845 0.044 0.073
7 0.137 0.887 0.063 0.057
7 0.152 0.796 0.129 0.106
7 0.468 0.936 0.043 0.068
7 0.613 0.948 0.044 0.104
2 0.189 0.283 0.006 0.019
2 0.244 0.331 0.009 0.015
1 0.222 0.404 0.004 0.010
1 0.130 0.459 0.006 0.006
1 0.158 0.498 0.004 0.006
1 0.281 0.689 0.008 0.013
1 0.040 0.616 0.007 0.013
1 0.138 0.596 0.010 0.010
2 0.285 0.708 0.013 0.026
2 0.140 0.611 0.008 0.023
1 0.356 0.513 0.004 0.006
2 0.384 0.527 0.010 0.021
1 0.389 0.514 0.004 0.006
1 0.680 0.826 0.007 0.007
2 0.690 0.846 0.014 0.032
1 0.550 0.751 0.007 0.008
2 0.550 0.769 0.011 0.026
1 0.647 0.680 0.008 0.009
2 0.647 0.703 0.013 0.029
1 0.780 0.501 0.006 0.009
2 0.779 0.515 0.010 0.017
2 0.813 0.512 0.007 0.019
0 0.709 0.448 0.010 0.037
2 0.708 0.440 0.007 0.015
7 0.537 0.943 0.055 0.089
