0 0.097 0.187 0.018 0.089
0 0.214 0.221 0.024 0.093
0 0.287 0.268 0.033 0.063
0 0.238 0.013 0.009 0.025
1 0.095 0.150 0.009 0.016
1 0.206 0.184 0.008 0.019
1 0.276 0.245 0.008 0.018
2 0.096 0.177 0.013 0.036
2 0.212 0.207 0.013 0.039
2 0.291 0.263 0.019 0.040
2 0.239 0.010 0.007 0.017
4 0.383 0.072 0.082 0.054
4 0.340 0.190 0.107 0.093
3 0.188 0.132 0.060 0.045
7 0.056 0.667 0.109 0.195
7 0.209 0.631 0.052 0.133
7 0.288 0.514 0.073 0.141
7 0.351 0.609 0.064 0.136
7 0.362 0.416 0.121 0.141
7 0.404 0.698 0.059 0.125
11 0.119 0.141 0.055 0.039
10 0.166 0.023 0.014 0.030
10 0.760 0.969 0.034 0.057
14 0.803 0.972 0.052 0.056
9 0.115 0.232 0.021 0.037
