7 0.236 0.495 0.072 0.058
7 0.424 0.425 0.102 0.113
7 0.698 0.489 0.072 0.091
7 0.896 0.563 0.050 0.111
7 0.626 0.752 0.074 0.129
7 0.596 0.466 0.042 0.072
4 0.410 0.162 0.058 0.056
4 0.642 0.394 0.112 0.115
4 0.876 0.284 0.027 0.052
4 0.966 0.309 0.068 0.062
4 0.953 0.444 0.093 0.178
4 0.879 0.194 0.053 0.048
3 0.760 0.290 0.025 0.078
0 0.697 0.798 0.020 0.089
0 0.746 0.884 0.024 0.093
0 0.172 0.168 0.014 0.069
0 0.299 0.120 0.018 0.046
0 0.354 0.176 0.014 0.064
0 0.366 0.125 0.013 0.032
0 0.543 0.174 0.022 0.040
0 0.078 0.020 0.018 0.037
0 0.615 0.979 0.031 0.043
0 0.931 0.470 0.025 0.080
0 0.403 0.276 0.015 0.076
0 0.330 0.284 0.014 0.032
0 0.397 0.030 0.013 0.050
0 0.555 0.180 0.015 0.048
7 0.765 0.544 0.032 0.068
7 0.824 0.550 0.039 0.082
7 0.815 0.609 0.045 0.056
7 0.809 0.672 0.048 0.062
7 0.604 0.648 0.039 0.068
7 0.528 0.717 0.038 0.078
7 0.503 0.507 0.026 0.057
7 0.295 0.584 0.047 0.062
3 0.121 0.384 0.056 0.071
3 0.058 0.407 0.057 0.064
4 0.507 0.098 0.040 0.044
4 0.886 0.044 0.041 0.036
3 0.986 0.205 0.027 0.062
10 0.264 0.200 0.020 0.059
