0 0.070 0.537 0.016 0.034
0 0.113 0.585 0.013 0.056
0 0.180 0.459 0.016 0.025
0 0.217 0.376 0.010 0.030
0 0.325 0.614 0.019 0.041
0 0.354 0.613 0.020 0.053
0 0.155 0.308 0.008 0.030
0 0.641 0.916 0.021 0.069
0 0.509 0.852 0.017 0.060
0 0.553 0.719 0.015 0.043
0 0.573 0.703 0.013 0.053
0 0.978 0.769 0.023 0.083
0 0.809 0.591 0.014 0.056
0 0.853 0.601 0.007 0.056
0 0.865 0.598 0.010 0.055
0 0.730 0.512 0.010 0.038
0 0.253 0.914 0.020 0.077
3 0.677 0.296 0.017 0.030
3 0.570 0.366 0.022 0.031
3 0.861 0.660 0.023 0.073
3 0.651 0.678 0.061 0.077
3 0.625 0.768 0.081 0.087
3 0.553 0.775 0.041 0.095
3 0.017 0.690 0.032 0.046
3 0.065 0.681 0.055 0.060
4 0.762 0.949 0.092 0.101
4 0.826 0.814 0.080 0.090
4 0.711 0.763 0.043 0.076
4 0.725 0.632 0.039 0.051
4 0.369 0.929 0.130 0.109
4 0.199 0.592 0.050 0.054
4 0.324 0.507 0.044 0.053
4 0.137 0.721 0.059 0.064
4 0.567 0.306 0.028 0.030
14 0.088 0.013 0.062 0.025
14 0.307 0.012 0.055 0.022
14 0.249 0.010 0.034 0.019
13 0.407 0.032 0.255 0.040
13 0.157 0.047 0.220 0.031
13 0.901 0.041 0.096 0.048
13 0.771 0.030 0.067 0.037
13 0.663 0.025 0.091 0.036
9 0.686 0.886 0.026 0.040
7 0.082 0.959 0.111 0.082
2 0.071 0.537 0.011 0.020
2 0.113 0.582 0.011 0.025
10 0.244 0.392 0.013 0.030
2 0.354 0.609 0.011 0.023
2 0.327 0.602 0.014 0.016
1 0.067 0.523 0.006 0.008
1 0.110 0.562 0.006 0.008
1 0.357 0.593 0.009 0.009
1 0.319 0.598 0.005 0.010
1 0.184 0.451 0.006 0.010
1 0.216 0.365 0.006 0.010
1 0.250 0.875 0.009 0.011
2 0.251 0.905 0.013 0.035
1 0.645 0.885 0.009 0.014
1 0.508 0.828 0.009 0.013
1 0.571 0.678 0.006 0.008
1 0.552 0.704 0.006 0.010
2 0.508 0.852 0.011 0.032
2 0.643 0.909 0.016 0.036
2 0.574 0.696 0.007 0.023
2 0.552 0.721 0.014 0.021
2 0.808 0.585 0.010 0.023
2 0.730 0.507 0.009 0.017
1 0.809 0.567 0.008 0.006
