0 0.472 0.960 0.037 0.080
0 0.654 0.519 0.010 0.036
0 0.634 0.535 0.017 0.032
0 0.617 0.537 0.014 0.030
0 0.042 0.595 0.026 0.049
1 0.048 0.576 0.007 0.012
1 0.471 0.937 0.013 0.022
1 0.632 0.523 0.008 0.007
1 0.617 0.527 0.009 0.008
2 0.467 0.960 0.014 0.030
2 0.040 0.586 0.010 0.020
2 0.617 0.545 0.011 0.013
2 0.633 0.542 0.014 0.017
2 0.654 0.516 0.008 0.014
10 0.966 0.548 0.015 0.030
14 0.403 0.452 0.057 0.033
14 0.510 0.459 0.066 0.031
14 0.555 0.502 0.033 0.019
14 0.630 0.485 0.036 0.018
14 0.655 0.469 0.076 0.022
14 0.966 0.490 0.046 0.018
14 0.514 0.493 0.027 0.014
13 0.308 0.573 0.096 0.047
7 0.120 0.500 0.029 0.061
7 0.253 0.493 0.022 0.029
7 0.223 0.493 0.022 0.025
7 0.205 0.493 0.015 0.025
7 0.191 0.491 0.015 0.023
7 0.165 0.490 0.022 0.030
13 0.235 0.571 0.051 0.043
13 0.171 0.584 0.073 0.055
13 0.094 0.600 0.078 0.055
13 0.155 0.518 0.223 0.037
