0 0.871 0.332 0.024 0.114
0 0.744 0.155 0.027 0.093
0 0.142 0.360 0.035 0.087
0 0.159 0.036 0.022 0.055
0 0.109 0.044 0.030 0.086
3 0.070 0.776 0.124 0.229
4 0.579 0.146 0.105 0.120
7 0.933 0.437 0.091 0.206
7 0.813 0.533 0.066 0.107
7 0.793 0.618 0.093 0.108
7 0.825 0.416 0.064 0.100
7 0.736 0.408 0.053 0.105
7 0.639 0.303 0.114 0.134
7 0.502 0.303 0.070 0.106
7 0.344 0.382 0.058 0.090
7 0.277 0.381 0.079 0.080
7 0.254 0.253 0.141 0.181
7 0.032 0.520 0.062 0.110
7 0.485 0.608 0.056 0.106
7 0.352 0.753 0.060 0.119
7 0.510 0.803 0.139 0.260
1 0.169 0.017 0.011 0.019
1 0.134 0.321 0.012 0.015
2 0.141 0.348 0.025 0.034
2 0.106 0.026 0.015 0.041
1 0.874 0.284 0.009 0.022
1 0.749 0.123 0.010 0.022
2 0.746 0.147 0.014 0.031
2 0.871 0.324 0.022 0.052
