0 0.094 0.195 0.013 0.020
0 0.120 0.197 0.012 0.052
0 0.122 0.237 0.014 0.032
0 0.084 0.384 0.022 0.045
0 0.195 0.331 0.020 0.056
0 0.206 0.155 0.010 0.040
0 0.471 0.352 0.022 0.079
0 0.637 0.297 0.011 0.074
0 0.724 0.288 0.013 0.070
0 0.740 0.141 0.006 0.041
0 0.744 0.148 0.007 0.043
0 0.776 0.137 0.011 0.022
0 0.819 0.193 0.008 0.049
0 0.260 0.898 0.048 0.081
1 0.091 0.188 0.003 0.007
1 0.082 0.364 0.008 0.008
1 0.127 0.225 0.004 0.007
1 0.201 0.308 0.006 0.013
1 0.207 0.138 0.004 0.007
1 0.476 0.318 0.008 0.012
1 0.641 0.263 0.005 0.011
1 0.726 0.258 0.008 0.012
1 0.746 0.130 0.002 0.005
1 0.819 0.172 0.004 0.006
1 0.265 0.873 0.018 0.034
2 0.097 0.196 0.008 0.016
2 0.120 0.190 0.007 0.021
2 0.120 0.234 0.008 0.014
2 0.204 0.148 0.007 0.016
2 0.193 0.316 0.012 0.021
2 0.083 0.385 0.015 0.026
2 0.263 0.893 0.020 0.028
2 0.474 0.341 0.011 0.033
2 0.639 0.285 0.008 0.027
2 0.725 0.280 0.010 0.027
2 0.777 0.142 0.008 0.018
12 0.723 0.044 0.020 0.056
5 0.832 0.429 0.257 0.134
10 0.814 0.474 0.025 0.091
10 0.819 0.137 0.008 0.024
11 0.833 0.242 0.023 0.027
14 0.612 0.130 0.011 0.014
14 0.158 0.163 0.005 0.025
14 0.956 0.141 0.041 0.015
