0 0.408 0.823 0.020 0.068
0 0.324 0.798 0.018 0.047
0 0.523 0.979 0.028 0.041
0 0.492 0.710 0.019 0.056
0 0.552 0.735 0.012 0.025
0 0.577 0.713 0.013 0.040
0 0.608 0.702 0.018 0.033
0 0.563 0.682 0.013 0.053
0 0.346 0.638 0.009 0.049
0 0.335 0.637 0.012 0.054
0 0.322 0.653 0.013 0.057
0 0.485 0.556 0.011 0.042
0 0.468 0.545 0.011 0.025
0 0.771 0.753 0.026 0.047
0 0.264 0.591 0.014 0.047
0 0.251 0.591 0.012 0.042
0 0.101 0.529 0.009 0.020
0 0.046 0.528 0.013 0.032
0 0.287 0.510 0.009 0.037
0 0.249 0.500 0.008 0.032
0 0.243 0.503 0.008 0.027
0 0.202 0.432 0.006 0.024
0 0.210 0.440 0.005 0.025
0 0.101 0.453 0.010 0.019
0 0.566 0.928 0.025 0.058
1 0.526 0.972 0.008 0.014
1 0.558 0.909 0.007 0.013
1 0.405 0.797 0.007 0.009
1 0.404 0.722 0.007 0.015
1 0.489 0.688 0.007 0.007
1 0.552 0.725 0.004 0.006
1 0.582 0.696 0.005 0.010
1 0.561 0.664 0.007 0.011
1 0.615 0.703 0.005 0.014
2 0.406 0.742 0.010 0.019
2 0.406 0.812 0.011 0.019
2 0.568 0.927 0.014 0.026
2 0.526 0.988 0.014 0.019
2 0.574 0.706 0.008 0.014
2 0.605 0.698 0.010 0.014
2 0.563 0.680 0.007 0.019
2 0.490 0.709 0.010 0.023
2 0.771 0.752 0.014 0.020
1 0.778 0.741 0.006 0.013
2 0.249 0.588 0.006 0.015
2 0.263 0.589 0.007 0.014
1 0.251 0.576 0.005 0.012
1 0.261 0.575 0.004 0.010
1 0.337 0.616 0.004 0.007
1 0.343 0.619 0.004 0.009
1 0.319 0.627 0.005 0.011
2 0.324 0.640 0.007 0.018
2 0.343 0.635 0.007 0.020
2 0.338 0.630 0.008 0.016
2 0.288 0.505 0.004 0.011
2 0.249 0.499 0.004 0.013
5 0.025 0.868 0.044 0.068
4 0.669 0.804 0.074 0.049
4 0.530 0.851 0.063 0.080
4 0.611 0.899 0.080 0.080
4 0.509 0.776 0.074 0.047
4 0.430 0.790 0.035 0.059
4 0.587 0.581 0.053 0.089
3 0.528 0.575 0.021 0.044
3 0.314 0.866 0.035 0.084
3 0.343 0.760 0.072 0.033
4 0.369 0.713 0.040 0.037
4 0.361 0.839 0.066 0.060
4 0.055 0.565 0.031 0.024
4 0.142 0.583 0.024 0.030
3 0.178 0.528 0.022 0.042
3 0.109 0.602 0.032 0.040
4 0.335 0.592 0.028 0.032
3 0.475 0.682 0.018 0.052
9 0.361 0.779 0.026 0.037
11 0.467 0.803 0.037 0.042
14 0.833 0.321 0.059 0.019
14 0.939 0.328 0.077 0.028
14 0.870 0.443 0.080 0.037
14 0.787 0.420 0.043 0.030
14 0.737 0.400 0.036 0.030
14 0.394 0.242 0.009 0.027
