0 0.050 0.619 0.023 0.059
0 0.678 0.519 0.008 0.021
0 0.682 0.540 0.015 0.029
0 0.700 0.537 0.017 0.036
1 0.051 0.598 0.007 0.009
1 0.699 0.524 0.008 0.007
1 0.681 0.531 0.009 0.013
2 0.678 0.519 0.005 0.011
2 0.682 0.548 0.014 0.012
2 0.699 0.545 0.015 0.019
13 0.773 0.591 0.451 0.090
13 0.336 0.586 0.108 0.054
13 0.259 0.591 0.055 0.050
13 0.146 0.542 0.291 0.035
13 0.190 0.612 0.082 0.064
13 0.110 0.635 0.084 0.069
7 0.274 0.507 0.031 0.028
7 0.234 0.509 0.039 0.030
7 0.135 0.522 0.035 0.056
