0 0.212 0.691 0.031 0.059
0 0.360 0.606 0.033 0.115
0 0.287 0.187 0.024 0.031
0 0.385 0.303 0.020 0.032
0 0.401 0.248 0.016 0.053
0 0.051 0.143 0.022 0.032
0 0.071 0.318 0.031 0.093
0 0.758 0.642 0.038 0.078
0 0.797 0.146 0.023 0.045
3 0.290 0.858 0.124 0.191
3 0.077 0.614 0.096 0.112
3 0.134 0.569 0.124 0.090
3 0.472 0.479 0.066 0.088
4 0.281 0.705 0.140 0.206
4 0.284 0.523 0.079 0.102
4 0.324 0.533 0.079 0.106
4 0.396 0.422 0.132 0.127
4 0.642 0.337 0.067 0.100
4 0.517 0.512 0.053 0.062
4 0.596 0.543 0.109 0.152
4 0.771 0.532 0.113 0.196
3 0.405 0.619 0.068 0.086
11 0.404 0.512 0.069 0.083
7 0.977 0.828 0.046 0.133
9 0.498 0.651 0.027 0.064
1 0.351 0.561 0.010 0.019
2 0.360 0.593 0.018 0.054
1 0.754 0.616 0.012 0.023
1 0.796 0.133 0.009 0.018
1 0.206 0.674 0.013 0.025
1 0.406 0.228 0.007 0.013
1 0.278 0.186 0.005 0.013
1 0.431 0.219 0.006 0.013
2 0.767 0.633 0.018 0.050
2 0.212 0.694 0.021 0.041
2 0.289 0.183 0.016 0.021
