0 0.069 0.533 0.021 0.035
0 0.130 0.567 0.019 0.056
0 0.179 0.452 0.015 0.031
0 0.218 0.378 0.012 0.038
0 0.324 0.606 0.018 0.037
0 0.352 0.606 0.015 0.052
0 0.153 0.308 0.010 0.035
0 0.648 0.889 0.022 0.080
0 0.516 0.819 0.018 0.077
0 0.552 0.704 0.015 0.039
0 0.571 0.689 0.014 0.048
0 0.973 0.770 0.017 0.076
0 0.807 0.602 0.010 0.061
0 0.854 0.599 0.016 0.061
0 0.866 0.594 0.011 0.057
0 0.729 0.504 0.011 0.047
3 0.551 0.771 0.034 0.090
3 0.653 0.676 0.060 0.084
3 0.618 0.751 0.082 0.072
3 0.862 0.653 0.027 0.073
3 0.678 0.294 0.019 0.031
3 0.571 0.364 0.021 0.034
3 0.060 0.675 0.055 0.059
3 0.016 0.677 0.031 0.046
4 0.766 0.940 0.087 0.121
4 0.816 0.796 0.092 0.096
4 0.710 0.753 0.039 0.069
4 0.735 0.628 0.055 0.062
4 0.371 0.920 0.120 0.129
4 0.117 0.713 0.065 0.080
4 0.328 0.508 0.042 0.059
4 0.201 0.582 0.048 0.071
4 0.565 0.297 0.030 0.026
4 0.763 0.444 0.030 0.035
14 0.307 0.005 0.056 0.009
14 0.085 0.009 0.058 0.018
13 0.139 0.046 0.259 0.037
13 0.411 0.031 0.274 0.043
13 0.574 0.017 0.043 0.033
13 0.713 0.023 0.184 0.046
13 0.924 0.044 0.152 0.051
9 0.684 0.877 0.021 0.037
7 0.072 0.956 0.124 0.085
0 0.251 0.897 0.026 0.078
1 0.251 0.868 0.011 0.013
2 0.251 0.894 0.016 0.038
1 0.355 0.587 0.007 0.007
2 0.350 0.601 0.011 0.019
2 0.328 0.597 0.011 0.011
1 0.065 0.518 0.007 0.007
1 0.182 0.447 0.005 0.008
1 0.127 0.542 0.007 0.006
2 0.128 0.558 0.008 0.019
2 0.073 0.532 0.014 0.022
2 0.176 0.447 0.007 0.010
10 0.242 0.388 0.011 0.035
1 0.652 0.853 0.010 0.012
1 0.517 0.790 0.007 0.009
1 0.551 0.688 0.007 0.008
2 0.574 0.690 0.010 0.027
2 0.554 0.704 0.013 0.022
2 0.518 0.816 0.014 0.034
2 0.653 0.878 0.014 0.034
2 0.808 0.594 0.011 0.025
2 0.730 0.501 0.012 0.022
1 0.808 0.574 0.005 0.009
