0 0.160 0.855 0.023 0.075
0 0.972 0.907 0.037 0.069
1 0.165 0.822 0.007 0.010
1 0.981 0.890 0.013 0.022
2 0.160 0.841 0.010 0.021
2 0.967 0.891 0.020 0.035
0 0.226 0.975 0.025 0.047
14 0.762 0.444 0.164 0.025
14 0.595 0.592 0.262 0.035
14 0.434 0.462 0.104 0.022
14 0.322 0.465 0.100 0.031
14 0.296 0.597 0.045 0.031
14 0.124 0.597 0.067 0.024
14 0.149 0.730 0.061 0.021
14 0.027 0.595 0.053 0.014
14 0.150 0.481 0.086 0.020
13 0.922 0.436 0.151 0.048
13 0.584 0.455 0.192 0.033
13 0.837 0.597 0.221 0.039
13 0.391 0.598 0.146 0.031
13 0.522 0.694 0.106 0.041
13 0.631 0.686 0.113 0.042
