0 0.007 0.241 0.013 0.054
0 0.010 0.209 0.014 0.027
0 0.029 0.201 0.010 0.020
0 0.054 0.227 0.011 0.025
0 0.066 0.219 0.008 0.020
0 0.299 0.190 0.005 0.044
0 0.344 0.153 0.009 0.018
0 0.404 0.198 0.010 0.024
0 0.429 0.197 0.009 0.024
0 0.411 0.282 0.010 0.028
0 0.497 0.234 0.013 0.023
0 0.495 0.201 0.011 0.040
0 0.605 0.323 0.016 0.039
0 0.631 0.178 0.008 0.019
0 0.651 0.184 0.008 0.047
0 0.647 0.219 0.013 0.025
0 0.669 0.293 0.017 0.036
0 0.729 0.165 0.010 0.021
0 0.891 0.345 0.027 0.084
0 0.379 0.454 0.024 0.105
0 0.092 0.400 0.022 0.094
0 0.032 0.393 0.036 0.082
0 0.536 0.711 0.047 0.061
0 0.692 0.712 0.028 0.057
0 0.672 0.913 0.042 0.175
0 0.791 0.969 0.044 0.062
1 0.003 0.220 0.004 0.006
1 0.037 0.357 0.009 0.010
1 0.085 0.358 0.008 0.015
1 0.373 0.410 0.008 0.014
1 0.415 0.273 0.006 0.007
1 0.498 0.224 0.005 0.007
1 0.495 0.186 0.003 0.007
1 0.605 0.308 0.006 0.006
1 0.671 0.279 0.004 0.007
1 0.653 0.211 0.004 0.009
1 0.630 0.174 0.003 0.006
1 0.899 0.309 0.006 0.012
1 0.803 0.955 0.020 0.034
1 0.668 0.842 0.017 0.029
1 0.697 0.695 0.012 0.022
1 0.532 0.691 0.013 0.021
2 0.006 0.206 0.008 0.012
2 0.030 0.201 0.007 0.013
2 0.005 0.234 0.009 0.020
2 0.054 0.228 0.005 0.018
2 0.040 0.378 0.015 0.030
2 0.090 0.388 0.014 0.039
2 0.376 0.443 0.014 0.039
2 0.404 0.197 0.006 0.015
2 0.298 0.178 0.004 0.015
2 0.429 0.200 0.007 0.016
2 0.496 0.200 0.004 0.018
2 0.606 0.324 0.011 0.025
2 0.651 0.178 0.004 0.017
2 0.646 0.217 0.008 0.018
2 0.670 0.297 0.009 0.021
2 0.669 0.890 0.028 0.062
2 0.785 0.974 0.032 0.053
2 0.691 0.707 0.013 0.033
2 0.728 0.165 0.008 0.013
2 0.893 0.332 0.012 0.031
10 0.229 0.844 0.035 0.113
10 0.282 0.888 0.081 0.162
10 0.367 0.363 0.014 0.056
11 0.461 0.206 0.040 0.035
14 0.334 0.843 0.022 0.072
14 0.066 0.191 0.014 0.026
14 0.244 0.191 0.018 0.025
14 0.434 0.184 0.009 0.019
14 0.545 0.199 0.011 0.017
14 0.686 0.161 0.006 0.020
