0 0.533 0.434 0.021 0.079
0 0.695 0.235 0.013 0.039
0 0.781 0.314 0.012 0.033
0 0.767 0.933 0.026 0.112
0 0.832 0.690 0.054 0.093
0 0.133 0.574 0.023 0.083
0 0.182 0.553 0.017 0.054
0 0.198 0.605 0.019 0.085
1 0.129 0.544 0.010 0.012
1 0.180 0.539 0.009 0.011
1 0.192 0.572 0.009 0.014
1 0.848 0.661 0.011 0.022
1 0.772 0.898 0.013 0.026
1 0.782 0.309 0.007 0.012
1 0.696 0.220 0.005 0.008
1 0.530 0.403 0.006 0.009
2 0.767 0.930 0.019 0.048
2 0.826 0.667 0.034 0.039
2 0.196 0.598 0.013 0.032
2 0.131 0.569 0.021 0.030
2 0.531 0.426 0.012 0.027
2 0.695 0.236 0.009 0.017
2 0.782 0.323 0.010 0.013
4 0.302 0.746 0.172 0.181
4 0.113 0.470 0.084 0.120
7 0.272 0.467 0.064 0.081
7 0.352 0.582 0.051 0.107
7 0.454 0.654 0.040 0.098
7 0.603 0.665 0.043 0.072
7 0.665 0.858 0.186 0.162
12 0.132 0.106 0.028 0.072
0 0.217 0.251 0.020 0.032
1 0.211 0.246 0.005 0.012
2 0.219 0.250 0.009 0.017
