0 0.570 0.920 0.027 0.045
0 0.377 0.845 0.022 0.075
0 0.328 0.789 0.018 0.044
0 0.774 0.753 0.023 0.048
0 0.551 0.721 0.019 0.031
0 0.608 0.705 0.020 0.026
0 0.581 0.716 0.015 0.038
0 0.567 0.672 0.009 0.043
0 0.571 0.613 0.010 0.052
0 0.327 0.644 0.012 0.047
0 0.347 0.639 0.008 0.045
0 0.338 0.633 0.010 0.050
0 0.256 0.594 0.012 0.054
0 0.105 0.532 0.011 0.021
0 0.249 0.500 0.008 0.029
0 0.288 0.514 0.011 0.030
0 0.101 0.451 0.005 0.020
0 0.469 0.547 0.011 0.031
0 0.403 0.749 0.017 0.058
0 0.201 0.438 0.009 0.021
0 0.212 0.441 0.007 0.025
1 0.562 0.902 0.007 0.008
1 0.376 0.816 0.010 0.011
1 0.326 0.775 0.008 0.010
1 0.400 0.727 0.006 0.008
1 0.548 0.709 0.005 0.007
1 0.566 0.656 0.005 0.012
1 0.584 0.701 0.006 0.011
1 0.614 0.703 0.003 0.006
2 0.573 0.922 0.014 0.033
2 0.377 0.840 0.011 0.027
2 0.332 0.794 0.008 0.020
2 0.402 0.745 0.011 0.023
2 0.552 0.724 0.009 0.019
2 0.579 0.710 0.009 0.021
2 0.608 0.699 0.011 0.013
2 0.567 0.674 0.008 0.017
2 0.574 0.611 0.009 0.029
2 0.468 0.540 0.005 0.017
2 0.326 0.640 0.008 0.018
2 0.347 0.635 0.007 0.015
1 0.571 0.590 0.005 0.010
1 0.465 0.537 0.002 0.007
1 0.346 0.621 0.005 0.008
1 0.330 0.624 0.006 0.007
1 0.340 0.615 0.006 0.008
1 0.106 0.527 0.004 0.009
1 0.250 0.488 0.004 0.009
2 0.104 0.533 0.008 0.007
2 0.251 0.500 0.007 0.016
2 0.289 0.508 0.005 0.013
2 0.255 0.591 0.008 0.020
1 0.254 0.574 0.005 0.007
4 0.626 0.885 0.084 0.087
4 0.668 0.797 0.069 0.060
4 0.543 0.847 0.068 0.067
4 0.509 0.765 0.054 0.049
4 0.430 0.781 0.033 0.053
3 0.324 0.861 0.037 0.089
3 0.431 0.839 0.033 0.046
3 0.371 0.809 0.067 0.020
3 0.482 0.680 0.029 0.065
4 0.591 0.563 0.065 0.056
3 0.529 0.578 0.021 0.051
4 0.333 0.600 0.037 0.028
3 0.109 0.604 0.034 0.049
4 0.058 0.562 0.031 0.034
4 0.145 0.587 0.029 0.029
3 0.178 0.526 0.019 0.026
5 0.037 0.862 0.068 0.087
9 0.368 0.777 0.033 0.043
11 0.473 0.800 0.042 0.049
14 0.941 0.333 0.092 0.034
14 0.829 0.325 0.055 0.019
14 0.865 0.449 0.072 0.036
14 0.785 0.425 0.040 0.025
14 0.733 0.406 0.036 0.022
14 0.841 0.403 0.145 0.073
14 0.493 0.318 0.045 0.013
14 0.480 0.306 0.047 0.014
14 0.395 0.245 0.015 0.031
