0 0.269 0.651 0.022 0.067
0 0.218 0.433 0.013 0.028
0 0.085 0.429 0.013 0.023
0 0.071 0.421 0.013 0.022
0 0.070 0.487 0.013 0.029
0 0.174 0.360 0.007 0.036
0 0.148 0.367 0.006 0.031
0 0.139 0.371 0.010 0.037
0 0.179 0.338 0.009 0.033
0 0.169 0.346 0.007 0.032
0 0.391 0.531 0.014 0.056
0 0.432 0.567 0.018 0.035
0 0.473 0.589 0.012 0.062
0 0.510 0.613 0.012 0.050
0 0.474 0.641 0.021 0.039
0 0.411 0.284 0.006 0.028
0 0.329 0.888 0.043 0.069
0 0.448 0.897 0.032 0.055
0 0.826 0.720 0.028 0.059
0 0.753 0.685 0.026 0.078
0 0.619 0.319 0.008 0.033
0 0.923 0.281 0.010 0.023
1 0.074 0.417 0.004 0.007
1 0.087 0.425 0.005 0.009
1 0.075 0.482 0.004 0.008
1 0.137 0.355 0.004 0.006
1 0.148 0.356 0.003 0.007
1 0.179 0.327 0.003 0.006
1 0.174 0.344 0.004 0.006
1 0.171 0.332 0.003 0.006
1 0.331 0.866 0.011 0.021
1 0.215 0.425 0.005 0.007
1 0.389 0.506 0.005 0.006
1 0.429 0.553 0.006 0.010
1 0.475 0.565 0.007 0.010
1 0.478 0.630 0.005 0.008
1 0.510 0.594 0.005 0.009
1 0.756 0.657 0.007 0.012
1 0.821 0.694 0.007 0.013
1 0.920 0.278 0.003 0.006
1 0.619 0.311 0.005 0.006
2 0.327 0.881 0.022 0.024
2 0.441 0.887 0.012 0.027
1 0.450 0.875 0.009 0.015
2 0.474 0.646 0.015 0.028
2 0.511 0.614 0.008 0.025
2 0.473 0.584 0.011 0.026
2 0.436 0.563 0.009 0.014
2 0.824 0.716 0.016 0.028
2 0.751 0.678 0.014 0.031
2 0.619 0.320 0.006 0.013
2 0.221 0.432 0.005 0.012
2 0.070 0.425 0.006 0.010
2 0.082 0.431 0.005 0.015
2 0.068 0.487 0.009 0.012
2 0.139 0.366 0.007 0.012
2 0.174 0.353 0.006 0.013
2 0.179 0.337 0.005 0.012
2 0.268 0.638 0.012 0.024
3 0.392 0.736 0.038 0.055
3 0.436 0.718 0.044 0.040
3 0.474 0.760 0.057 0.071
3 0.044 0.926 0.088 0.100
4 0.523 0.805 0.103 0.113
4 0.723 0.575 0.061 0.071
4 0.757 0.295 0.030 0.025
4 0.962 0.365 0.045 0.033
10 0.350 0.660 0.029 0.057
5 0.607 0.423 0.111 0.060
5 0.565 0.436 0.026 0.041
10 0.594 0.435 0.017 0.038
10 0.605 0.276 0.008 0.023
10 0.112 0.537 0.017 0.044
10 0.739 0.268 0.010 0.017
