0 0.073 0.830 0.010 0.045
0 0.035 0.782 0.009 0.038
0 0.046 0.784 0.008 0.036
0 0.186 0.747 0.007 0.014
0 0.156 0.768 0.013 0.021
0 0.295 0.875 0.007 0.030
0 0.303 0.865 0.008 0.021
0 0.311 0.868 0.008 0.038
0 0.319 0.866 0.008 0.030
0 0.465 0.742 0.010 0.022
0 0.445 0.740 0.007 0.021
0 0.589 0.666 0.004 0.018
0 0.553 0.658 0.009 0.009
0 0.911 0.781 0.007 0.031
0 0.949 0.969 0.018 0.049
0 0.666 0.832 0.008 0.048
0 0.587 0.799 0.011 0.022
3 0.668 0.812 0.025 0.041
3 0.532 0.451 0.041 0.048
4 0.520 0.834 0.042 0.041
4 0.715 0.786 0.041 0.022
4 0.725 0.796 0.043 0.026
4 0.308 0.763 0.032 0.029
12 0.536 0.335 0.024 0.050
12 0.561 0.616 0.004 0.010
1 0.667 0.813 0.004 0.008
1 0.294 0.863 0.003 0.005
1 0.072 0.810 0.004 0.006
10 0.121 0.762 0.008 0.023
10 0.318 0.705 0.008 0.019
10 0.585 0.791 0.004 0.006
