0 0.015 0.644 0.030 0.102
0 0.907 0.719 0.023 0.081
0 0.653 0.367 0.019 0.059
0 0.728 0.276 0.017 0.053
0 0.623 0.247 0.011 0.042
0 0.489 0.240 0.010 0.044
0 0.551 0.262 0.009 0.024
0 0.377 0.282 0.016 0.042
0 0.127 0.341 0.013 0.043
1 0.007 0.614 0.011 0.017
1 0.123 0.325 0.006 0.008
1 0.375 0.270 0.007 0.009
1 0.488 0.224 0.004 0.007
1 0.552 0.254 0.005 0.006
1 0.653 0.342 0.007 0.010
1 0.729 0.260 0.005 0.007
1 0.909 0.689 0.009 0.015
2 0.908 0.714 0.015 0.037
2 0.653 0.356 0.009 0.019
2 0.552 0.266 0.007 0.015
2 0.622 0.241 0.008 0.014
2 0.488 0.237 0.006 0.014
2 0.375 0.282 0.007 0.014
2 0.011 0.643 0.020 0.030
3 0.506 0.270 0.018 0.039
4 0.782 0.264 0.042 0.044
5 0.610 0.708 0.201 0.276
5 0.529 0.751 0.083 0.194
5 0.448 0.648 0.382 0.077
5 0.256 0.602 0.133 0.159
5 0.200 0.550 0.092 0.140
7 0.837 0.915 0.061 0.122
7 0.979 0.930 0.041 0.089
10 0.617 0.865 0.033 0.103
10 0.540 0.232 0.008 0.049
10 0.739 0.152 0.007 0.010
10 0.678 0.171 0.008 0.015
5 0.298 0.437 0.068 0.096
