0 0.202 0.879 0.047 0.122
0 0.369 0.851 0.028 0.101
0 0.457 0.486 0.017 0.063
0 0.345 0.523 0.014 0.069
0 0.435 0.139 0.009 0.039
0 0.986 0.689 0.028 0.076
0 0.615 0.398 0.014 0.031
0 0.634 0.388 0.011 0.065
3 0.529 0.254 0.019 0.053
3 0.910 0.852 0.141 0.143
12 0.814 0.028 0.012 0.023
4 0.717 0.597 0.087 0.091
4 0.349 0.207 0.033 0.044
5 0.158 0.544 0.051 0.272
10 0.271 0.564 0.026 0.083
10 0.880 0.154 0.014 0.024
10 0.478 0.106 0.009 0.017
7 0.538 0.515 0.047 0.058
7 0.511 0.572 0.067 0.051
7 0.455 0.547 0.028 0.050
7 0.417 0.541 0.022 0.039
2 0.988 0.668 0.025 0.037
1 0.457 0.460 0.006 0.009
1 0.345 0.497 0.006 0.014
1 0.636 0.363 0.006 0.009
2 0.634 0.381 0.010 0.021
2 0.616 0.395 0.010 0.018
2 0.459 0.478 0.008 0.023
2 0.344 0.518 0.010 0.023
7 0.374 0.448 0.033 0.030
7 0.357 0.478 0.023 0.037
7 0.643 0.441 0.018 0.033
7 0.576 0.454 0.020 0.029
2 0.434 0.132 0.007 0.014
1 0.375 0.802 0.014 0.015
1 0.204 0.825 0.012 0.013
2 0.213 0.867 0.027 0.048
2 0.371 0.844 0.017 0.051
