0 0.654 0.799 0.053 0.149
0 0.627 0.691 0.051 0.105
0 0.929 0.577 0.028 0.063
0 0.873 0.513 0.026 0.086
0 0.798 0.313 0.014 0.039
0 0.601 0.467 0.018 0.035
0 0.583 0.443 0.019 0.054
0 0.501 0.417 0.013 0.075
0 0.474 0.410 0.017 0.037
0 0.423 0.451 0.012 0.072
0 0.322 0.531 0.020 0.049
0 0.015 0.286 0.018 0.021
0 0.316 0.268 0.010 0.045
0 0.317 0.219 0.005 0.046
0 0.195 0.273 0.014 0.027
0 0.180 0.262 0.012 0.023
0 0.091 0.218 0.014 0.022
0 0.099 0.208 0.009 0.017
0 0.152 0.238 0.013 0.022
0 0.144 0.185 0.009 0.019
0 0.207 0.170 0.005 0.035
0 0.563 0.183 0.007 0.039
0 0.582 0.156 0.007 0.034
1 0.881 0.475 0.008 0.011
1 0.919 0.552 0.008 0.013
1 0.657 0.737 0.015 0.023
1 0.618 0.646 0.010 0.014
1 0.002 0.273 0.003 0.009
1 0.182 0.254 0.004 0.009
1 0.193 0.263 0.004 0.008
1 0.328 0.514 0.007 0.013
1 0.590 0.422 0.005 0.012
2 0.645 0.780 0.028 0.063
2 0.628 0.676 0.020 0.047
2 0.604 0.463 0.011 0.032
2 0.582 0.426 0.010 0.021
2 0.503 0.409 0.008 0.033
2 0.877 0.499 0.012 0.032
2 0.933 0.561 0.017 0.017
2 0.801 0.308 0.007 0.017
2 0.316 0.262 0.008 0.019
2 0.154 0.234 0.006 0.013
2 0.010 0.286 0.008 0.015
2 0.087 0.216 0.008 0.011
3 0.597 0.611 0.061 0.070
3 0.486 0.594 0.065 0.077
4 0.685 0.659 0.134 0.113
4 0.781 0.575 0.051 0.078
4 0.674 0.486 0.071 0.056
4 0.798 0.399 0.067 0.065
4 0.726 0.138 0.026 0.019
10 0.428 0.510 0.028 0.064
10 0.078 0.389 0.011 0.045
