0 0.264 0.927 0.009 0.025
0 0.293 0.880 0.009 0.027
0 0.279 0.892 0.007 0.023
0 0.273 0.890 0.006 0.013
0 0.262 0.841 0.005 0.012
0 0.282 0.816 0.007 0.011
0 0.288 0.817 0.004 0.022
0 0.303 0.814 0.004 0.019
0 0.309 0.802 0.005 0.011
0 0.309 0.832 0.007 0.020
0 0.333 0.844 0.006 0.023
0 0.320 0.953 0.009 0.021
0 0.321 0.989 0.004 0.022
0 0.324 0.991 0.005 0.017
0 0.332 0.990 0.006 0.020
0 0.410 0.857 0.006 0.010
0 0.366 0.793 0.005 0.014
0 0.361 0.794 0.004 0.017
0 0.427 0.815 0.007 0.012
0 0.491 0.876 0.008 0.016
0 0.514 0.888 0.006 0.017
0 0.526 0.831 0.006 0.014
0 0.562 0.913 0.007 0.027
0 0.655 0.933 0.007 0.027
0 0.692 0.948 0.007 0.026
0 0.706 0.951 0.005 0.026
0 0.202 0.780 0.007 0.031
0 0.151 0.850 0.008 0.033
0 0.119 0.671 0.006 0.018
0 0.114 0.662 0.005 0.021
2 0.114 0.661 0.003 0.007
2 0.119 0.669 0.003 0.008
2 0.150 0.847 0.003 0.011
2 0.137 0.758 0.004 0.005
2 0.202 0.782 0.003 0.007
2 0.200 0.774 0.003 0.006
1 0.150 0.839 0.003 0.003
1 0.201 0.768 0.002 0.003
1 0.203 0.776 0.002 0.005
1 0.136 0.753 0.002 0.004
1 0.114 0.654 0.003 0.004
1 0.118 0.662 0.002 0.003
1 0.260 0.843 0.003 0.006
1 0.292 0.872 0.003 0.004
1 0.279 0.884 0.003 0.005
1 0.275 0.887 0.002 0.004
2 0.272 0.891 0.003 0.008
2 0.279 0.890 0.003 0.007
2 0.293 0.877 0.004 0.007
2 0.264 0.925 0.003 0.009
1 0.264 0.917 0.003 0.004
1 0.317 0.950 0.003 0.006
2 0.321 0.950 0.005 0.007
2 0.263 0.840 0.003 0.004
2 0.281 0.816 0.003 0.006
2 0.288 0.815 0.002 0.009
2 0.309 0.830 0.003 0.008
2 0.333 0.842 0.003 0.006
1 0.334 0.836 0.002 0.004
1 0.310 0.824 0.002 0.003
1 0.303 0.808 0.002 0.003
1 0.289 0.808 0.003 0.004
1 0.284 0.813 0.002 0.003
1 0.309 0.798 0.002 0.003
2 0.302 0.813 0.002 0.006
2 0.361 0.794 0.002 0.006
2 0.365 0.794 0.003 0.007
2 0.410 0.859 0.003 0.006
2 0.427 0.816 0.003 0.009
1 0.360 0.788 0.002 0.003
1 0.364 0.788 0.002 0.004
1 0.336 0.733 0.002 0.003
1 0.373 0.753 0.002 0.003
1 0.285 0.758 0.002 0.003
1 0.277 0.741 0.002 0.003
1 0.264 0.731 0.002 0.003
2 0.263 0.735 0.002 0.005
0 0.263 0.735 0.005 0.011
0 0.278 0.743 0.005 0.011
0 0.286 0.762 0.004 0.014
2 0.285 0.763 0.002 0.006
2 0.336 0.738 0.002 0.005
0 0.337 0.737 0.004 0.013
2 0.373 0.759 0.002 0.006
0 0.373 0.759 0.005 0.016
1 0.408 0.854 0.002 0.003
1 0.445 0.873 0.002 0.004
1 0.489 0.871 0.003 0.003
1 0.513 0.885 0.003 0.005
1 0.562 0.905 0.002 0.005
1 0.524 0.829 0.002 0.004
1 0.706 0.942 0.003 0.005
1 0.690 0.939 0.003 0.004
1 0.654 0.926 0.002 0.004
2 0.691 0.945 0.003 0.007
2 0.707 0.950 0.003 0.009
2 0.655 0.934 0.003 0.009
2 0.561 0.911 0.003 0.006
2 0.492 0.875 0.003 0.008
2 0.527 0.833 0.003 0.006
0 0.445 0.876 0.005 0.012
2 0.444 0.878 0.003 0.005
6 0.032 0.829 0.035 0.039
7 0.451 0.777 0.009 0.017
4 0.441 0.759 0.013 0.016
7 0.373 0.779 0.014 0.015
11 0.450 0.825 0.015 0.018
12 0.330 0.626 0.010 0.018
14 0.094 0.868 0.062 0.017
14 0.170 0.915 0.032 0.069
14 0.127 0.740 0.017 0.013
14 0.194 0.737 0.015 0.013
14 0.431 0.591 0.030 0.013
14 0.516 0.587 0.038 0.011
14 0.551 0.589 0.026 0.011
14 0.585 0.591 0.015 0.007
14 0.622 0.671 0.015 0.027
14 0.468 0.821 0.016 0.031
14 0.747 0.606 0.059 0.016
14 0.916 0.611 0.038 0.012
14 0.968 0.624 0.058 0.011
14 0.871 0.617 0.017 0.013
13 0.282 0.607 0.051 0.026
14 0.018 0.950 0.028 0.009
14 0.187 0.825 0.014 0.009
