0 0.028 0.966 0.045 0.069
0 0.096 0.533 0.016 0.043
0 0.173 0.547 0.016 0.061
0 0.287 0.613 0.016 0.066
0 0.162 0.421 0.011 0.025
0 0.193 0.466 0.006 0.048
0 0.238 0.367 0.010 0.023
0 0.006 0.331 0.010 0.018
0 0.365 0.471 0.010 0.025
0 0.394 0.463 0.010 0.035
0 0.545 0.518 0.015 0.043
0 0.550 0.688 0.018 0.068
0 0.835 0.961 0.026 0.079
0 0.658 0.801 0.019 0.041
0 0.747 0.482 0.013 0.046
0 0.620 0.601 0.014 0.045
0 0.687 0.402 0.011 0.045
3 0.780 0.495 0.023 0.049
3 0.661 0.253 0.014 0.026
3 0.562 0.307 0.013 0.025
3 0.590 0.551 0.058 0.047
3 0.543 0.558 0.030 0.063
3 0.133 0.508 0.033 0.031
3 0.179 0.503 0.051 0.037
4 0.701 0.707 0.074 0.067
4 0.686 0.650 0.063 0.051
4 0.404 0.639 0.083 0.060
4 0.655 0.551 0.031 0.040
4 0.735 0.588 0.051 0.044
4 0.682 0.480 0.041 0.039
4 0.363 0.402 0.035 0.043
4 0.263 0.454 0.039 0.023
14 0.791 0.038 0.073 0.018
14 0.620 0.028 0.019 0.008
13 0.930 0.036 0.074 0.037
13 0.829 0.037 0.087 0.040
13 0.644 0.019 0.089 0.034
13 0.513 0.018 0.090 0.022
13 0.384 0.028 0.145 0.031
13 0.176 0.043 0.251 0.033
9 0.633 0.619 0.012 0.020
7 0.586 0.800 0.035 0.124
7 0.520 0.786 0.040 0.074
7 0.495 0.840 0.032 0.056
7 0.474 0.883 0.043 0.056
7 0.463 0.776 0.039 0.065
7 0.421 0.714 0.082 0.089
7 0.338 0.715 0.046 0.070
7 0.284 0.854 0.040 0.077
7 0.287 0.949 0.103 0.102
7 0.193 0.669 0.093 0.087
7 0.208 0.744 0.075 0.056
1 0.036 0.938 0.020 0.031
1 0.097 0.521 0.007 0.010
1 0.168 0.523 0.006 0.009
1 0.284 0.586 0.007 0.010
1 0.366 0.461 0.005 0.007
1 0.194 0.445 0.004 0.008
1 0.161 0.412 0.009 0.010
2 0.164 0.422 0.009 0.020
2 0.194 0.462 0.005 0.018
2 0.286 0.602 0.010 0.023
2 0.173 0.534 0.008 0.018
2 0.394 0.459 0.006 0.015
2 0.549 0.678 0.011 0.026
2 0.621 0.600 0.010 0.035
2 0.546 0.516 0.012 0.020
1 0.551 0.658 0.008 0.011
1 0.621 0.576 0.006 0.007
0 0.651 0.711 0.018 0.044
1 0.666 0.786 0.011 0.015
1 0.647 0.695 0.008 0.012
2 0.655 0.709 0.012 0.031
2 0.655 0.791 0.013 0.019
0 0.856 0.559 0.009 0.044
0 0.867 0.543 0.012 0.021
1 0.749 0.461 0.004 0.009
2 0.747 0.475 0.010 0.026
2 0.687 0.395 0.009 0.016
2 0.833 0.963 0.021 0.046
1 0.836 0.926 0.010 0.013
