0 0.118 0.828 0.028 0.094
0 0.305 0.538 0.021 0.039
0 0.294 0.420 0.019 0.044
0 0.213 0.412 0.015 0.070
0 0.109 0.208 0.009 0.042
0 0.478 0.556 0.023 0.045
0 0.472 0.516 0.021 0.043
0 0.444 0.512 0.020 0.048
0 0.675 0.431 0.024 0.052
0 0.696 0.429 0.019 0.052
0 0.876 0.428 0.019 0.053
0 0.854 0.167 0.008 0.030
0 0.846 0.146 0.007 0.028
0 0.590 0.296 0.006 0.038
0 0.473 0.109 0.007 0.032
0 0.538 0.084 0.005 0.023
0 0.502 0.094 0.004 0.016
0 0.475 0.086 0.004 0.022
0 0.817 0.227 0.012 0.052
1 0.109 0.791 0.012 0.022
1 0.211 0.384 0.005 0.009
1 0.301 0.524 0.007 0.011
1 0.300 0.406 0.006 0.012
1 0.450 0.495 0.006 0.012
1 0.464 0.501 0.006 0.009
1 0.470 0.539 0.006 0.012
1 0.684 0.410 0.005 0.011
1 0.702 0.409 0.005 0.010
1 0.883 0.406 0.005 0.013
2 0.117 0.812 0.022 0.046
2 0.212 0.404 0.010 0.025
2 0.291 0.417 0.012 0.028
2 0.441 0.508 0.012 0.025
2 0.471 0.516 0.014 0.027
2 0.478 0.552 0.014 0.025
2 0.673 0.416 0.016 0.018
2 0.699 0.423 0.011 0.021
2 0.875 0.417 0.012 0.022
2 0.818 0.218 0.007 0.018
3 0.565 0.697 0.050 0.095
3 0.813 0.602 0.063 0.048
3 0.989 0.418 0.021 0.055
3 0.904 0.342 0.032 0.041
3 0.522 0.183 0.016 0.035
4 0.177 0.128 0.028 0.031
4 0.527 0.367 0.051 0.043
4 0.713 0.625 0.125 0.057
4 0.532 0.494 0.053 0.068
10 0.272 0.299 0.011 0.024
