0 0.165 0.164 0.020 0.030
0 0.229 0.127 0.018 0.047
0 0.248 0.161 0.018 0.086
0 0.275 0.121 0.017 0.087
0 0.294 0.150 0.017 0.079
0 0.324 0.186 0.020 0.049
0 0.366 0.158 0.021 0.045
0 0.362 0.336 0.041 0.115
0 0.569 0.046 0.010 0.024
0 0.624 0.040 0.010 0.042
0 0.518 0.289 0.019 0.130
0 0.696 0.193 0.021 0.060
0 0.736 0.357 0.033 0.131
0 0.953 0.299 0.031 0.100
0 0.327 0.453 0.072 0.207
0 0.394 0.422 0.029 0.122
1 0.164 0.154 0.008 0.013
1 0.231 0.110 0.008 0.016
1 0.244 0.123 0.006 0.016
1 0.272 0.085 0.006 0.013
1 0.293 0.116 0.010 0.012
1 0.325 0.164 0.005 0.008
1 0.367 0.142 0.007 0.011
1 0.347 0.287 0.010 0.021
1 0.326 0.360 0.022 0.026
1 0.390 0.372 0.015 0.024
1 0.689 0.168 0.007 0.013
1 0.741 0.300 0.012 0.018
2 0.229 0.125 0.010 0.026
2 0.246 0.149 0.011 0.032
2 0.273 0.107 0.006 0.026
2 0.291 0.144 0.011 0.038
2 0.333 0.421 0.028 0.077
2 0.391 0.407 0.023 0.050
2 0.362 0.311 0.022 0.039
2 0.320 0.183 0.010 0.026
2 0.361 0.152 0.011 0.019
2 0.569 0.039 0.006 0.009
2 0.624 0.034 0.006 0.019
2 0.742 0.337 0.017 0.050
2 0.697 0.187 0.015 0.023
2 0.952 0.283 0.018 0.043
3 0.239 0.280 0.052 0.066
3 0.351 0.284 0.061 0.063
4 0.439 0.316 0.134 0.084
4 0.590 0.092 0.064 0.052
7 0.027 0.962 0.048 0.074
7 0.518 0.754 0.255 0.313
7 0.807 0.972 0.077 0.056
5 0.389 0.016 0.047 0.027
7 0.989 0.819 0.022 0.057
10 0.130 0.228 0.024 0.066
10 0.165 0.212 0.034 0.084
3 0.566 0.356 0.072 0.046
9 0.343 0.340 0.067 0.058
