0 0.032 0.386 0.005 0.026
0 0.076 0.399 0.009 0.015
0 0.048 0.377 0.007 0.010
0 0.060 0.372 0.006 0.012
0 0.038 0.367 0.005 0.019
0 0.086 0.463 0.008 0.037
0 0.121 0.352 0.004 0.020
0 0.119 0.361 0.004 0.013
0 0.082 0.492 0.010 0.024
0 0.135 0.481 0.006 0.038
0 0.164 0.515 0.008 0.034
0 0.184 0.523 0.010 0.036
0 0.224 0.566 0.007 0.043
0 0.209 0.563 0.009 0.025
0 0.195 0.654 0.010 0.047
0 0.643 0.581 0.012 0.027
0 0.628 0.540 0.007 0.037
0 0.667 0.421 0.008 0.033
0 0.663 0.392 0.004 0.019
0 0.646 0.404 0.008 0.012
0 0.796 0.553 0.016 0.016
0 0.527 0.633 0.011 0.044
0 0.053 0.714 0.013 0.041
0 0.464 0.569 0.010 0.053
0 0.476 0.568 0.010 0.052
0 0.389 0.462 0.005 0.025
0 0.618 0.486 0.006 0.022
1 0.050 0.697 0.007 0.012
1 0.194 0.635 0.006 0.011
1 0.641 0.572 0.005 0.009
1 0.524 0.614 0.003 0.007
1 0.223 0.546 0.004 0.006
1 0.160 0.625 0.004 0.010
2 0.646 0.584 0.008 0.016
2 0.528 0.631 0.008 0.023
2 0.475 0.561 0.008 0.025
2 0.209 0.566 0.006 0.017
2 0.195 0.654 0.009 0.022
2 0.055 0.717 0.009 0.031
2 0.086 0.459 0.005 0.017
2 0.164 0.512 0.005 0.015
2 0.183 0.518 0.005 0.017
2 0.464 0.559 0.006 0.017
2 0.797 0.551 0.010 0.010
2 0.629 0.537 0.005 0.017
12 0.949 0.175 0.007 0.014
12 0.154 0.285 0.041 0.066
7 0.909 0.630 0.031 0.031
7 0.911 0.605 0.029 0.031
7 0.914 0.590 0.030 0.016
7 0.933 0.619 0.010 0.025
7 0.909 0.562 0.016 0.022
7 0.933 0.571 0.022 0.040
7 0.959 0.540 0.026 0.024
7 0.955 0.526 0.027 0.010
7 0.949 0.520 0.025 0.005
7 0.932 0.522 0.008 0.023
3 0.710 0.579 0.035 0.046
3 0.415 0.594 0.030 0.050
3 0.640 0.415 0.011 0.026
4 0.924 0.755 0.035 0.047
4 0.939 0.842 0.037 0.056
4 0.653 0.689 0.085 0.027
4 0.318 0.564 0.021 0.039
4 0.522 0.439 0.024 0.018
4 0.494 0.366 0.018 0.014
4 0.218 0.472 0.022 0.030
4 0.083 0.694 0.042 0.081
4 0.789 0.625 0.022 0.039
4 0.946 0.813 0.066 0.056
10 0.968 0.879 0.017 0.040
