0 0.048 0.474 0.009 0.033
0 0.058 0.472 0.012 0.040
0 0.004 0.887 0.007 0.057
0 0.039 0.886 0.020 0.072
0 0.249 0.803 0.014 0.032
0 0.223 0.750 0.016 0.027
0 0.251 0.762 0.012 0.036
0 0.479 0.940 0.017 0.078
0 0.438 0.699 0.008 0.041
0 0.704 0.858 0.017 0.058
0 0.670 0.829 0.018 0.032
0 0.600 0.733 0.008 0.024
0 0.701 0.772 0.011 0.048
0 0.670 0.772 0.009 0.052
0 0.652 0.771 0.010 0.020
0 0.657 0.756 0.010 0.014
0 0.637 0.491 0.004 0.024
0 0.640 0.484 0.003 0.008
0 0.934 0.864 0.013 0.069
0 0.852 0.897 0.014 0.070
0 0.820 0.787 0.017 0.031
1 0.058 0.458 0.005 0.006
1 0.049 0.461 0.004 0.004
2 0.058 0.472 0.008 0.013
2 0.048 0.476 0.006 0.015
1 0.043 0.991 0.010 0.013
1 0.036 0.857 0.008 0.009
2 0.039 0.876 0.010 0.024
1 0.003 0.867 0.005 0.015
1 0.228 0.740 0.003 0.007
1 0.253 0.747 0.005 0.007
1 0.251 0.792 0.005 0.007
2 0.246 0.800 0.009 0.012
2 0.251 0.760 0.005 0.021
2 0.221 0.743 0.009 0.010
1 0.439 0.684 0.004 0.006
2 0.438 0.693 0.005 0.011
1 0.603 0.724 0.004 0.006
2 0.600 0.733 0.006 0.013
1 0.655 0.764 0.004 0.007
1 0.657 0.751 0.005 0.006
1 0.672 0.749 0.005 0.006
2 0.670 0.763 0.008 0.017
2 0.650 0.766 0.007 0.008
2 0.654 0.757 0.005 0.008
2 0.702 0.766 0.006 0.016
1 0.701 0.752 0.004 0.005
1 0.708 0.836 0.005 0.011
2 0.703 0.850 0.009 0.021
1 0.676 0.820 0.005 0.009
2 0.668 0.828 0.009 0.016
2 0.854 0.887 0.011 0.025
1 0.854 0.869 0.005 0.007
1 0.814 0.777 0.003 0.007
2 0.821 0.786 0.009 0.014
1 0.481 0.910 0.008 0.012
2 0.479 0.929 0.011 0.027
6 0.687 0.480 0.021 0.018
4 0.690 0.722 0.027 0.023
7 0.711 0.731 0.017 0.021
3 0.466 0.601 0.134 0.145
12 0.123 0.127 0.017 0.032
12 0.465 0.287 0.032 0.131
11 0.633 0.744 0.033 0.039
10 0.493 0.856 0.018 0.048
14 0.099 0.442 0.022 0.018
14 0.127 0.444 0.027 0.015
14 0.094 0.462 0.019 0.013
14 0.112 0.465 0.012 0.010
14 0.020 0.449 0.018 0.011
14 0.046 0.447 0.026 0.009
14 0.288 0.503 0.050 0.022
14 0.719 0.472 0.048 0.018
14 0.863 0.444 0.070 0.014
14 0.930 0.438 0.034 0.011
13 0.163 0.499 0.115 0.039
13 0.712 0.497 0.184 0.019
14 0.304 0.356 0.059 0.122
12 0.271 0.251 0.008 0.020
