0 0.506 0.920 0.021 0.087
0 0.639 0.769 0.022 0.046
0 0.753 0.563 0.011 0.060
0 0.796 0.940 0.029 0.072
0 0.821 0.567 0.019 0.071
0 0.380 0.473 0.012 0.027
0 0.395 0.467 0.013 0.034
0 0.260 0.598 0.016 0.063
0 0.175 0.536 0.020 0.054
3 0.532 0.554 0.034 0.067
3 0.759 0.497 0.026 0.058
3 0.880 0.345 0.037 0.029
4 0.679 0.702 0.082 0.130
4 0.360 0.403 0.040 0.041
4 0.637 0.545 0.029 0.044
4 0.711 0.570 0.065 0.071
1 0.505 0.886 0.010 0.015
1 0.645 0.753 0.007 0.018
1 0.755 0.544 0.005 0.011
1 0.257 0.572 0.005 0.008
1 0.377 0.466 0.005 0.011
1 0.399 0.455 0.005 0.007
1 0.108 0.512 0.007 0.013
7 0.336 0.689 0.044 0.064
7 0.418 0.690 0.064 0.071
7 0.572 0.769 0.037 0.113
7 0.458 0.746 0.028 0.054
7 0.511 0.755 0.042 0.080
7 0.487 0.807 0.028 0.067
7 0.466 0.848 0.044 0.057
7 0.298 0.895 0.058 0.077
2 0.505 0.912 0.014 0.037
