7 0.665 0.929 0.190 0.142
7 0.935 0.612 0.129 0.328
4 0.619 0.509 0.077 0.067
4 0.616 0.632 0.109 0.095
4 0.727 0.427 0.057 0.060
3 0.105 0.795 0.075 0.102
3 0.201 0.781 0.073 0.115
0 0.481 0.444 0.017 0.072
0 0.600 0.657 0.020 0.081
0 0.055 0.367 0.017 0.028
0 0.269 0.464 0.013 0.052
0 0.202 0.294 0.008 0.020
0 0.217 0.306 0.011 0.024
0 0.181 0.272 0.010 0.020
0 0.064 0.323 0.017 0.020
0 0.046 0.316 0.009 0.014
0 0.221 0.203 0.006 0.032
0 0.166 0.224 0.009 0.036
0 0.256 0.286 0.008 0.038
0 0.323 0.254 0.009 0.045
0 0.115 0.251 0.009 0.018
0 0.546 0.451 0.012 0.067
0 0.578 0.500 0.017 0.067
0 0.742 0.514 0.015 0.075
0 0.808 0.549 0.021 0.063
0 0.583 0.831 0.018 0.088
0 0.548 0.697 0.024 0.059
