0 0.829 0.806 0.010 0.030
0 0.982 0.935 0.013 0.071
0 0.610 0.918 0.008 0.027
0 0.590 0.928 0.009 0.048
0 0.148 0.982 0.012 0.036
0 0.139 0.967 0.013 0.045
3 0.618 0.792 0.035 0.031
3 0.377 0.777 0.015 0.032
12 0.687 0.236 0.028 0.067
4 0.345 0.801 0.042 0.053
10 0.684 0.709 0.007 0.013
10 0.523 0.740 0.016 0.018
14 0.244 0.484 0.088 0.011
14 0.519 0.484 0.062 0.007
13 0.789 0.505 0.039 0.021
13 0.715 0.506 0.076 0.020
13 0.571 0.510 0.179 0.025
13 0.325 0.519 0.119 0.030
13 0.192 0.529 0.108 0.026
13 0.098 0.529 0.060 0.028
13 0.872 0.500 0.085 0.027
13 0.966 0.495 0.067 0.037
2 0.989 0.899 0.009 0.013
2 0.980 0.929 0.009 0.020
1 0.982 0.912 0.008 0.007
1 0.829 0.795 0.004 0.004
2 0.829 0.808 0.009 0.019
1 0.610 0.907 0.004 0.006
1 0.590 0.908 0.004 0.006
1 0.587 0.912 0.004 0.006
2 0.591 0.924 0.008 0.022
2 0.610 0.917 0.006 0.012
1 0.141 0.950 0.007 0.010
1 0.146 0.966 0.007 0.008
2 0.145 0.986 0.010 0.025
2 0.140 0.970 0.009 0.022
