0 0.266 0.531 0.004 0.025
0 0.291 0.531 0.005 0.033
0 0.309 0.521 0.008 0.011
0 0.296 0.552 0.004 0.015
0 0.276 0.589 0.011 0.018
0 0.298 0.573 0.005 0.030
0 0.303 0.574 0.009 0.034
0 0.391 0.621 0.008 0.032
0 0.367 0.640 0.011 0.022
0 0.486 0.571 0.005 0.024
0 0.493 0.572 0.005 0.031
0 0.506 0.570 0.005 0.021
0 0.511 0.566 0.004 0.024
0 0.486 0.528 0.004 0.022
0 0.503 0.514 0.004 0.012
0 0.623 0.556 0.007 0.024
0 0.545 0.540 0.007 0.008
0 0.685 0.718 0.010 0.062
0 0.777 0.808 0.008 0.059
3 0.522 0.602 0.021 0.027
3 0.577 0.679 0.029 0.037
3 0.787 0.728 0.024 0.044
1 0.273 0.584 0.003 0.004
1 0.295 0.547 0.002 0.005
1 0.301 0.560 0.010 0.007
1 0.364 0.632 0.003 0.005
1 0.392 0.609 0.004 0.008
1 0.486 0.561 0.003 0.004
1 0.510 0.556 0.004 0.004
1 0.505 0.561 0.002 0.003
1 0.686 0.695 0.006 0.011
12 0.342 0.201 0.020 0.034
14 0.130 0.423 0.035 0.021
