0 0.624 0.884 0.013 0.049
0 0.622 0.781 0.009 0.023
0 0.523 0.904 0.011 0.054
0 0.498 0.961 0.018 0.056
0 0.484 0.792 0.010 0.017
0 0.506 0.757 0.007 0.016
0 0.501 0.754 0.008 0.020
0 0.683 0.972 0.020 0.034
0 0.757 0.982 0.020 0.035
0 0.896 0.795 0.008 0.038
0 0.905 0.795 0.008 0.028
0 0.924 0.813 0.008 0.036
0 0.926 0.783 0.009 0.025
0 0.235 0.770 0.011 0.017
0 0.210 0.750 0.009 0.025
0 0.210 0.772 0.009 0.015
0 0.205 0.804 0.008 0.014
0 0.180 0.742 0.009 0.025
0 0.180 0.771 0.008 0.019
0 0.279 0.747 0.007 0.021
0 0.307 0.965 0.015 0.032
0 0.317 0.699 0.007 0.019
0 0.340 0.701 0.007 0.015
0 0.298 0.704 0.006 0.011
1 0.306 0.959 0.008 0.010
1 0.209 0.766 0.003 0.005
1 0.522 0.885 0.005 0.008
1 0.498 0.940 0.007 0.007
1 0.684 0.959 0.005 0.007
1 0.758 0.972 0.006 0.010
1 0.623 0.864 0.005 0.007
1 0.621 0.773 0.003 0.006
1 0.896 0.782 0.003 0.005
1 0.904 0.785 0.003 0.006
1 0.924 0.779 0.003 0.007
1 0.924 0.800 0.005 0.006
1 0.996 0.829 0.005 0.006
2 0.205 0.805 0.006 0.009
2 0.235 0.771 0.008 0.009
2 0.209 0.773 0.005 0.010
2 0.181 0.769 0.005 0.008
2 0.180 0.742 0.005 0.010
2 0.209 0.746 0.004 0.011
2 0.280 0.747 0.004 0.009
2 0.498 0.953 0.014 0.019
2 0.522 0.900 0.006 0.019
2 0.483 0.790 0.007 0.009
2 0.499 0.758 0.005 0.010
2 0.623 0.879 0.007 0.021
2 0.624 0.783 0.005 0.015
2 0.668 0.771 0.007 0.012
2 0.680 0.970 0.009 0.022
2 0.755 0.987 0.008 0.019
2 0.896 0.793 0.007 0.014
2 0.925 0.787 0.006 0.009
2 0.904 0.792 0.005 0.011
2 0.996 0.842 0.006 0.017
3 0.354 0.966 0.043 0.050
3 0.400 0.978 0.037 0.035
3 0.607 0.979 0.038 0.035
4 0.948 0.985 0.052 0.030
10 0.602 0.937 0.024 0.047
10 0.887 0.864 0.014 0.036
10 0.497 0.822 0.007 0.031
10 0.707 0.697 0.010 0.018
