0 0.590 0.766 0.037 0.078
0 0.709 0.761 0.034 0.067
0 0.751 0.597 0.031 0.075
0 0.722 0.272 0.016 0.037
0 0.729 0.311 0.023 0.040
0 0.657 0.275 0.019 0.024
0 0.616 0.298 0.017 0.037
0 0.411 0.219 0.016 0.042
0 0.338 0.211 0.017 0.024
0 0.465 0.343 0.010 0.069
0 0.452 0.359 0.012 0.053
0 0.441 0.347 0.014 0.041
0 0.456 0.334 0.013 0.061
1 0.602 0.737 0.008 0.015
1 0.707 0.740 0.012 0.016
1 0.611 0.281 0.005 0.009
1 0.662 0.274 0.005 0.013
1 0.733 0.294 0.005 0.009
1 0.716 0.258 0.004 0.011
1 0.410 0.201 0.006 0.006
1 0.464 0.316 0.006 0.014
1 0.454 0.309 0.007 0.010
1 0.441 0.332 0.007 0.008
1 0.449 0.335 0.005 0.013
1 0.332 0.205 0.003 0.009
1 0.191 0.520 0.008 0.010
1 0.209 0.539 0.009 0.013
2 0.587 0.743 0.022 0.031
2 0.709 0.769 0.019 0.034
2 0.749 0.594 0.016 0.034
2 0.724 0.303 0.010 0.019
2 0.721 0.271 0.007 0.018
2 0.655 0.273 0.008 0.009
2 0.455 0.324 0.008 0.016
2 0.441 0.349 0.010 0.019
2 0.454 0.352 0.007 0.025
2 0.465 0.336 0.007 0.021
2 0.409 0.214 0.007 0.010
2 0.339 0.213 0.008 0.014
2 0.191 0.535 0.009 0.021
2 0.210 0.557 0.010 0.021
3 0.849 0.506 0.065 0.074
4 0.307 0.861 0.107 0.172
4 0.629 0.418 0.062 0.060
4 0.799 0.462 0.037 0.096
4 0.923 0.405 0.042 0.063
7 0.063 0.797 0.087 0.126
3 0.660 0.447 0.051 0.049
4 0.016 0.382 0.026 0.044
3 0.012 0.432 0.023 0.075
10 0.725 0.339 0.011 0.031
14 0.907 0.054 0.185 0.036
14 0.642 0.033 0.082 0.026
14 0.566 0.132 0.036 0.019
14 0.451 0.017 0.055 0.011
14 0.527 0.025 0.058 0.023
0 0.190 0.547 0.014 0.067
0 0.210 0.562 0.013 0.066
4 0.904 0.333 0.035 0.057
