0 0.018 0.445 0.017 0.065
0 0.129 0.297 0.008 0.051
0 0.087 0.309 0.009 0.021
0 0.280 0.207 0.016 0.031
0 0.346 0.362 0.015 0.075
0 0.366 0.350 0.013 0.077
0 0.521 0.398 0.020 0.055
0 0.518 0.348 0.010 0.065
0 0.497 0.206 0.006 0.038
0 0.640 0.309 0.018 0.040
0 0.717 0.471 0.017 0.065
0 0.960 0.587 0.015 0.054
0 0.708 0.660 0.024 0.096
0 0.710 0.863 0.049 0.123
1 0.020 0.417 0.008 0.010
1 0.087 0.307 0.006 0.011
1 0.278 0.197 0.003 0.007
1 0.347 0.331 0.007 0.011
1 0.368 0.320 0.006 0.011
1 0.519 0.322 0.005 0.009
1 0.722 0.445 0.007 0.011
1 0.706 0.619 0.009 0.012
1 0.709 0.812 0.012 0.022
2 0.128 0.297 0.005 0.025
2 0.015 0.434 0.009 0.022
2 0.347 0.351 0.011 0.025
2 0.365 0.340 0.009 0.023
2 0.520 0.348 0.007 0.029
2 0.643 0.299 0.009 0.013
2 0.711 0.647 0.016 0.037
2 0.718 0.464 0.012 0.028
2 0.961 0.575 0.011 0.022
2 0.703 0.853 0.024 0.050
4 0.260 0.190 0.023 0.031
3 0.456 0.224 0.021 0.042
3 0.624 0.359 0.049 0.059
3 0.871 0.669 0.093 0.111
4 0.807 0.595 0.066 0.123
4 0.572 0.500 0.089 0.069
3 0.605 0.541 0.068 0.068
4 0.959 0.426 0.031 0.067
13 0.525 0.030 0.138 0.039
13 0.651 0.051 0.060 0.025
13 0.907 0.081 0.183 0.046
11 0.833 0.505 0.040 0.055
10 0.727 0.402 0.011 0.037
14 0.746 0.036 0.039 0.067
14 0.479 0.023 0.041 0.025
14 0.551 0.034 0.054 0.019
14 0.651 0.048 0.055 0.025
14 0.936 0.085 0.115 0.033
14 0.574 0.150 0.026 0.012
9 0.706 0.531 0.063 0.046
10 0.938 0.348 0.011 0.026
3 0.875 0.490 0.034 0.045
