0 0.778 0.292 0.022 0.051
0 0.714 0.268 0.017 0.063
0 0.755 0.100 0.013 0.046
0 0.392 0.344 0.030 0.086
0 0.306 0.236 0.015 0.058
0 0.506 0.265 0.015 0.064
0 0.539 0.240 0.020 0.058
0 0.511 0.217 0.017 0.042
0 0.486 0.205 0.012 0.057
0 0.445 0.181 0.018 0.038
0 0.237 0.078 0.016 0.023
0 0.110 0.119 0.012 0.027
0 0.104 0.103 0.012 0.026
0 0.024 0.062 0.010 0.026
0 0.010 0.063 0.011 0.025
0 0.102 0.066 0.010 0.022
0 0.116 0.072 0.013 0.021
0 0.159 0.024 0.011 0.031
0 0.166 0.020 0.007 0.032
0 0.209 0.028 0.015 0.017
1 0.103 0.062 0.005 0.007
1 0.117 0.069 0.003 0.006
1 0.113 0.110 0.004 0.007
1 0.105 0.094 0.005 0.009
1 0.234 0.070 0.004 0.006
1 0.157 0.008 0.005 0.007
1 0.167 0.008 0.002 0.005
1 0.205 0.025 0.002 0.006
1 0.305 0.211 0.006 0.007
1 0.507 0.240 0.005 0.008
1 0.512 0.203 0.005 0.009
1 0.544 0.221 0.005 0.008
1 0.484 0.180 0.006 0.007
1 0.442 0.167 0.005 0.007
1 0.464 0.386 0.007 0.014
1 0.780 0.271 0.006 0.009
1 0.715 0.240 0.007 0.007
1 0.757 0.089 0.004 0.006
2 0.455 0.388 0.013 0.020
0 0.459 0.392 0.025 0.036
1 0.396 0.310 0.010 0.015
2 0.393 0.337 0.019 0.040
2 0.506 0.257 0.008 0.024
2 0.485 0.199 0.008 0.022
2 0.447 0.182 0.009 0.019
2 0.540 0.237 0.012 0.020
2 0.514 0.219 0.009 0.020
2 0.108 0.115 0.006 0.015
2 0.009 0.064 0.009 0.010
2 0.025 0.064 0.009 0.012
2 0.211 0.028 0.007 0.013
2 0.714 0.259 0.009 0.024
2 0.776 0.289 0.010 0.026
2 0.755 0.100 0.009 0.014
3 0.077 0.423 0.066 0.074
3 0.157 0.406 0.063 0.056
3 0.416 0.298 0.029 0.037
3 0.468 0.298 0.038 0.031
3 0.478 0.319 0.041 0.042
4 0.587 0.260 0.058 0.058
4 0.694 0.191 0.053 0.056
4 0.522 0.341 0.069 0.073
4 0.941 0.031 0.046 0.030
4 0.851 0.605 0.133 0.163
7 0.501 0.575 0.133 0.131
7 0.228 0.597 0.096 0.110
7 0.741 0.712 0.073 0.132
7 0.902 0.779 0.140 0.164
10 0.378 0.247 0.028 0.058
10 0.589 0.079 0.014 0.043
