0 0.148 0.589 0.009 0.039
0 0.330 0.905 0.013 0.034
0 0.328 0.864 0.011 0.048
0 0.278 0.844 0.013 0.043
0 0.351 0.811 0.008 0.017
0 0.387 0.794 0.008 0.017
0 0.702 0.548 0.006 0.013
0 0.681 0.548 0.005 0.006
0 0.742 0.943 0.012 0.055
0 0.748 0.905 0.013 0.027
0 0.728 0.885 0.012 0.019
0 0.731 0.867 0.011 0.017
0 0.676 0.832 0.013 0.019
0 0.508 0.790 0.008 0.039
0 0.481 0.720 0.006 0.021
0 0.534 0.733 0.005 0.015
0 0.548 0.740 0.007 0.013
0 0.500 0.742 0.005 0.013
0 0.908 0.911 0.016 0.025
0 0.986 0.934 0.012 0.055
0 0.986 0.874 0.018 0.031
0 0.919 0.551 0.007 0.011
0 0.971 0.551 0.004 0.008
0 0.678 0.706 0.007 0.020
1 0.149 0.573 0.004 0.005
2 0.149 0.588 0.007 0.019
1 0.332 0.896 0.003 0.009
1 0.330 0.848 0.004 0.009
2 0.327 0.898 0.006 0.013
2 0.327 0.861 0.005 0.018
2 0.278 0.840 0.005 0.017
1 0.280 0.828 0.005 0.007
1 0.350 0.806 0.004 0.006
2 0.352 0.812 0.006 0.009
2 0.389 0.796 0.004 0.012
1 0.389 0.788 0.003 0.004
1 0.508 0.773 0.005 0.007
2 0.507 0.784 0.005 0.012
1 0.481 0.711 0.004 0.004
2 0.481 0.718 0.004 0.009
1 0.533 0.728 0.004 0.005
2 0.534 0.734 0.005 0.011
2 0.548 0.739 0.004 0.006
1 0.549 0.734 0.003 0.004
1 0.677 0.697 0.003 0.005
1 0.677 0.825 0.004 0.007
2 0.674 0.832 0.006 0.015
1 0.732 0.863 0.004 0.006
2 0.729 0.870 0.005 0.011
1 0.729 0.880 0.003 0.006
2 0.725 0.881 0.005 0.010
1 0.748 0.893 0.004 0.007
2 0.748 0.905 0.006 0.017
1 0.744 0.922 0.004 0.009
2 0.740 0.935 0.008 0.019
1 0.902 0.903 0.004 0.007
2 0.909 0.910 0.008 0.014
1 0.984 0.910 0.005 0.010
2 0.986 0.924 0.008 0.019
1 0.993 0.873 0.004 0.006
2 0.986 0.869 0.011 0.015
1 0.702 0.545 0.002 0.003
1 0.681 0.547 0.002 0.002
2 0.702 0.550 0.003 0.006
1 0.971 0.549 0.003 0.003
1 0.920 0.548 0.002 0.004
1 0.718 0.543 0.003 0.004
6 0.762 0.544 0.022 0.019
4 0.762 0.810 0.028 0.038
7 0.784 0.819 0.014 0.027
3 0.595 0.513 0.110 0.137
12 0.608 0.101 0.018 0.035
12 0.598 0.232 0.026 0.117
11 0.708 0.850 0.036 0.044
12 0.205 0.226 0.008 0.033
12 0.340 0.315 0.006 0.018
10 0.569 0.986 0.018 0.027
14 0.791 0.532 0.049 0.020
14 0.032 0.583 0.017 0.010
14 0.011 0.592 0.010 0.018
14 0.111 0.552 0.018 0.015
14 0.133 0.549 0.028 0.019
14 0.185 0.552 0.019 0.016
14 0.179 0.575 0.018 0.011
14 0.196 0.575 0.014 0.011
14 0.209 0.549 0.025 0.011
14 0.346 0.585 0.027 0.029
14 0.382 0.576 0.048 0.103
13 0.834 0.569 0.232 0.035
13 0.144 0.626 0.217 0.030
