0 0.043 0.560 0.007 0.034
0 0.055 0.561 0.011 0.041
0 0.069 0.543 0.008 0.023
0 0.217 0.828 0.010 0.046
0 0.247 0.841 0.012 0.045
0 0.243 0.895 0.018 0.031
0 0.023 0.992 0.011 0.014
0 0.697 0.965 0.017 0.055
0 0.662 0.923 0.016 0.031
0 0.666 0.863 0.013 0.026
0 0.648 0.852 0.014 0.019
0 0.652 0.836 0.016 0.014
0 0.599 0.802 0.016 0.022
0 0.746 0.854 0.013 0.048
0 0.813 0.871 0.013 0.028
0 0.925 0.950 0.013 0.061
0 0.558 0.714 0.008 0.019
0 0.605 0.677 0.005 0.017
0 0.593 0.746 0.009 0.020
0 0.571 0.521 0.004 0.012
0 0.627 0.524 0.006 0.013
0 0.635 0.530 0.004 0.019
0 0.490 0.512 0.003 0.011
1 0.068 0.534 0.003 0.004
1 0.054 0.544 0.004 0.004
1 0.044 0.547 0.004 0.006
2 0.043 0.561 0.005 0.014
2 0.054 0.557 0.008 0.018
2 0.069 0.542 0.005 0.010
2 0.247 0.837 0.006 0.015
1 0.243 0.884 0.004 0.004
1 0.250 0.824 0.003 0.005
1 0.219 0.810 0.003 0.008
2 0.217 0.820 0.006 0.014
2 0.240 0.891 0.005 0.011
2 0.280 0.779 0.003 0.007
2 0.558 0.713 0.004 0.008
2 0.592 0.744 0.004 0.008
1 0.556 0.706 0.002 0.003
1 0.605 0.671 0.003 0.005
1 0.594 0.739 0.003 0.004
1 0.597 0.794 0.003 0.005
2 0.595 0.802 0.006 0.014
2 0.665 0.864 0.006 0.016
2 0.645 0.848 0.004 0.008
2 0.649 0.838 0.006 0.009
1 0.648 0.849 0.003 0.006
1 0.665 0.852 0.004 0.005
1 0.653 0.831 0.004 0.006
1 0.698 0.946 0.005 0.011
1 0.665 0.911 0.005 0.008
2 0.661 0.925 0.007 0.019
2 0.698 0.961 0.006 0.021
2 0.746 0.848 0.006 0.018
1 0.745 0.834 0.004 0.006
1 0.809 0.861 0.004 0.005
2 0.814 0.870 0.008 0.013
1 0.847 0.989 0.007 0.011
1 0.923 0.924 0.005 0.009
2 0.925 0.944 0.008 0.023
2 0.571 0.524 0.003 0.005
1 0.571 0.518 0.002 0.002
2 0.635 0.528 0.003 0.008
1 0.635 0.522 0.002 0.003
1 0.629 0.521 0.003 0.004
2 0.627 0.528 0.002 0.007
4 0.682 0.784 0.022 0.039
7 0.703 0.791 0.018 0.026
6 0.684 0.520 0.022 0.018
7 0.560 0.768 0.033 0.030
3 0.469 0.700 0.120 0.145
12 0.465 0.390 0.027 0.123
12 0.121 0.181 0.011 0.031
12 0.268 0.279 0.008 0.026
10 0.490 0.970 0.014 0.046
14 0.301 0.541 0.053 0.125
14 0.712 0.510 0.045 0.018
14 0.014 0.520 0.014 0.011
14 0.095 0.520 0.021 0.013
14 0.122 0.518 0.026 0.012
14 0.043 0.520 0.024 0.015
14 0.089 0.545 0.020 0.013
14 0.107 0.543 0.013 0.012
14 0.264 0.557 0.015 0.015
13 0.177 0.567 0.141 0.026
13 0.678 0.537 0.178 0.025
11 0.628 0.821 0.033 0.035
