0 0.094 0.598 0.011 0.044
0 0.141 0.735 0.010 0.021
0 0.662 0.857 0.014 0.038
0 0.768 0.922 0.013 0.037
0 0.827 0.851 0.005 0.019
0 0.832 0.952 0.010 0.031
0 0.719 0.830 0.009 0.042
0 0.893 0.966 0.013 0.038
0 0.893 0.718 0.006 0.034
0 0.898 0.713 0.005 0.033
0 0.307 0.537 0.003 0.016
0 0.252 0.548 0.003 0.011
0 0.258 0.566 0.004 0.012
0 0.274 0.560 0.005 0.018
0 0.292 0.569 0.005 0.018
0 0.304 0.576 0.004 0.019
0 0.302 0.569 0.004 0.014
0 0.238 0.576 0.007 0.014
0 0.270 0.586 0.005 0.023
0 0.264 0.599 0.004 0.023
0 0.241 0.609 0.006 0.025
0 0.279 0.658 0.008 0.020
0 0.299 0.619 0.004 0.024
0 0.301 0.639 0.005 0.029
0 0.305 0.631 0.004 0.019
0 0.309 0.639 0.005 0.031
0 0.396 0.555 0.004 0.018
0 0.406 0.559 0.004 0.012
0 0.386 0.578 0.006 0.013
0 0.425 0.586 0.005 0.015
0 0.374 0.643 0.006 0.025
0 0.394 0.697 0.005 0.024
0 0.394 0.722 0.007 0.037
0 0.472 0.581 0.005 0.013
0 0.505 0.563 0.005 0.010
0 0.495 0.588 0.005 0.014
0 0.534 0.598 0.006 0.026
0 0.545 0.597 0.008 0.013
0 0.488 0.638 0.004 0.025
0 0.492 0.640 0.005 0.017
0 0.498 0.638 0.004 0.024
0 0.509 0.637 0.005 0.019
0 0.516 0.637 0.005 0.024
0 0.486 0.681 0.005 0.030
0 0.619 0.598 0.005 0.025
0 0.656 0.606 0.004 0.017
0 0.596 0.704 0.007 0.023
1 0.098 0.581 0.003 0.006
1 0.421 0.891 0.005 0.008
1 0.660 0.855 0.004 0.012
1 0.719 0.813 0.004 0.007
1 0.773 0.908 0.004 0.010
1 0.827 0.847 0.004 0.010
1 0.837 0.944 0.002 0.007
1 0.892 0.952 0.005 0.008
1 0.897 0.699 0.003 0.006
1 0.896 0.705 0.003 0.005
1 0.251 0.546 0.002 0.003
1 0.236 0.571 0.002 0.004
1 0.259 0.563 0.002 0.003
1 0.241 0.598 0.002 0.004
1 0.263 0.590 0.003 0.004
1 0.269 0.577 0.002 0.004
1 0.273 0.553 0.002 0.004
1 0.291 0.562 0.003 0.003
1 0.302 0.564 0.002 0.005
1 0.303 0.569 0.003 0.004
1 0.307 0.530 0.002 0.003
1 0.298 0.609 0.003 0.006
1 0.276 0.651 0.002 0.006
1 0.301 0.626 0.002 0.005
1 0.304 0.623 0.003 0.006
1 0.309 0.626 0.003 0.004
1 0.373 0.633 0.003 0.006
1 0.385 0.573 0.002 0.003
1 0.407 0.554 0.002 0.003
1 0.427 0.581 0.002 0.005
1 0.470 0.578 0.002 0.003
1 0.494 0.584 0.002 0.004
1 0.504 0.560 0.002 0.003
1 0.488 0.628 0.003 0.006
1 0.491 0.634 0.003 0.005
1 0.498 0.629 0.003 0.006
1 0.511 0.630 0.003 0.006
1 0.516 0.627 0.003 0.006
1 0.486 0.669 0.003 0.005
1 0.545 0.593 0.003 0.006
1 0.618 0.589 0.002 0.005
1 0.655 0.600 0.002 0.004
1 0.137 0.731 0.002 0.008
2 0.092 0.591 0.006 0.017
2 0.663 0.846 0.009 0.014
2 0.718 0.828 0.007 0.020
2 0.766 0.917 0.008 0.021
2 0.893 0.714 0.005 0.014
2 0.898 0.710 0.003 0.014
2 0.307 0.536 0.002 0.007
2 0.239 0.574 0.004 0.007
2 0.257 0.567 0.003 0.006
2 0.274 0.558 0.003 0.006
2 0.270 0.584 0.004 0.009
2 0.264 0.597 0.004 0.011
2 0.242 0.606 0.004 0.010
2 0.299 0.616 0.003 0.011
2 0.281 0.654 0.004 0.009
2 0.309 0.633 0.004 0.008
2 0.306 0.631 0.002 0.010
2 0.387 0.577 0.003 0.006
2 0.396 0.552 0.002 0.006
2 0.406 0.559 0.003 0.008
2 0.425 0.584 0.003 0.007
2 0.507 0.563 0.003 0.005
2 0.496 0.584 0.003 0.005
2 0.473 0.581 0.003 0.005
2 0.488 0.638 0.003 0.013
2 0.498 0.638 0.003 0.011
2 0.535 0.595 0.004 0.008
2 0.619 0.596 0.003 0.007
2 0.656 0.607 0.003 0.007
2 0.486 0.678 0.003 0.011
2 0.494 0.655 0.003 0.008
2 0.375 0.642 0.004 0.013
2 0.394 0.697 0.004 0.013
2 0.393 0.716 0.004 0.013
2 0.596 0.697 0.005 0.006
3 0.324 0.659 0.024 0.022
3 0.579 0.770 0.029 0.039
3 0.789 0.835 0.025 0.046
4 0.625 0.671 0.018 0.031
4 0.706 0.778 0.019 0.041
7 0.435 0.836 0.048 0.046
7 0.431 0.777 0.019 0.051
7 0.421 0.815 0.024 0.036
7 0.387 0.823 0.018 0.036
7 0.366 0.829 0.026 0.027
7 0.302 0.722 0.018 0.025
7 0.322 0.701 0.019 0.033
10 0.457 0.645 0.016 0.025
11 0.430 0.561 0.017 0.015
12 0.332 0.259 0.011 0.022
14 0.136 0.502 0.036 0.034
14 0.155 0.458 0.013 0.010
14 0.162 0.430 0.015 0.011
14 0.406 0.406 0.031 0.008
