0 0.220 0.313 0.002 0.005
0 0.226 0.314 0.002 0.005
0 0.230 0.314 0.002 0.006
0 0.232 0.314 0.002 0.004
0 0.525 0.311 0.002 0.007
0 0.531 0.312 0.003 0.005
0 0.653 0.534 0.007 0.023
0 0.443 0.480 0.005 0.024
0 0.433 0.484 0.005 0.024
0 0.451 0.553 0.007 0.040
0 0.438 0.552 0.005 0.037
0 0.487 0.600 0.007 0.041
0 0.509 0.600 0.007 0.045
0 0.050 0.592 0.008 0.031
0 0.068 0.593 0.008 0.026
0 0.009 0.510 0.005 0.019
0 0.113 0.487 0.004 0.014
0 0.082 0.663 0.014 0.038
0 0.027 0.817 0.010 0.087
0 0.136 0.764 0.015 0.065
0 0.319 0.813 0.018 0.076
0 0.454 0.878 0.020 0.084
0 0.465 0.731 0.009 0.038
0 0.518 0.722 0.019 0.049
0 0.605 0.797 0.015 0.081
0 0.617 0.663 0.009 0.057
0 0.661 0.702 0.015 0.053
0 0.630 0.947 0.025 0.106
0 0.715 0.910 0.029 0.065
0 0.745 0.672 0.011 0.020
0 0.992 0.763 0.016 0.057
1 0.049 0.580 0.004 0.009
1 0.009 0.504 0.003 0.007
1 0.082 0.649 0.004 0.012
1 0.131 0.736 0.007 0.011
1 0.313 0.778 0.005 0.011
1 0.028 0.777 0.005 0.010
1 0.451 0.842 0.008 0.016
1 0.632 0.900 0.007 0.015
1 0.599 0.761 0.005 0.011
1 0.464 0.715 0.005 0.007
1 0.511 0.702 0.005 0.011
1 0.617 0.638 0.004 0.007
1 0.509 0.581 0.004 0.007
1 0.439 0.539 0.003 0.007
1 0.451 0.536 0.004 0.007
1 0.666 0.681 0.004 0.013
1 0.745 0.672 0.004 0.010
1 0.803 0.702 0.003 0.010
1 0.987 0.743 0.008 0.018
1 0.706 0.885 0.009 0.017
2 0.085 0.658 0.004 0.012
2 0.138 0.751 0.009 0.023
2 0.026 0.803 0.007 0.028
2 0.319 0.802 0.009 0.034
2 0.432 0.481 0.003 0.008
2 0.438 0.549 0.004 0.015
2 0.451 0.547 0.004 0.014
2 0.509 0.596 0.003 0.019
2 0.465 0.735 0.007 0.025
2 0.520 0.706 0.013 0.017
2 0.452 0.866 0.013 0.032
2 0.632 0.936 0.014 0.039
2 0.606 0.783 0.009 0.032
2 0.616 0.654 0.006 0.022
2 0.658 0.692 0.008 0.023
2 0.795 0.696 0.009 0.013
2 0.717 0.908 0.017 0.035
2 0.996 0.746 0.007 0.011
12 0.495 0.411 0.037 0.062
12 0.646 0.219 0.008 0.023
4 0.074 0.496 0.027 0.019
4 0.073 0.700 0.058 0.041
4 0.261 0.519 0.031 0.020
4 0.333 0.539 0.023 0.022
3 0.295 0.551 0.022 0.026
3 0.366 0.495 0.011 0.027
3 0.451 0.797 0.029 0.081
4 0.500 0.773 0.073 0.044
4 0.489 0.688 0.059 0.025
4 0.503 0.564 0.029 0.023
3 0.411 0.566 0.010 0.040
4 0.415 0.488 0.020 0.020
4 0.340 0.467 0.027 0.007
4 0.629 0.519 0.030 0.020
3 0.713 0.563 0.014 0.036
3 0.646 0.659 0.026 0.052
4 0.770 0.876 0.112 0.067
4 0.862 0.810 0.088 0.044
7 0.121 0.665 0.015 0.021
11 0.619 0.768 0.034 0.043
10 0.680 0.706 0.005 0.029
14 0.105 0.301 0.009 0.005
14 0.006 0.492 0.009 0.005
14 0.024 0.490 0.012 0.006
14 0.227 0.321 0.027 0.007
14 0.289 0.307 0.007 0.005
14 0.359 0.319 0.014 0.007
14 0.423 0.318 0.040 0.008
14 0.547 0.312 0.022 0.005
14 0.564 0.303 0.008 0.003
14 0.687 0.303 0.043 0.006
14 0.694 0.315 0.031 0.005
14 0.732 0.316 0.008 0.009
14 0.757 0.472 0.013 0.011
14 0.939 0.313 0.027 0.010
14 0.980 0.289 0.018 0.005
14 0.983 0.409 0.035 0.023
9 0.220 0.475 0.012 0.010
9 0.507 0.729 0.031 0.033
7 0.131 0.631 0.014 0.019
3 0.670 0.782 0.049 0.022
