0 0.886 0.369 0.025 0.079
0 0.335 0.231 0.027 0.087
0 0.283 0.098 0.019 0.100
0 0.329 0.103 0.014 0.078
0 0.357 0.082 0.016 0.076
0 0.456 0.044 0.024 0.073
0 0.949 0.953 0.051 0.094
3 0.153 0.748 0.113 0.182
4 0.713 0.324 0.117 0.143
4 0.405 0.065 0.075 0.074
7 0.109 0.357 0.112 0.108
7 0.144 0.509 0.080 0.084
7 0.383 0.323 0.160 0.132
7 0.384 0.447 0.095 0.094
7 0.446 0.457 0.058 0.100
7 0.421 0.819 0.072 0.128
7 0.570 0.729 0.072 0.109
7 0.576 0.906 0.158 0.188
7 0.610 0.438 0.077 0.114
7 0.755 0.479 0.123 0.163
7 0.845 0.613 0.058 0.077
7 0.948 0.653 0.076 0.127
7 0.917 0.764 0.073 0.120
7 0.896 0.853 0.099 0.102
1 0.284 0.057 0.011 0.017
1 0.333 0.070 0.008 0.017
1 0.352 0.048 0.009 0.014
1 0.333 0.194 0.010 0.015
2 0.334 0.218 0.017 0.032
2 0.356 0.069 0.012 0.027
2 0.328 0.087 0.013 0.028
2 0.281 0.086 0.015 0.040
1 0.452 0.016 0.009 0.015
2 0.460 0.038 0.008 0.026
1 0.891 0.339 0.009 0.019
2 0.887 0.363 0.016 0.040
1 0.966 0.921 0.016 0.025
2 0.951 0.950 0.041 0.058
3 0.023 0.158 0.045 0.103
