0 0.147 0.959 0.053 0.082
0 0.163 0.086 0.017 0.037
0 0.662 0.148 0.016 0.085
0 0.661 0.069 0.022 0.038
0 0.787 0.043 0.016 0.079
0 0.593 0.030 0.029 0.056
3 0.113 0.156 0.074 0.061
3 0.116 0.233 0.074 0.064
3 0.294 0.035 0.058 0.059
3 0.362 0.067 0.063 0.099
3 0.411 0.631 0.104 0.177
4 0.737 0.036 0.068 0.071
7 0.421 0.242 0.085 0.121
7 0.435 0.389 0.061 0.097
7 0.690 0.281 0.193 0.121
7 0.687 0.422 0.146 0.146
7 0.933 0.481 0.087 0.153
7 0.833 0.787 0.091 0.144
7 0.658 0.811 0.067 0.154
7 0.813 0.956 0.221 0.088
1 0.134 0.930 0.025 0.035
2 0.150 0.969 0.034 0.062
1 0.164 0.079 0.008 0.019
1 0.667 0.118 0.009 0.019
1 0.669 0.066 0.006 0.019
2 0.662 0.141 0.012 0.032
1 0.794 0.013 0.010 0.016
2 0.790 0.034 0.011 0.038
2 0.591 0.015 0.016 0.028
2 0.657 0.067 0.013 0.024
