0 0.025 0.765 0.015 0.024
0 0.066 0.778 0.015 0.018
0 0.024 0.798 0.012 0.025
0 0.054 0.838 0.013 0.026
0 0.066 0.800 0.012 0.026
0 0.094 0.791 0.010 0.021
0 0.147 0.760 0.014 0.019
0 0.169 0.706 0.009 0.016
0 0.193 0.701 0.009 0.022
0 0.221 0.700 0.008 0.021
0 0.440 0.946 0.025 0.049
0 0.386 0.799 0.013 0.023
0 0.409 0.765 0.011 0.015
0 0.403 0.755 0.010 0.020
0 0.364 0.733 0.008 0.012
0 0.348 0.738 0.007 0.019
0 0.477 0.723 0.010 0.019
0 0.466 0.716 0.007 0.031
0 0.514 0.862 0.009 0.038
0 0.636 0.972 0.016 0.056
1 0.020 0.762 0.003 0.006
1 0.070 0.772 0.003 0.006
1 0.067 0.790 0.004 0.006
1 0.027 0.789 0.003 0.004
1 0.146 0.753 0.003 0.006
1 0.171 0.703 0.002 0.005
1 0.192 0.691 0.003 0.004
1 0.223 0.694 0.003 0.005
1 0.348 0.732 0.002 0.003
1 0.366 0.732 0.002 0.004
1 0.389 0.794 0.003 0.006
1 0.308 0.814 0.004 0.006
1 0.410 0.760 0.003 0.006
1 0.404 0.751 0.003 0.005
1 0.467 0.706 0.004 0.005
1 0.476 0.716 0.003 0.004
1 0.444 0.928 0.005 0.008
1 0.635 0.950 0.005 0.006
0 0.882 0.824 0.006 0.033
0 0.823 0.798 0.007 0.038
0 0.806 0.776 0.007 0.038
0 0.813 0.777 0.006 0.037
0 0.823 0.761 0.007 0.033
0 0.815 0.715 0.005 0.015
0 0.898 0.751 0.008 0.029
0 0.913 0.754 0.009 0.033
1 0.824 0.783 0.003 0.006
1 0.882 0.812 0.005 0.006
1 0.807 0.762 0.003 0.006
1 0.825 0.750 0.003 0.005
1 0.812 0.761 0.002 0.003
1 0.815 0.710 0.002 0.003
1 0.897 0.740 0.004 0.005
1 0.911 0.742 0.003 0.005
2 0.025 0.796 0.009 0.009
2 0.054 0.839 0.009 0.013
2 0.066 0.798 0.009 0.012
2 0.094 0.792 0.006 0.011
2 0.027 0.761 0.008 0.008
2 0.149 0.760 0.005 0.009
2 0.168 0.708 0.004 0.009
2 0.193 0.698 0.005 0.009
2 0.221 0.698 0.003 0.008
2 0.348 0.739 0.004 0.010
2 0.385 0.797 0.006 0.010
2 0.402 0.758 0.004 0.009
2 0.407 0.765 0.003 0.011
2 0.438 0.939 0.009 0.020
2 0.514 0.856 0.007 0.013
2 0.807 0.770 0.005 0.010
2 0.814 0.771 0.005 0.013
2 0.823 0.758 0.005 0.009
0 0.688 0.986 0.016 0.028
10 0.530 0.964 0.030 0.043
10 0.402 0.837 0.008 0.038
10 0.610 0.679 0.012 0.019
10 0.813 0.852 0.013 0.037
10 0.903 0.715 0.009 0.023
14 0.302 0.511 0.045 0.013
13 0.144 0.533 0.083 0.021
13 0.259 0.537 0.147 0.021
13 0.386 0.532 0.103 0.016
