0 0.046 0.050 0.019 0.074
0 0.093 0.041 0.022 0.070
0 0.129 0.036 0.015 0.072
0 0.037 0.280 0.035 0.073
0 0.215 0.128 0.020 0.075
0 0.373 0.042 0.009 0.046
0 0.420 0.078 0.014 0.036
0 0.369 0.258 0.014 0.101
0 0.449 0.316 0.024 0.129
0 0.555 0.271 0.021 0.052
1 0.024 0.252 0.009 0.021
1 0.128 0.006 0.005 0.009
1 0.210 0.098 0.006 0.017
1 0.369 0.214 0.005 0.013
1 0.446 0.257 0.010 0.015
2 0.042 0.268 0.022 0.030
2 0.125 0.025 0.006 0.022
2 0.213 0.118 0.011 0.026
2 0.370 0.243 0.011 0.041
2 0.448 0.297 0.019 0.050
2 0.418 0.073 0.007 0.018
2 0.556 0.260 0.013 0.030
4 0.095 0.146 0.101 0.028
4 0.201 0.211 0.113 0.055
3 0.276 0.062 0.040 0.069
3 0.165 0.278 0.073 0.114
3 0.394 0.175 0.052 0.031
4 0.572 0.135 0.070 0.034
4 0.592 0.204 0.085 0.092
7 0.311 0.798 0.172 0.133
7 0.440 0.558 0.148 0.185
7 0.612 0.517 0.043 0.123
7 0.654 0.439 0.062 0.131
7 0.686 0.370 0.117 0.120
7 0.747 0.509 0.059 0.111
7 0.821 0.576 0.078 0.113
7 0.882 0.961 0.206 0.073
11 0.333 0.182 0.044 0.033
10 0.343 0.103 0.013 0.032
9 0.165 0.178 0.055 0.035
9 0.359 0.244 0.010 0.019
