0 0.191 0.825 0.015 0.019
0 0.179 0.777 0.005 0.010
0 0.188 0.770 0.006 0.009
0 0.258 0.920 0.012 0.054
0 0.264 0.881 0.012 0.026
0 0.244 0.866 0.014 0.021
0 0.249 0.848 0.014 0.018
0 0.019 0.751 0.007 0.017
0 0.040 0.756 0.007 0.015
0 0.059 0.523 0.005 0.011
0 0.208 0.533 0.004 0.008
0 0.196 0.533 0.004 0.006
0 0.219 0.534 0.005 0.011
0 0.235 0.533 0.003 0.011
0 0.416 0.530 0.005 0.009
0 0.453 0.529 0.004 0.008
0 0.297 0.973 0.014 0.032
0 0.426 0.958 0.013 0.058
0 0.441 0.975 0.014 0.048
0 0.404 0.852 0.012 0.031
0 0.426 0.876 0.009 0.041
0 0.465 0.850 0.010 0.045
0 0.463 0.802 0.014 0.027
0 0.895 0.875 0.009 0.026
0 0.825 0.891 0.011 0.027
1 0.218 0.530 0.003 0.005
1 0.235 0.528 0.003 0.003
1 0.209 0.531 0.003 0.004
1 0.197 0.531 0.003 0.004
2 0.236 0.534 0.003 0.009
2 0.219 0.535 0.003 0.006
2 0.208 0.535 0.003 0.004
2 0.058 0.526 0.004 0.009
1 0.060 0.519 0.003 0.003
1 0.041 0.750 0.003 0.003
2 0.040 0.757 0.004 0.009
1 0.020 0.746 0.004 0.005
2 0.020 0.755 0.004 0.012
1 0.249 0.842 0.005 0.006
1 0.180 0.775 0.003 0.005
1 0.189 0.768 0.004 0.005
1 0.190 0.817 0.003 0.007
1 0.263 0.871 0.004 0.006
1 0.261 0.898 0.005 0.008
1 0.244 0.860 0.004 0.005
2 0.188 0.827 0.006 0.013
2 0.245 0.850 0.005 0.012
2 0.241 0.862 0.004 0.010
2 0.264 0.883 0.005 0.018
2 0.257 0.912 0.008 0.024
1 0.297 0.961 0.006 0.007
2 0.295 0.975 0.007 0.018
1 0.444 0.957 0.005 0.006
2 0.441 0.974 0.008 0.022
1 0.424 0.932 0.006 0.006
2 0.425 0.949 0.007 0.022
1 0.423 0.859 0.005 0.006
2 0.426 0.871 0.006 0.017
1 0.400 0.840 0.004 0.007
2 0.405 0.846 0.007 0.010
1 0.463 0.830 0.004 0.007
2 0.466 0.846 0.007 0.019
1 0.468 0.797 0.003 0.008
2 0.462 0.794 0.009 0.012
1 0.897 0.867 0.004 0.008
2 0.825 0.891 0.007 0.014
1 0.453 0.528 0.003 0.005
1 0.416 0.527 0.003 0.004
4 0.953 0.908 0.060 0.048
4 0.945 0.875 0.033 0.046
4 0.788 0.840 0.014 0.016
4 0.898 0.845 0.026 0.016
3 0.991 0.877 0.015 0.044
6 0.279 0.526 0.022 0.017
7 0.299 0.790 0.014 0.026
4 0.281 0.778 0.023 0.050
7 0.148 0.792 0.039 0.027
3 0.187 0.465 0.128 0.141
12 0.186 0.168 0.024 0.123
12 0.133 0.048 0.024 0.044
11 0.224 0.839 0.039 0.035
14 0.605 0.555 0.025 0.049
14 0.805 0.496 0.057 0.012
14 0.743 0.502 0.014 0.008
14 0.549 0.495 0.024 0.009
14 0.487 0.494 0.023 0.011
14 0.305 0.517 0.047 0.014
13 0.459 0.543 0.218 0.024
