0 0.028 0.578 0.013 0.065
0 0.075 0.577 0.014 0.062
0 0.087 0.586 0.015 0.038
0 0.168 0.499 0.010 0.044
0 0.196 0.550 0.013 0.022
0 0.200 0.528 0.009 0.015
0 0.027 0.831 0.025 0.078
0 0.036 0.950 0.030 0.101
0 0.162 0.945 0.038 0.110
0 0.572 0.889 0.036 0.086
0 0.524 0.733 0.022 0.062
0 0.482 0.736 0.021 0.086
0 0.440 0.739 0.021 0.063
0 0.458 0.719 0.012 0.050
0 0.445 0.694 0.017 0.025
0 0.462 0.610 0.013 0.058
0 0.444 0.487 0.008 0.044
0 0.426 0.485 0.005 0.021
0 0.423 0.463 0.004 0.020
0 0.438 0.468 0.005 0.009
0 0.509 0.465 0.006 0.020
0 0.558 0.496 0.009 0.016
0 0.606 0.519 0.009 0.013
0 0.611 0.507 0.009 0.008
0 0.618 0.552 0.016 0.029
0 0.651 0.582 0.015 0.032
0 0.723 0.553 0.013 0.060
0 0.764 0.528 0.014 0.024
0 0.800 0.587 0.016 0.065
0 0.854 0.710 0.023 0.103
0 0.302 0.491 0.008 0.031
0 0.311 0.487 0.007 0.039
0 0.565 0.436 0.008 0.019
2 0.164 0.946 0.021 0.055
2 0.037 0.952 0.022 0.047
2 0.020 0.823 0.010 0.032
2 0.028 0.567 0.009 0.022
2 0.076 0.570 0.010 0.019
2 0.084 0.578 0.008 0.012
2 0.196 0.548 0.009 0.010
1 0.078 0.553 0.005 0.010
1 0.029 0.550 0.007 0.005
1 0.093 0.575 0.005 0.009
1 0.031 0.807 0.011 0.019
1 0.031 0.908 0.015 0.021
1 0.151 0.906 0.015 0.020
1 0.524 0.711 0.009 0.012
1 0.452 0.688 0.008 0.012
1 0.441 0.713 0.007 0.011
1 0.480 0.705 0.009 0.012
1 0.455 0.697 0.007 0.007
1 0.558 0.857 0.010 0.022
2 0.575 0.877 0.021 0.041
2 0.524 0.735 0.012 0.028
2 0.484 0.735 0.013 0.036
2 0.438 0.749 0.012 0.044
2 0.457 0.722 0.009 0.021
2 0.801 0.578 0.012 0.024
2 0.724 0.544 0.010 0.021
2 0.766 0.527 0.007 0.015
2 0.646 0.577 0.007 0.011
2 0.616 0.553 0.007 0.019
1 0.653 0.573 0.005 0.009
1 0.623 0.541 0.004 0.008
1 0.724 0.529 0.007 0.010
1 0.804 0.561 0.005 0.008
1 0.760 0.519 0.005 0.008
1 0.609 0.515 0.004 0.006
1 0.612 0.506 0.003 0.006
2 0.604 0.516 0.007 0.010
2 0.444 0.479 0.005 0.012
1 0.443 0.470 0.004 0.006
2 0.426 0.486 0.004 0.012
2 0.423 0.462 0.003 0.009
1 0.423 0.455 0.003 0.003
2 0.437 0.469 0.003 0.006
1 0.439 0.467 0.002 0.004
2 0.425 0.476 0.004 0.004
2 0.557 0.497 0.006 0.010
1 0.560 0.492 0.004 0.007
1 0.333 0.983 0.020 0.035
1 0.862 0.676 0.007 0.013
2 0.854 0.699 0.012 0.031
3 0.181 0.829 0.141 0.129
4 0.502 0.968 0.164 0.054
3 0.437 0.850 0.124 0.148
10 0.261 0.740 0.047 0.095
12 0.430 0.542 0.022 0.116
11 0.587 0.505 0.027 0.046
12 0.208 0.064 0.016 0.041
10 0.450 0.573 0.011 0.043
14 0.033 0.185 0.025 0.024
14 0.060 0.194 0.029 0.016
14 0.027 0.206 0.018 0.014
14 0.048 0.210 0.018 0.013
14 0.232 0.284 0.051 0.028
14 0.672 0.271 0.046 0.013
14 0.814 0.236 0.070 0.014
14 0.879 0.232 0.034 0.013
14 0.959 0.226 0.037 0.009
13 0.134 0.266 0.120 0.037
13 0.627 0.297 0.127 0.027
