0 0.168 0.410 0.012 0.021
0 0.199 0.444 0.011 0.046
0 0.179 0.524 0.015 0.052
0 0.107 0.509 0.012 0.025
0 0.286 0.585 0.017 0.059
0 0.793 0.921 0.031 0.059
0 0.638 0.762 0.021 0.041
0 0.605 0.555 0.014 0.056
0 0.534 0.494 0.012 0.030
0 0.735 0.492 0.013 0.041
0 0.668 0.243 0.005 0.028
0 0.393 0.455 0.011 0.028
0 0.181 0.946 0.065 0.107
0 0.209 0.264 0.006 0.025
0 0.240 0.366 0.010 0.018
3 0.765 0.484 0.018 0.049
3 0.652 0.255 0.013 0.026
3 0.534 0.541 0.023 0.062
3 0.552 0.305 0.009 0.025
3 0.142 0.491 0.031 0.035
3 0.186 0.490 0.052 0.036
4 0.678 0.684 0.080 0.087
4 0.661 0.622 0.058 0.049
4 0.644 0.533 0.033 0.030
4 0.720 0.571 0.059 0.060
4 0.403 0.620 0.090 0.071
4 0.265 0.450 0.048 0.032
4 0.362 0.394 0.043 0.039
4 0.661 0.468 0.039 0.033
14 0.777 0.048 0.077 0.017
13 0.843 0.038 0.216 0.024
13 0.646 0.029 0.095 0.029
13 0.506 0.027 0.079 0.021
13 0.379 0.035 0.134 0.020
13 0.270 0.040 0.060 0.018
13 0.170 0.046 0.114 0.025
9 0.618 0.599 0.014 0.025
7 0.569 0.757 0.031 0.097
7 0.512 0.749 0.042 0.084
7 0.489 0.801 0.037 0.065
7 0.469 0.838 0.044 0.063
7 0.459 0.738 0.036 0.061
7 0.421 0.680 0.072 0.074
7 0.339 0.679 0.035 0.069
7 0.289 0.809 0.039 0.062
7 0.298 0.895 0.098 0.099
7 0.218 0.626 0.027 0.027
0 0.014 0.326 0.013 0.017
1 0.166 0.403 0.004 0.005
1 0.197 0.425 0.004 0.010
1 0.176 0.504 0.005 0.008
1 0.109 0.501 0.009 0.012
2 0.199 0.438 0.007 0.016
2 0.169 0.413 0.007 0.017
2 0.180 0.516 0.009 0.019
1 0.242 0.365 0.004 0.011
10 0.290 0.320 0.008 0.025
2 0.210 0.261 0.004 0.013
0 0.372 0.456 0.011 0.018
2 0.393 0.452 0.008 0.014
2 0.284 0.577 0.010 0.025
1 0.284 0.559 0.005 0.007
1 0.341 0.978 0.007 0.013
0 0.543 0.712 0.016 0.062
2 0.543 0.705 0.010 0.026
2 0.545 0.685 0.006 0.011
0 0.638 0.679 0.016 0.032
2 0.640 0.680 0.009 0.021
2 0.606 0.551 0.009 0.026
1 0.607 0.533 0.004 0.006
4 0.643 0.583 0.024 0.029
2 0.734 0.486 0.007 0.021
1 0.737 0.473 0.006 0.009
0 0.678 0.397 0.007 0.038
2 0.677 0.393 0.007 0.018
1 0.679 0.382 0.003 0.006
2 0.534 0.495 0.008 0.019
1 0.530 0.483 0.005 0.007
4 0.551 0.262 0.015 0.018
1 0.369 0.453 0.005 0.009
