0 0.038 0.558 0.017 0.039
0 0.065 0.579 0.022 0.053
0 0.156 0.504 0.018 0.074
0 0.209 0.405 0.016 0.062
0 0.218 0.354 0.016 0.032
0 0.328 0.228 0.013 0.052
0 0.728 0.750 0.021 0.045
0 0.615 0.533 0.019 0.073
0 0.712 0.572 0.024 0.055
0 0.768 0.373 0.011 0.042
0 0.770 0.451 0.011 0.050
12 0.179 0.149 0.029 0.044
4 0.834 0.214 0.030 0.039
5 0.139 0.424 0.121 0.070
5 0.330 0.401 0.037 0.091
5 0.329 0.331 0.023 0.082
5 0.379 0.409 0.037 0.068
5 0.481 0.405 0.117 0.045
5 0.616 0.384 0.029 0.128
10 0.683 0.422 0.019 0.064
10 0.092 0.239 0.017 0.031
1 0.038 0.542 0.009 0.013
1 0.060 0.557 0.009 0.011
2 0.069 0.578 0.017 0.033
1 0.152 0.471 0.009 0.012
1 0.215 0.352 0.007 0.010
1 0.204 0.378 0.007 0.009
2 0.208 0.399 0.010 0.021
2 0.154 0.493 0.014 0.030
2 0.220 0.347 0.010 0.012
1 0.731 0.749 0.008 0.017
1 0.721 0.556 0.008 0.013
1 0.618 0.502 0.008 0.009
2 0.619 0.528 0.016 0.034
2 0.709 0.567 0.018 0.032
2 0.724 0.752 0.012 0.030
