0 0.912 0.319 0.005 0.021
0 0.915 0.422 0.008 0.015
0 0.997 0.399 0.006 0.029
0 0.924 0.329 0.006 0.010
0 0.747 0.394 0.010 0.018
0 0.696 0.353 0.006 0.029
0 0.619 0.458 0.005 0.025
0 0.617 0.449 0.004 0.020
0 0.624 0.458 0.003 0.026
0 0.629 0.453 0.004 0.025
0 0.419 0.358 0.005 0.014
0 0.422 0.372 0.006 0.027
0 0.400 0.370 0.005 0.035
0 0.379 0.367 0.004 0.028
0 0.366 0.380 0.007 0.030
0 0.307 0.483 0.008 0.056
0 0.257 0.369 0.004 0.016
0 0.119 0.498 0.009 0.049
0 0.024 0.530 0.017 0.057
0 0.664 0.567 0.014 0.036
0 0.611 0.684 0.007 0.050
0 0.650 0.701 0.013 0.058
0 0.678 0.709 0.016 0.062
0 0.823 0.703 0.011 0.060
0 0.282 0.950 0.021 0.099
0 0.134 0.968 0.041 0.065
0 0.100 0.797 0.035 0.049
1 0.119 0.953 0.010 0.025
1 0.281 0.910 0.012 0.018
1 0.107 0.778 0.010 0.017
1 0.019 0.504 0.005 0.005
1 0.257 0.363 0.002 0.004
1 0.308 0.459 0.005 0.006
1 0.367 0.366 0.003 0.006
1 0.401 0.355 0.004 0.005
1 0.380 0.354 0.003 0.004
1 0.610 0.662 0.004 0.006
1 0.652 0.675 0.003 0.007
1 0.678 0.682 0.006 0.008
1 0.669 0.552 0.004 0.006
2 0.023 0.522 0.010 0.021
2 0.309 0.471 0.008 0.012
2 0.138 0.949 0.027 0.024
2 0.099 0.793 0.017 0.022
2 0.279 0.942 0.013 0.043
2 0.651 0.694 0.008 0.024
2 0.678 0.698 0.009 0.019
2 0.662 0.563 0.007 0.015
2 0.619 0.458 0.004 0.016
2 0.399 0.365 0.003 0.015
2 0.916 0.421 0.005 0.007
12 0.644 0.376 0.017 0.034
4 0.577 0.764 0.077 0.095
4 0.976 0.527 0.040 0.037
4 0.847 0.449 0.042 0.031
4 0.620 0.373 0.030 0.024
3 0.917 0.534 0.035 0.051
3 0.418 0.377 0.007 0.018
7 0.722 0.728 0.049 0.061
7 0.650 0.634 0.015 0.037
7 0.679 0.618 0.015 0.030
7 0.595 0.656 0.021 0.025
5 0.436 0.529 0.163 0.094
10 0.411 0.556 0.018 0.047
10 0.091 0.371 0.014 0.028
10 0.453 0.352 0.005 0.013
11 0.446 0.426 0.023 0.020
14 0.009 0.134 0.017 0.011
14 0.046 0.177 0.012 0.041
14 0.133 0.136 0.018 0.009
14 0.217 0.133 0.068 0.013
14 0.352 0.149 0.022 0.006
14 0.395 0.144 0.041 0.008
14 0.462 0.139 0.039 0.008
14 0.529 0.144 0.030 0.007
14 0.573 0.341 0.026 0.006
14 0.667 0.145 0.009 0.005
14 0.988 0.163 0.025 0.010
7 0.450 0.384 0.014 0.026
