0 0.035 0.565 0.010 0.039
0 0.054 0.562 0.013 0.042
0 0.139 0.545 0.008 0.024
0 0.207 0.825 0.012 0.041
0 0.240 0.895 0.017 0.029
0 0.244 0.841 0.013 0.043
0 0.429 0.764 0.010 0.038
0 0.763 0.847 0.013 0.044
0 0.809 0.871 0.014 0.027
0 0.695 0.961 0.014 0.052
0 0.660 0.926 0.016 0.032
0 0.661 0.866 0.014 0.028
0 0.642 0.852 0.011 0.015
0 0.648 0.838 0.013 0.014
0 0.596 0.803 0.018 0.023
0 0.588 0.743 0.010 0.016
0 0.555 0.712 0.007 0.021
0 0.403 0.695 0.008 0.025
0 0.331 0.805 0.008 0.020
0 0.270 0.786 0.006 0.016
0 0.561 0.520 0.007 0.012
0 0.602 0.527 0.006 0.008
0 0.631 0.527 0.005 0.012
0 0.576 0.524 0.005 0.007
2 0.034 0.564 0.007 0.018
2 0.054 0.559 0.008 0.019
2 0.140 0.546 0.004 0.012
1 0.034 0.549 0.005 0.006
1 0.053 0.545 0.006 0.007
1 0.138 0.536 0.004 0.005
1 0.209 0.810 0.005 0.007
1 0.244 0.824 0.004 0.006
1 0.269 0.782 0.003 0.005
1 0.241 0.884 0.005 0.006
2 0.207 0.822 0.006 0.015
2 0.244 0.838 0.007 0.017
2 0.237 0.894 0.009 0.013
2 0.270 0.790 0.002 0.007
1 0.331 0.798 0.004 0.005
1 0.430 0.749 0.003 0.007
2 0.431 0.759 0.005 0.013
1 0.404 0.687 0.003 0.003
2 0.403 0.693 0.004 0.009
2 0.591 0.804 0.006 0.013
1 0.593 0.795 0.003 0.005
2 0.555 0.711 0.004 0.010
2 0.588 0.745 0.005 0.009
1 0.554 0.705 0.003 0.004
1 0.589 0.737 0.004 0.004
1 0.645 0.849 0.003 0.006
1 0.651 0.837 0.005 0.009
1 0.661 0.854 0.004 0.004
1 0.662 0.915 0.006 0.006
1 0.696 0.940 0.006 0.009
2 0.645 0.839 0.007 0.011
2 0.640 0.850 0.005 0.009
2 0.661 0.866 0.007 0.015
2 0.658 0.929 0.010 0.019
2 0.696 0.957 0.009 0.019
2 0.811 0.873 0.007 0.013
2 0.763 0.844 0.007 0.016
1 0.761 0.833 0.005 0.007
1 0.806 0.864 0.004 0.005
4 0.681 0.783 0.023 0.045
6 0.699 0.788 0.015 0.031
7 0.558 0.766 0.032 0.022
6 0.679 0.522 0.019 0.017
3 0.473 0.645 0.121 0.148
12 0.116 0.185 0.013 0.027
12 0.468 0.336 0.029 0.122
12 0.264 0.283 0.005 0.019
11 0.624 0.823 0.030 0.031
10 0.485 0.969 0.016 0.048
14 0.296 0.542 0.054 0.100
14 0.092 0.523 0.025 0.016
14 0.118 0.520 0.026 0.016
14 0.086 0.543 0.018 0.014
14 0.106 0.545 0.017 0.012
14 0.260 0.559 0.021 0.020
14 0.012 0.521 0.017 0.013
14 0.037 0.521 0.027 0.013
14 0.707 0.514 0.047 0.013
14 0.828 0.495 0.021 0.012
14 0.914 0.491 0.031 0.010
13 0.161 0.566 0.137 0.030
13 0.735 0.545 0.174 0.019
