0 0.552 0.803 0.013 0.086
0 0.672 0.883 0.013 0.061
0 0.456 0.879 0.013 0.088
0 0.514 0.554 0.014 0.044
0 0.547 0.546 0.011 0.050
0 0.564 0.506 0.008 0.048
0 0.514 0.497 0.006 0.046
0 0.507 0.490 0.006 0.047
0 0.473 0.438 0.005 0.027
0 0.449 0.432 0.007 0.038
0 0.459 0.342 0.007 0.027
0 0.368 0.296 0.006 0.017
0 0.145 0.665 0.023 0.067
0 0.325 0.733 0.015 0.082
3 0.643 0.568 0.026 0.059
3 0.732 0.448 0.025 0.044
3 0.429 0.733 0.029 0.087
3 0.313 0.424 0.030 0.037
4 0.733 0.876 0.115 0.119
4 0.653 0.788 0.076 0.098
4 0.647 0.682 0.076 0.068
4 0.840 0.767 0.091 0.059
4 0.278 0.944 0.158 0.113
4 0.080 0.604 0.072 0.049
4 0.435 0.346 0.036 0.029
4 0.286 0.380 0.030 0.023
14 0.453 0.144 0.069 0.013
13 0.741 0.137 0.188 0.030
13 0.505 0.135 0.170 0.026
13 0.324 0.141 0.090 0.025
13 0.238 0.138 0.073 0.025
13 0.139 0.144 0.041 0.012
13 0.055 0.154 0.109 0.025
9 0.572 0.781 0.021 0.035
1 0.137 0.636 0.005 0.007
2 0.143 0.651 0.011 0.025
1 0.552 0.764 0.007 0.011
1 0.454 0.843 0.009 0.014
2 0.551 0.794 0.013 0.036
2 0.457 0.866 0.014 0.037
1 0.518 0.539 0.005 0.011
1 0.545 0.520 0.004 0.007
1 0.562 0.485 0.005 0.007
1 0.514 0.477 0.005 0.006
2 0.514 0.488 0.007 0.015
2 0.563 0.500 0.008 0.020
2 0.547 0.535 0.010 0.018
1 0.671 0.854 0.009 0.013
2 0.672 0.886 0.012 0.040
10 0.673 0.628 0.011 0.030
