0 0.355 0.322 0.003 0.007
0 0.361 0.324 0.002 0.005
0 0.365 0.323 0.001 0.007
0 0.367 0.323 0.003 0.005
0 0.643 0.318 0.002 0.010
0 0.649 0.319 0.004 0.009
0 0.771 0.556 0.008 0.029
0 0.780 0.573 0.007 0.020
0 0.555 0.490 0.004 0.026
0 0.542 0.496 0.006 0.030
0 0.512 0.481 0.004 0.014
0 0.537 0.566 0.009 0.034
0 0.550 0.568 0.010 0.040
0 0.348 0.443 0.004 0.011
0 0.360 0.444 0.004 0.019
0 0.368 0.443 0.004 0.017
0 0.247 0.488 0.004 0.019
0 0.232 0.548 0.004 0.023
0 0.072 0.523 0.006 0.030
0 0.005 0.765 0.009 0.063
0 0.204 0.656 0.015 0.042
0 0.224 0.764 0.018 0.044
0 0.329 0.653 0.005 0.025
0 0.578 0.620 0.011 0.054
0 0.602 0.620 0.006 0.046
0 0.713 0.696 0.008 0.063
0 0.593 0.745 0.017 0.051
0 0.534 0.753 0.010 0.042
0 0.849 0.718 0.014 0.031
0 0.905 0.754 0.020 0.040
0 0.773 0.969 0.028 0.063
0 0.682 0.844 0.018 0.085
0 0.509 0.902 0.029 0.083
0 0.390 0.826 0.016 0.063
0 0.087 0.835 0.017 0.086
1 0.006 0.738 0.006 0.009
1 0.087 0.795 0.007 0.010
1 0.218 0.747 0.005 0.011
1 0.384 0.797 0.003 0.008
1 0.503 0.866 0.007 0.012
1 0.331 0.643 0.005 0.008
1 0.540 0.551 0.004 0.006
1 0.542 0.484 0.002 0.004
1 0.578 0.597 0.004 0.006
1 0.602 0.599 0.004 0.006
1 0.532 0.736 0.004 0.010
1 0.586 0.725 0.007 0.010
1 0.762 0.944 0.008 0.012
1 0.676 0.808 0.006 0.009
0 0.747 0.735 0.015 0.050
1 0.751 0.716 0.007 0.013
1 0.713 0.669 0.006 0.010
1 0.769 0.547 0.006 0.009
1 0.849 0.712 0.007 0.016
2 0.233 0.550 0.003 0.011
2 0.226 0.754 0.011 0.012
2 0.002 0.755 0.004 0.019
2 0.086 0.817 0.007 0.021
2 0.329 0.653 0.004 0.013
2 0.512 0.482 0.003 0.007
2 0.555 0.488 0.003 0.009
2 0.542 0.491 0.003 0.007
2 0.536 0.563 0.004 0.016
2 0.550 0.559 0.005 0.013
2 0.535 0.759 0.006 0.025
2 0.502 0.892 0.012 0.035
2 0.682 0.828 0.013 0.031
2 0.595 0.731 0.009 0.020
2 0.578 0.614 0.009 0.020
2 0.602 0.614 0.004 0.021
2 0.714 0.686 0.007 0.024
2 0.745 0.731 0.008 0.029
2 0.850 0.707 0.009 0.009
2 0.903 0.741 0.013 0.018
2 0.774 0.972 0.019 0.048
12 0.522 0.433 0.037 0.064
3 0.023 0.515 0.014 0.015
4 0.210 0.495 0.025 0.016
4 0.179 0.690 0.053 0.039
4 0.375 0.521 0.029 0.027
3 0.401 0.556 0.021 0.030
4 0.020 0.913 0.039 0.048
3 0.512 0.818 0.026 0.081
4 0.566 0.795 0.070 0.039
4 0.569 0.711 0.060 0.028
4 0.438 0.546 0.026 0.017
4 0.520 0.497 0.032 0.017
3 0.508 0.578 0.013 0.036
4 0.602 0.584 0.030 0.029
4 0.745 0.539 0.033 0.018
3 0.739 0.689 0.026 0.049
3 0.831 0.590 0.017 0.037
4 0.844 0.942 0.119 0.080
4 0.941 0.877 0.060 0.052
3 0.070 0.922 0.051 0.037
5 0.038 0.624 0.074 0.051
10 0.044 0.619 0.013 0.038
10 0.053 0.498 0.009 0.020
10 0.772 0.745 0.009 0.027
11 0.693 0.808 0.039 0.042
14 0.010 0.303 0.020 0.009
14 0.052 0.305 0.028 0.008
14 0.107 0.308 0.012 0.007
14 0.123 0.309 0.020 0.006
14 0.171 0.487 0.021 0.008
14 0.238 0.311 0.013 0.006
14 0.253 0.311 0.009 0.005
14 0.359 0.329 0.017 0.006
14 0.421 0.317 0.008 0.005
14 0.538 0.328 0.061 0.008
14 0.658 0.318 0.014 0.005
14 0.817 0.308 0.026 0.006
14 0.824 0.323 0.013 0.009
14 0.854 0.309 0.007 0.005
14 0.866 0.322 0.034 0.009
14 0.902 0.493 0.015 0.015
9 0.342 0.479 0.010 0.015
9 0.578 0.751 0.028 0.032
9 0.664 0.866 0.021 0.027
