0 0.199 0.933 0.036 0.113
0 0.400 0.950 0.032 0.087
0 0.306 0.505 0.016 0.058
0 0.381 0.509 0.015 0.054
0 0.424 0.178 0.012 0.037
0 0.510 0.156 0.010 0.034
0 0.496 0.157 0.006 0.037
0 0.655 0.464 0.007 0.033
0 0.655 0.446 0.011 0.053
0 0.981 0.759 0.038 0.064
3 0.541 0.312 0.017 0.050
3 0.900 0.938 0.122 0.123
4 0.725 0.681 0.085 0.079
4 0.361 0.258 0.030 0.041
5 0.184 0.639 0.050 0.284
10 0.487 0.145 0.008 0.019
10 0.887 0.183 0.011 0.016
7 0.552 0.575 0.048 0.069
7 0.654 0.497 0.017 0.035
7 0.553 0.535 0.025 0.034
7 0.472 0.611 0.034 0.049
7 0.376 0.614 0.020 0.053
7 0.346 0.648 0.043 0.063
7 0.399 0.582 0.026 0.046
7 0.376 0.538 0.022 0.036
7 0.401 0.505 0.023 0.027
7 0.352 0.587 0.078 0.048
7 0.534 0.514 0.027 0.037
2 0.979 0.743 0.024 0.031
1 0.995 0.751 0.009 0.019
1 0.942 0.340 0.008 0.013
1 0.931 0.330 0.005 0.013
2 0.917 0.350 0.007 0.018
2 0.943 0.357 0.008 0.023
2 0.927 0.346 0.008 0.025
1 0.658 0.427 0.008 0.012
1 0.656 0.449 0.005 0.010
2 0.655 0.462 0.006 0.015
2 0.656 0.438 0.009 0.018
2 0.496 0.152 0.004 0.011
2 0.424 0.174 0.007 0.014
4 0.469 0.199 0.027 0.037
4 0.473 0.176 0.039 0.024
1 0.421 0.162 0.003 0.004
1 0.399 0.915 0.016 0.018
2 0.393 0.950 0.018 0.051
1 0.192 0.885 0.010 0.018
2 0.200 0.916 0.026 0.046
1 0.304 0.479 0.005 0.009
2 0.306 0.496 0.011 0.023
2 0.384 0.501 0.010 0.025
1 0.382 0.486 0.007 0.010
10 0.294 0.658 0.026 0.068
