0 0.634 0.243 0.003 0.009
0 0.870 0.556 0.009 0.019
0 0.876 0.567 0.012 0.024
0 0.793 0.527 0.006 0.020
0 0.773 0.524 0.009 0.019
0 0.820 0.618 0.014 0.025
0 0.766 0.635 0.021 0.062
0 0.671 0.462 0.006 0.017
0 0.681 0.502 0.009 0.041
0 0.672 0.502 0.007 0.040
0 0.681 0.558 0.009 0.053
0 0.565 0.456 0.004 0.016
0 0.548 0.458 0.005 0.022
0 0.573 0.479 0.004 0.011
0 0.482 0.522 0.008 0.016
0 0.486 0.513 0.004 0.014
0 0.470 0.522 0.011 0.021
0 0.447 0.494 0.009 0.017
0 0.440 0.498 0.008 0.013
0 0.416 0.533 0.012 0.035
0 0.280 0.901 0.024 0.051
0 0.464 0.629 0.016 0.030
0 0.544 0.791 0.025 0.090
0 0.630 0.785 0.019 0.077
0 0.665 0.797 0.031 0.053
0 0.812 0.874 0.022 0.070
0 0.871 0.866 0.015 0.051
1 0.281 0.884 0.009 0.016
1 0.634 0.752 0.007 0.013
1 0.546 0.751 0.008 0.011
1 0.464 0.617 0.005 0.010
1 0.413 0.519 0.004 0.008
1 0.486 0.509 0.002 0.004
1 0.672 0.484 0.002 0.004
1 0.682 0.485 0.002 0.004
1 0.681 0.537 0.005 0.010
1 0.676 0.780 0.007 0.016
1 0.764 0.608 0.005 0.010
1 0.825 0.611 0.004 0.009
1 0.821 0.844 0.008 0.013
1 0.873 0.846 0.007 0.012
1 0.877 0.558 0.004 0.006
2 0.440 0.497 0.003 0.009
2 0.448 0.493 0.003 0.006
2 0.471 0.522 0.004 0.013
2 0.483 0.520 0.004 0.012
2 0.544 0.778 0.015 0.040
2 0.631 0.774 0.011 0.034
2 0.663 0.782 0.020 0.023
2 0.811 0.872 0.012 0.041
2 0.764 0.627 0.008 0.022
2 0.680 0.554 0.005 0.018
2 0.672 0.497 0.004 0.015
2 0.682 0.496 0.004 0.013
2 0.772 0.523 0.006 0.016
2 0.793 0.527 0.005 0.012
2 0.869 0.555 0.005 0.011
2 0.819 0.618 0.008 0.013
3 0.162 0.933 0.067 0.080
3 0.399 0.955 0.062 0.090
13 0.124 0.270 0.246 0.053
13 0.305 0.264 0.111 0.028
13 0.422 0.261 0.052 0.032
3 0.137 0.536 0.030 0.072
6 0.763 0.242 0.018 0.018
11 0.833 0.540 0.032 0.029
10 0.819 0.692 0.010 0.048
14 0.060 0.187 0.063 0.024
14 0.105 0.178 0.028 0.019
14 0.144 0.193 0.045 0.018
14 0.379 0.263 0.032 0.018
14 0.732 0.226 0.014 0.009
14 0.797 0.232 0.058 0.013
14 0.964 0.037 0.072 0.068
14 0.963 0.198 0.061 0.018
14 0.479 0.489 0.011 0.017
14 0.624 0.500 0.012 0.016
14 0.799 0.516 0.011 0.020
14 0.921 0.537 0.007 0.024
14 0.244 0.210 0.040 0.015
14 0.244 0.185 0.050 0.027
