0 0.275 0.592 0.009 0.017
0 0.296 0.557 0.004 0.020
0 0.298 0.577 0.005 0.030
0 0.304 0.576 0.007 0.030
0 0.267 0.537 0.007 0.026
0 0.370 0.572 0.011 0.013
0 0.392 0.626 0.006 0.031
0 0.368 0.649 0.010 0.025
0 0.384 0.530 0.006 0.010
0 0.389 0.513 0.005 0.009
0 0.485 0.531 0.004 0.019
0 0.468 0.533 0.006 0.009
0 0.486 0.576 0.005 0.025
0 0.493 0.577 0.006 0.028
0 0.506 0.574 0.007 0.033
0 0.503 0.517 0.006 0.009
0 0.546 0.543 0.009 0.013
0 0.628 0.560 0.006 0.029
0 0.234 0.526 0.007 0.007
0 0.308 0.524 0.006 0.014
3 0.247 0.606 0.023 0.032
3 0.320 0.597 0.025 0.024
3 0.522 0.606 0.022 0.027
3 0.577 0.682 0.030 0.033
3 0.786 0.734 0.026 0.045
1 0.272 0.589 0.003 0.008
1 0.295 0.552 0.003 0.006
1 0.300 0.563 0.010 0.006
1 0.365 0.638 0.003 0.005
1 0.392 0.613 0.003 0.009
1 0.365 0.568 0.003 0.005
1 0.506 0.565 0.005 0.008
1 0.486 0.566 0.003 0.006
1 0.683 0.701 0.007 0.008
12 0.342 0.199 0.021 0.035
14 0.133 0.427 0.040 0.034
