12 0.208 0.376 0.037 0.034
4 0.042 0.881 0.049 0.060
4 0.345 0.850 0.024 0.038
4 0.403 0.859 0.037 0.041
0 0.045 0.732 0.008 0.030
0 0.292 0.916 0.012 0.030
0 0.212 0.796 0.013 0.038
0 0.279 0.697 0.007 0.033
0 0.116 0.682 0.010 0.019
0 0.084 0.746 0.008 0.038
0 0.114 0.768 0.007 0.034
0 0.102 0.656 0.007 0.013
0 0.061 0.667 0.006 0.026
14 0.084 0.481 0.051 0.012
14 0.176 0.480 0.020 0.010
14 0.232 0.487 0.013 0.012
14 0.303 0.488 0.011 0.008
14 0.328 0.482 0.007 0.013
14 0.501 0.489 0.024 0.007
14 0.536 0.487 0.027 0.008
4 0.528 0.649 0.021 0.016
3 0.519 0.756 0.028 0.033
3 0.442 0.884 0.029 0.050
4 0.555 0.729 0.026 0.023
0 0.495 0.856 0.013 0.056
0 0.504 0.859 0.014 0.061
0 0.645 0.707 0.010 0.022
0 0.654 0.772 0.010 0.031
0 0.665 0.832 0.014 0.036
0 0.682 0.870 0.012 0.032
3 0.752 0.873 0.039 0.048
10 0.268 0.697 0.007 0.021
