0 0.086 0.468 0.006 0.019
0 0.091 0.469 0.006 0.015
0 0.176 0.511 0.008 0.020
0 0.100 0.697 0.011 0.046
0 0.145 0.821 0.012 0.024
0 0.282 0.716 0.008 0.021
0 0.241 0.661 0.007 0.025
0 0.376 0.714 0.011 0.028
0 0.395 0.766 0.009 0.031
0 0.301 0.670 0.005 0.023
0 0.308 0.690 0.005 0.027
0 0.303 0.696 0.007 0.031
0 0.433 0.778 0.007 0.037
0 0.487 0.748 0.007 0.030
0 0.241 0.618 0.007 0.011
0 0.257 0.645 0.005 0.016
0 0.267 0.635 0.005 0.020
0 0.260 0.607 0.005 0.008
0 0.289 0.609 0.004 0.021
0 0.304 0.615 0.005 0.013
0 0.310 0.619 0.004 0.021
0 0.253 0.582 0.004 0.009
0 0.272 0.602 0.004 0.019
0 0.312 0.570 0.004 0.017
0 0.306 0.563 0.004 0.015
0 0.279 0.581 0.002 0.008
0 0.348 0.587 0.003 0.016
0 0.403 0.594 0.004 0.020
0 0.408 0.598 0.004 0.011
0 0.388 0.621 0.005 0.011
0 0.426 0.628 0.005 0.013
0 0.474 0.626 0.007 0.013
0 0.497 0.635 0.005 0.010
0 0.506 0.603 0.006 0.011
0 0.538 0.644 0.005 0.024
0 0.547 0.646 0.007 0.013
0 0.523 0.701 0.009 0.032
0 0.489 0.694 0.004 0.026
0 0.493 0.691 0.004 0.014
0 0.497 0.696 0.005 0.028
0 0.510 0.691 0.004 0.019
0 0.518 0.693 0.004 0.026
0 0.495 0.717 0.005 0.029
0 0.502 0.728 0.006 0.033
0 0.595 0.768 0.008 0.034
0 0.637 0.644 0.006 0.019
0 0.655 0.663 0.008 0.013
0 0.661 0.964 0.013 0.039
0 0.896 0.794 0.008 0.032
0 0.826 0.964 0.014 0.025
0 0.756 0.952 0.012 0.037
0 0.752 0.591 0.005 0.015
0 0.760 0.592 0.004 0.018
0 0.771 0.625 0.005 0.011
0 0.351 0.449 0.003 0.007
0 0.354 0.449 0.003 0.005
0 0.360 0.448 0.003 0.009
0 0.364 0.448 0.004 0.011
0 0.163 0.808 0.009 0.010
1 0.085 0.460 0.003 0.004
2 0.086 0.466 0.003 0.008
2 0.091 0.468 0.003 0.006
1 0.168 0.501 0.004 0.005
2 0.174 0.510 0.005 0.010
1 0.176 0.504 0.002 0.004
0 0.127 0.535 0.007 0.024
2 0.128 0.534 0.004 0.011
1 0.102 0.677 0.003 0.007
2 0.099 0.691 0.007 0.018
1 0.141 0.816 0.003 0.009
2 0.146 0.815 0.007 0.009
1 0.162 0.809 0.003 0.007
2 0.163 0.806 0.007 0.005
1 0.279 0.712 0.003 0.006
2 0.283 0.712 0.005 0.009
1 0.242 0.650 0.003 0.004
2 0.241 0.658 0.004 0.011
1 0.239 0.615 0.002 0.004
2 0.242 0.616 0.004 0.007
1 0.257 0.640 0.003 0.004
1 0.266 0.626 0.002 0.004
2 0.267 0.632 0.003 0.008
1 0.300 0.661 0.003 0.006
2 0.301 0.668 0.003 0.008
1 0.302 0.682 0.003 0.005
1 0.304 0.682 0.002 0.003
1 0.307 0.678 0.003 0.004
2 0.303 0.689 0.004 0.007
2 0.308 0.686 0.004 0.010
2 0.272 0.600 0.003 0.008
1 0.272 0.594 0.002 0.003
1 0.290 0.601 0.002 0.004
2 0.289 0.606 0.004 0.007
1 0.304 0.614 0.003 0.005
1 0.309 0.609 0.002 0.004
2 0.310 0.616 0.004 0.007
2 0.348 0.585 0.003 0.007
1 0.385 0.617 0.002 0.005
2 0.389 0.621 0.003 0.009
2 0.404 0.590 0.003 0.009
2 0.408 0.599 0.003 0.006
1 0.404 0.584 0.002 0.002
1 0.408 0.594 0.002 0.003
1 0.426 0.624 0.003 0.003
1 0.471 0.622 0.002 0.004
2 0.474 0.626 0.004 0.007
2 0.426 0.628 0.003 0.006
1 0.497 0.633 0.003 0.005
1 0.505 0.600 0.002 0.002
2 0.507 0.602 0.004 0.005
1 0.547 0.642 0.003 0.005
2 0.538 0.643 0.002 0.008
1 0.487 0.735 0.003 0.004
2 0.487 0.743 0.004 0.009
1 0.489 0.683 0.002 0.005
2 0.489 0.694 0.003 0.013
1 0.493 0.687 0.002 0.004
2 0.493 0.693 0.004 0.007
1 0.496 0.685 0.002 0.004
2 0.496 0.693 0.003 0.010
2 0.495 0.713 0.004 0.011
2 0.502 0.723 0.004 0.012
1 0.510 0.685 0.002 0.005
1 0.517 0.682 0.002 0.006
2 0.517 0.691 0.003 0.011
1 0.522 0.690 0.003 0.005
2 0.523 0.697 0.004 0.008
1 0.637 0.638 0.002 0.004
2 0.638 0.646 0.004 0.012
1 0.652 0.661 0.002 0.006
2 0.656 0.660 0.004 0.006
1 0.831 0.963 0.003 0.010
2 0.826 0.960 0.008 0.012
1 0.755 0.933 0.005 0.006
2 0.756 0.951 0.008 0.018
1 0.657 0.953 0.004 0.012
2 0.664 0.952 0.008 0.015
1 0.895 0.781 0.003 0.007
2 0.896 0.791 0.005 0.013
6 0.045 0.691 0.086 0.061
6 0.009 0.533 0.017 0.019
3 0.326 0.718 0.023 0.032
3 0.254 0.731 0.021 0.033
7 0.306 0.790 0.021 0.033
7 0.324 0.762 0.020 0.035
7 0.393 0.794 0.060 0.021
7 0.409 0.833 0.023 0.044
7 0.430 0.860 0.024 0.054
7 0.440 0.918 0.052 0.057
3 0.360 0.717 0.014 0.033
4 0.524 0.733 0.023 0.020
4 0.703 0.854 0.018 0.045
4 0.755 0.877 0.032 0.050
4 0.787 0.921 0.020 0.047
4 0.579 0.843 0.028 0.030
6 0.391 0.441 0.014 0.012
6 0.495 0.442 0.026 0.014
12 0.013 0.262 0.005 0.018
12 0.092 0.231 0.007 0.022
12 0.329 0.319 0.021 0.037
12 0.534 0.464 0.005 0.021
11 0.430 0.602 0.018 0.022
10 0.457 0.705 0.014 0.032
11 0.475 0.772 0.015 0.037
10 0.613 0.564 0.008 0.014
11 0.640 0.912 0.025 0.032
14 0.164 0.481 0.015 0.009
14 0.095 0.485 0.016 0.013
14 0.159 0.517 0.012 0.010
14 0.174 0.494 0.011 0.007
14 0.070 0.513 0.043 0.018
14 0.113 0.506 0.032 0.023
14 0.141 0.566 0.033 0.034
14 0.053 0.611 0.021 0.018
14 0.004 0.550 0.008 0.009
14 0.017 0.624 0.033 0.018
14 0.447 0.492 0.018 0.030
14 0.406 0.436 0.032 0.011
14 0.491 0.425 0.034 0.008
14 0.559 0.423 0.015 0.007
14 0.599 0.465 0.011 0.019
14 0.934 0.860 0.059 0.083
14 0.722 0.421 0.059 0.013
14 0.883 0.422 0.033 0.007
14 0.846 0.428 0.015 0.007
13 0.096 0.612 0.045 0.046
13 0.174 0.534 0.025 0.039
