0 0.509 0.872 0.005 0.032
0 0.483 0.826 0.010 0.024
0 0.607 0.922 0.012 0.042
0 0.450 0.864 0.014 0.019
0 0.194 0.799 0.006 0.016
0 0.225 0.802 0.007 0.022
0 0.243 0.992 0.006 0.016
0 0.279 0.989 0.009 0.022
0 0.269 0.987 0.009 0.026
0 0.261 0.989 0.007 0.023
0 0.255 0.987 0.006 0.026
0 0.653 0.763 0.006 0.016
0 0.657 0.713 0.005 0.020
0 0.779 0.729 0.007 0.033
0 0.662 0.516 0.003 0.006
0 0.627 0.516 0.002 0.006
0 0.634 0.518 0.002 0.005
0 0.623 0.516 0.002 0.007
3 0.427 0.478 0.063 0.073
3 0.736 0.962 0.037 0.064
0 0.736 0.986 0.015 0.027
3 0.813 0.938 0.042 0.025
3 0.862 0.908 0.033 0.029
4 0.796 0.912 0.058 0.029
4 0.811 0.926 0.062 0.026
3 0.530 0.978 0.059 0.044
4 0.275 0.847 0.040 0.043
12 0.428 0.312 0.029 0.064
12 0.598 0.643 0.005 0.011
1 0.261 0.981 0.004 0.008
1 0.269 0.978 0.004 0.007
1 0.281 0.983 0.004 0.007
10 0.046 0.843 0.007 0.032
1 0.607 0.906 0.004 0.006
1 0.450 0.859 0.004 0.009
1 0.486 0.818 0.003 0.006
1 0.787 0.875 0.005 0.008
0 0.789 0.885 0.010 0.028
10 0.880 0.878 0.012 0.035
2 0.607 0.917 0.008 0.017
2 0.737 0.991 0.009 0.019
1 0.738 0.976 0.005 0.009
