0 0.177 0.187 0.011 0.032
0 0.220 0.184 0.009 0.042
0 0.221 0.230 0.014 0.050
0 0.120 0.399 0.015 0.081
0 0.209 0.351 0.019 0.074
0 0.234 0.186 0.009 0.039
0 0.243 0.170 0.010 0.024
0 0.289 0.226 0.018 0.056
0 0.439 0.229 0.011 0.050
0 0.567 0.137 0.006 0.028
0 0.524 0.340 0.010 0.028
0 0.521 0.303 0.008 0.043
0 0.531 0.310 0.009 0.039
0 0.539 0.301 0.006 0.040
0 0.696 0.179 0.006 0.017
0 0.859 0.214 0.008 0.026
0 0.934 0.186 0.007 0.030
0 0.957 0.090 0.006 0.035
0 0.968 0.094 0.005 0.031
0 0.916 0.604 0.011 0.078
0 0.880 0.597 0.017 0.085
0 0.630 0.450 0.017 0.051
0 0.673 0.531 0.018 0.065
0 0.704 0.715 0.023 0.088
0 0.649 0.679 0.024 0.088
0 0.123 0.547 0.041 0.076
1 0.118 0.366 0.007 0.013
1 0.137 0.516 0.009 0.015
1 0.206 0.319 0.005 0.008
1 0.178 0.174 0.003 0.006
1 0.218 0.208 0.004 0.007
1 0.217 0.165 0.003 0.006
1 0.234 0.171 0.004 0.008
1 0.286 0.203 0.004 0.007
1 0.522 0.284 0.005 0.007
1 0.531 0.295 0.003 0.006
1 0.538 0.286 0.004 0.007
1 0.637 0.429 0.005 0.008
1 0.677 0.502 0.005 0.008
1 0.860 0.205 0.005 0.006
1 0.916 0.573 0.008 0.012
1 0.885 0.562 0.008 0.012
1 0.708 0.676 0.009 0.012
1 0.644 0.637 0.007 0.012
2 0.177 0.185 0.006 0.013
2 0.221 0.180 0.005 0.019
2 0.243 0.172 0.005 0.012
2 0.222 0.225 0.008 0.019
2 0.288 0.217 0.007 0.018
2 0.207 0.342 0.010 0.029
2 0.119 0.388 0.011 0.025
2 0.123 0.529 0.024 0.026
2 0.646 0.663 0.011 0.026
2 0.704 0.704 0.014 0.041
2 0.674 0.523 0.011 0.030
2 0.630 0.444 0.010 0.023
2 0.439 0.223 0.008 0.021
2 0.521 0.297 0.005 0.021
2 0.566 0.137 0.003 0.016
2 0.697 0.176 0.005 0.011
2 0.860 0.216 0.005 0.016
2 0.882 0.585 0.014 0.029
12 0.165 0.082 0.023 0.055
4 0.774 0.979 0.095 0.042
3 0.248 0.197 0.018 0.032
3 0.556 0.161 0.018 0.017
4 0.507 0.175 0.034 0.027
4 0.700 0.154 0.032 0.022
4 0.812 0.260 0.046 0.043
4 0.863 0.155 0.044 0.012
3 0.993 0.237 0.014 0.043
3 0.983 0.391 0.034 0.076
7 0.698 0.538 0.028 0.037
7 0.644 0.555 0.020 0.040
7 0.590 0.621 0.028 0.045
7 0.634 0.668 0.015 0.039
7 0.676 0.703 0.033 0.070
7 0.691 0.776 0.036 0.053
7 0.777 0.791 0.023 0.050
7 0.820 0.744 0.098 0.100
5 0.324 0.483 0.203 0.221
10 0.328 0.552 0.027 0.076
10 0.285 0.160 0.007 0.024
11 0.314 0.274 0.028 0.029
14 0.067 0.191 0.011 0.021
10 0.096 0.187 0.006 0.019
14 0.399 0.133 0.031 0.013
9 0.695 0.158 0.015 0.012
7 0.941 0.702 0.022 0.046
7 0.296 0.209 0.020 0.031
