0 0.388 0.981 0.033 0.039
0 0.259 0.907 0.022 0.063
0 0.281 0.949 0.025 0.102
0 0.325 0.814 0.026 0.060
0 0.289 0.842 0.027 0.100
0 0.256 0.807 0.026 0.056
0 0.227 0.856 0.025 0.117
0 0.215 0.789 0.017 0.057
0 0.182 0.624 0.016 0.062
0 0.148 0.507 0.013 0.045
0 0.109 0.515 0.014 0.046
0 0.085 0.513 0.009 0.044
0 0.151 0.472 0.009 0.018
0 0.204 0.482 0.007 0.029
0 0.217 0.490 0.011 0.019
0 0.299 0.477 0.010 0.027
0 0.322 0.528 0.013 0.046
0 0.349 0.519 0.014 0.020
0 0.405 0.532 0.008 0.011
0 0.401 0.543 0.008 0.015
0 0.419 0.582 0.013 0.027
0 0.440 0.609 0.018 0.031
0 0.594 0.755 0.036 0.096
0 0.582 0.611 0.013 0.070
0 0.568 0.614 0.013 0.037
0 0.546 0.543 0.015 0.026
0 0.685 0.555 0.009 0.052
2 0.224 0.841 0.014 0.045
2 0.217 0.803 0.010 0.034
2 0.255 0.810 0.012 0.024
2 0.288 0.838 0.013 0.040
2 0.327 0.815 0.012 0.025
2 0.280 0.941 0.016 0.047
2 0.260 0.910 0.013 0.037
1 0.286 0.906 0.011 0.015
1 0.260 0.881 0.010 0.018
1 0.225 0.806 0.010 0.015
1 0.253 0.784 0.011 0.014
1 0.284 0.802 0.013 0.017
1 0.325 0.791 0.011 0.010
1 0.217 0.772 0.010 0.019
2 0.184 0.618 0.009 0.024
1 0.184 0.597 0.007 0.006
2 0.322 0.523 0.007 0.014
1 0.322 0.513 0.004 0.009
2 0.148 0.500 0.006 0.018
1 0.147 0.488 0.004 0.005
1 0.204 0.471 0.004 0.007
2 0.299 0.475 0.005 0.013
2 0.349 0.521 0.007 0.017
2 0.418 0.583 0.009 0.014
2 0.445 0.610 0.007 0.017
2 0.597 0.741 0.014 0.025
2 0.582 0.604 0.009 0.025
2 0.548 0.541 0.009 0.011
2 0.683 0.553 0.007 0.023
1 0.597 0.716 0.009 0.015
1 0.569 0.601 0.004 0.007
1 0.584 0.587 0.004 0.011
1 0.440 0.598 0.005 0.008
1 0.421 0.573 0.005 0.009
1 0.403 0.542 0.005 0.010
1 0.407 0.531 0.005 0.007
1 0.543 0.534 0.003 0.007
2 0.391 0.987 0.021 0.026
1 0.380 0.967 0.010 0.015
6 0.430 0.291 0.022 0.019
3 0.196 0.978 0.125 0.045
10 0.028 0.866 0.055 0.112
10 0.242 0.625 0.017 0.049
10 0.857 0.792 0.030 0.091
12 0.184 0.717 0.026 0.123
11 0.381 0.525 0.036 0.047
14 0.765 0.290 0.025 0.039
14 0.455 0.283 0.045 0.016
14 0.583 0.256 0.064 0.017
14 0.641 0.252 0.035 0.010
14 0.706 0.251 0.028 0.012
14 0.924 0.256 0.017 0.010
14 0.982 0.247 0.036 0.009
14 0.957 0.248 0.014 0.009
13 0.352 0.308 0.171 0.027
