7 0.621 0.452 0.071 0.085
7 0.812 0.531 0.041 0.111
7 0.528 0.713 0.111 0.121
7 0.357 0.399 0.102 0.105
7 0.160 0.453 0.082 0.061
7 0.518 0.450 0.052 0.072
4 0.345 0.235 0.065 0.062
4 0.377 0.152 0.055 0.056
4 0.906 0.415 0.113 0.169
4 0.816 0.254 0.032 0.056
4 0.904 0.285 0.071 0.062
4 0.747 0.266 0.058 0.056
3 0.696 0.268 0.029 0.085
4 0.825 0.174 0.052 0.056
4 0.573 0.360 0.107 0.099
0 0.302 0.153 0.013 0.075
0 0.316 0.345 0.014 0.060
0 0.229 0.846 0.037 0.085
0 0.896 0.733 0.018 0.120
2 0.232 0.834 0.025 0.044
1 0.221 0.866 0.018 0.032
0 0.257 0.089 0.016 0.064
