0 0.142 0.610 0.019 0.062
0 0.058 0.615 0.023 0.058
0 0.139 0.462 0.016 0.024
0 0.167 0.510 0.012 0.054
0 0.282 0.694 0.018 0.067
0 0.388 0.517 0.015 0.037
0 0.360 0.515 0.016 0.036
0 0.545 0.756 0.015 0.074
0 0.638 0.684 0.011 0.072
0 0.687 0.928 0.027 0.049
0 0.767 0.516 0.011 0.050
0 0.700 0.440 0.010 0.041
0 0.194 0.284 0.007 0.029
0 0.243 0.334 0.010 0.033
0 0.224 0.402 0.011 0.020
3 0.102 0.566 0.032 0.035
3 0.156 0.556 0.059 0.044
3 0.806 0.554 0.025 0.062
3 0.668 0.274 0.013 0.025
3 0.566 0.331 0.015 0.030
3 0.549 0.625 0.029 0.074
3 0.600 0.616 0.061 0.053
3 0.634 0.553 0.045 0.047
4 0.710 0.740 0.064 0.068
4 0.724 0.828 0.085 0.099
4 0.694 0.531 0.030 0.031
4 0.356 0.436 0.036 0.046
4 0.405 0.729 0.092 0.082
4 0.214 0.587 0.038 0.035
14 0.782 0.047 0.099 0.014
13 0.948 0.047 0.058 0.030
13 0.852 0.041 0.089 0.037
13 0.758 0.036 0.069 0.024
13 0.657 0.028 0.086 0.020
13 0.570 0.019 0.034 0.019
13 0.037 0.056 0.073 0.019
13 0.142 0.053 0.097 0.018
13 0.330 0.038 0.223 0.025
13 0.509 0.031 0.085 0.014
9 0.651 0.699 0.018 0.031
7 0.603 0.930 0.043 0.139
7 0.419 0.823 0.078 0.094
7 0.465 0.895 0.044 0.069
7 0.501 0.968 0.052 0.063
7 0.323 0.813 0.047 0.076
7 0.161 0.760 0.115 0.102
7 0.168 0.850 0.078 0.057
1 0.768 0.497 0.004 0.008
2 0.767 0.512 0.010 0.021
2 0.702 0.434 0.009 0.017
1 0.694 0.913 0.008 0.013
2 0.681 0.922 0.020 0.028
0 0.677 0.815 0.018 0.043
1 0.671 0.795 0.007 0.012
2 0.679 0.816 0.011 0.033
1 0.548 0.728 0.007 0.011
2 0.547 0.753 0.011 0.033
1 0.637 0.656 0.005 0.007
2 0.636 0.679 0.014 0.030
0 0.553 0.575 0.019 0.033
2 0.553 0.571 0.012 0.020
2 0.387 0.509 0.010 0.018
1 0.358 0.504 0.004 0.008
1 0.280 0.663 0.008 0.013
1 0.167 0.490 0.004 0.005
1 0.139 0.582 0.006 0.011
1 0.137 0.450 0.006 0.008
2 0.143 0.460 0.009 0.019
1 0.167 0.506 0.009 0.021
1 0.143 0.594 0.011 0.021
1 0.282 0.684 0.011 0.026
1 0.055 0.598 0.008 0.011
1 0.226 0.396 0.004 0.005
2 0.245 0.329 0.006 0.015
2 0.194 0.280 0.005 0.014
7 0.534 0.908 0.053 0.078
