0 0.589 0.854 0.013 0.045
0 0.594 0.883 0.012 0.030
0 0.154 0.883 0.010 0.046
0 0.113 0.836 0.013 0.032
0 0.137 0.879 0.010 0.027
0 0.048 0.790 0.007 0.037
0 0.089 0.831 0.009 0.034
0 0.005 0.796 0.009 0.030
0 0.003 0.707 0.006 0.016
0 0.051 0.665 0.004 0.013
0 0.420 0.875 0.007 0.052
0 0.407 0.877 0.009 0.055
0 0.484 0.953 0.009 0.037
0 0.587 0.712 0.009 0.024
0 0.551 0.715 0.007 0.015
0 0.362 0.959 0.012 0.040
1 0.486 0.940 0.005 0.008
1 0.081 0.951 0.004 0.008
2 0.590 0.848 0.006 0.019
2 0.155 0.877 0.007 0.020
2 0.138 0.881 0.005 0.019
2 0.112 0.831 0.009 0.013
2 0.363 0.959 0.007 0.024
2 0.484 0.957 0.007 0.020
12 0.102 0.593 0.041 0.064
12 0.867 0.475 0.007 0.011
7 0.956 0.966 0.041 0.068
7 0.858 0.921 0.033 0.031
7 0.857 0.893 0.032 0.030
7 0.880 0.909 0.009 0.025
7 0.876 0.859 0.021 0.040
7 0.852 0.856 0.015 0.036
7 0.900 0.825 0.027 0.026
7 0.895 0.813 0.026 0.009
7 0.889 0.807 0.028 0.010
7 0.882 0.802 0.024 0.009
7 0.932 0.833 0.021 0.014
3 0.661 0.877 0.035 0.044
3 0.358 0.906 0.033 0.050
3 0.432 0.775 0.025 0.040
4 0.152 0.781 0.021 0.032
4 0.256 0.875 0.025 0.040
4 0.469 0.735 0.023 0.019
4 0.440 0.660 0.020 0.014
