0 0.981 0.676 0.037 0.087
0 0.383 0.846 0.035 0.103
0 0.218 0.893 0.039 0.127
0 0.432 0.465 0.013 0.054
0 0.346 0.528 0.015 0.066
0 0.643 0.392 0.011 0.056
0 0.620 0.397 0.011 0.034
0 0.510 0.120 0.007 0.030
0 0.476 0.133 0.007 0.030
0 0.435 0.127 0.008 0.038
3 0.537 0.254 0.017 0.044
3 0.909 0.843 0.147 0.132
4 0.723 0.601 0.093 0.080
4 0.353 0.208 0.028 0.046
5 0.163 0.551 0.044 0.256
10 0.273 0.569 0.029 0.078
10 0.883 0.151 0.008 0.024
10 0.483 0.107 0.009 0.018
7 0.379 0.449 0.034 0.028
7 0.361 0.478 0.018 0.031
7 0.540 0.521 0.049 0.049
7 0.539 0.562 0.022 0.035
7 0.505 0.575 0.035 0.026
7 0.465 0.552 0.030 0.051
2 0.980 0.648 0.021 0.030
2 0.924 0.288 0.009 0.022
1 0.928 0.273 0.007 0.010
1 0.945 0.264 0.006 0.010
1 0.949 0.273 0.008 0.013
1 0.647 0.370 0.005 0.008
2 0.620 0.397 0.008 0.013
2 0.643 0.388 0.008 0.022
7 0.576 0.458 0.016 0.023
7 0.646 0.444 0.013 0.032
1 0.428 0.443 0.007 0.009
2 0.432 0.461 0.009 0.026
2 0.475 0.132 0.006 0.015
2 0.510 0.116 0.006 0.013
1 0.346 0.497 0.004 0.007
2 0.347 0.518 0.011 0.030
1 0.384 0.804 0.014 0.024
1 0.214 0.834 0.013 0.016
2 0.381 0.847 0.027 0.047
2 0.220 0.875 0.024 0.058
