7 0.569 0.772 0.034 0.099
7 0.471 0.814 0.054 0.157
7 0.510 0.760 0.040 0.075
7 0.282 0.833 0.045 0.058
7 0.335 0.696 0.043 0.054
7 0.290 0.551 0.038 0.059
4 0.220 0.526 0.062 0.052
4 0.264 0.456 0.044 0.040
4 0.358 0.406 0.033 0.038
3 0.530 0.556 0.026 0.061
4 0.577 0.551 0.059 0.054
4 0.637 0.556 0.023 0.048
4 0.708 0.567 0.062 0.037
4 0.877 0.348 0.033 0.030
0 0.171 0.543 0.016 0.067
0 0.218 0.594 0.019 0.058
0 0.212 0.463 0.013 0.058
0 0.158 0.425 0.018 0.034
14 0.130 0.026 0.043 0.018
14 0.268 0.025 0.040 0.012
14 0.321 0.022 0.042 0.019
14 0.742 0.054 0.034 0.014
14 0.789 0.056 0.041 0.019
0 0.103 0.526 0.012 0.033
1 0.103 0.514 0.008 0.009
2 0.103 0.532 0.012 0.018
2 0.160 0.427 0.012 0.018
2 0.170 0.532 0.012 0.018
2 0.213 0.454 0.012 0.018
2 0.216 0.587 0.012 0.018
1 0.155 0.415 0.007 0.008
1 0.164 0.526 0.007 0.013
1 0.216 0.570 0.006 0.009
0 0.235 0.378 0.011 0.017
2 0.233 0.377 0.008 0.012
1 0.236 0.372 0.004 0.008
1 0.261 0.334 0.005 0.009
2 0.262 0.345 0.005 0.012
0 0.262 0.347 0.009 0.031
1 0.200 0.262 0.001 0.004
2 0.200 0.271 0.005 0.013
0 0.202 0.274 0.011 0.031
0 0.287 0.222 0.004 0.020
0 0.377 0.477 0.011 0.020
0 0.392 0.470 0.012 0.032
1 0.373 0.473 0.004 0.006
2 0.381 0.473 0.010 0.010
2 0.391 0.467 0.007 0.015
1 0.396 0.458 0.005 0.012
1 0.053 0.491 0.005 0.009
3 0.627 0.357 0.019 0.044
3 0.756 0.497 0.019 0.055
4 0.583 0.313 0.019 0.027
4 0.547 0.276 0.014 0.020
4 0.511 0.200 0.019 0.028
3 0.645 0.269 0.010 0.030
4 0.616 0.487 0.048 0.032
0 0.661 0.489 0.010 0.050
1 0.662 0.470 0.002 0.008
2 0.661 0.485 0.008 0.019
0 0.729 0.602 0.012 0.056
1 0.729 0.580 0.006 0.008
2 0.728 0.596 0.008 0.026
0 0.840 0.534 0.013 0.035
1 0.837 0.521 0.006 0.010
2 0.840 0.536 0.008 0.014
4 0.827 0.683 0.075 0.058
0 0.793 0.894 0.020 0.102
1 0.793 0.855 0.008 0.016
2 0.793 0.882 0.013 0.033
0 0.644 0.778 0.025 0.039
1 0.652 0.765 0.006 0.017
2 0.642 0.775 0.015 0.025
4 0.401 0.627 0.103 0.079
4 0.681 0.694 0.074 0.075
4 0.666 0.641 0.052 0.057
3 0.958 0.452 0.027 0.022
