0 0.287 0.462 0.003 0.009
0 0.362 0.467 0.003 0.009
0 0.368 0.467 0.003 0.006
0 0.372 0.468 0.003 0.007
0 0.772 0.690 0.008 0.018
0 0.715 0.744 0.012 0.022
0 0.756 0.796 0.010 0.051
0 0.906 0.843 0.012 0.064
0 0.703 0.839 0.016 0.032
0 0.588 0.750 0.011 0.022
0 0.582 0.740 0.008 0.021
0 0.515 0.719 0.007 0.019
0 0.497 0.719 0.008 0.022
0 0.543 0.802 0.012 0.021
0 0.491 0.824 0.010 0.063
0 0.423 0.669 0.006 0.014
0 0.402 0.668 0.007 0.014
0 0.413 0.707 0.009 0.038
0 0.404 0.706 0.008 0.038
0 0.413 0.762 0.010 0.051
0 0.304 0.694 0.006 0.014
0 0.295 0.671 0.005 0.013
0 0.278 0.674 0.007 0.019
0 0.204 0.747 0.009 0.016
0 0.208 0.737 0.005 0.015
0 0.189 0.748 0.012 0.024
0 0.155 0.729 0.009 0.018
0 0.163 0.720 0.010 0.019
0 0.126 0.765 0.013 0.032
0 0.182 0.860 0.014 0.035
0 0.282 0.979 0.020 0.042
0 0.366 0.976 0.020 0.048
0 0.393 0.977 0.021 0.047
1 0.121 0.752 0.003 0.007
1 0.207 0.732 0.002 0.005
1 0.186 0.845 0.003 0.006
1 0.288 0.963 0.008 0.011
1 0.368 0.956 0.008 0.011
1 0.398 0.958 0.005 0.013
1 0.412 0.739 0.004 0.006
1 0.403 0.689 0.003 0.006
1 0.412 0.691 0.005 0.008
1 0.492 0.796 0.004 0.006
1 0.546 0.794 0.004 0.008
1 0.583 0.731 0.003 0.004
1 0.586 0.741 0.004 0.005
1 0.704 0.824 0.004 0.007
1 0.758 0.773 0.005 0.012
1 0.719 0.736 0.004 0.006
1 0.905 0.814 0.005 0.009
1 0.773 0.683 0.004 0.004
2 0.128 0.761 0.006 0.016
2 0.155 0.728 0.005 0.006
2 0.165 0.720 0.007 0.010
2 0.191 0.747 0.005 0.009
2 0.203 0.746 0.005 0.013
2 0.282 0.986 0.009 0.028
2 0.366 0.982 0.011 0.037
2 0.394 0.977 0.013 0.030
2 0.413 0.754 0.007 0.018
2 0.403 0.702 0.004 0.014
2 0.413 0.701 0.003 0.010
2 0.491 0.814 0.009 0.024
2 0.541 0.800 0.009 0.015
2 0.497 0.718 0.007 0.014
2 0.515 0.721 0.005 0.013
2 0.581 0.741 0.003 0.016
2 0.713 0.740 0.005 0.011
2 0.704 0.839 0.007 0.021
2 0.756 0.789 0.006 0.019
2 0.772 0.688 0.003 0.010
2 0.907 0.833 0.009 0.023
13 0.087 0.486 0.170 0.030
6 0.483 0.467 0.016 0.016
11 0.551 0.729 0.033 0.025
10 0.542 0.868 0.013 0.042
10 0.907 0.671 0.012 0.025
14 0.085 0.484 0.038 0.021
14 0.452 0.455 0.014 0.011
14 0.508 0.458 0.045 0.014
14 0.649 0.274 0.084 0.143
14 0.200 0.710 0.010 0.020
14 0.357 0.710 0.010 0.012
14 0.519 0.707 0.008 0.018
14 0.622 0.724 0.008 0.016
14 0.722 0.687 0.006 0.010
14 0.880 0.480 0.011 0.035
14 0.637 0.435 0.040 0.014
14 0.710 0.434 0.038 0.012
14 0.765 0.431 0.029 0.011
14 0.847 0.441 0.016 0.010
14 0.974 0.441 0.019 0.007
