0 0.446 0.045 0.014 0.046
0 0.537 0.684 0.031 0.097
1 0.526 0.644 0.008 0.015
1 0.446 0.025 0.004 0.006
2 0.445 0.034 0.005 0.013
2 0.542 0.664 0.018 0.034
7 0.059 0.922 0.117 0.135
7 0.112 0.976 0.066 0.044
7 0.226 0.941 0.066 0.116
7 0.291 0.894 0.058 0.102
7 0.581 0.941 0.145 0.099
7 0.734 0.972 0.047 0.056
13 0.039 0.212 0.075 0.042
13 0.132 0.178 0.112 0.059
13 0.174 0.131 0.129 0.057
13 0.285 0.103 0.090 0.084
13 0.371 0.068 0.079 0.066
13 0.458 0.050 0.097 0.049
13 0.567 0.027 0.119 0.052
10 0.466 0.679 0.021 0.075
14 0.683 0.208 0.026 0.044
14 0.477 0.631 0.020 0.025
14 0.121 0.135 0.010 0.020
14 0.242 0.092 0.011 0.011
14 0.355 0.051 0.055 0.029
13 0.901 0.021 0.197 0.042
