0 0.069 0.532 0.015 0.035
0 0.140 0.576 0.013 0.030
0 0.138 0.741 0.028 0.075
0 0.178 0.458 0.015 0.022
0 0.215 0.389 0.011 0.023
0 0.326 0.613 0.018 0.034
0 0.351 0.619 0.015 0.059
0 0.521 0.793 0.019 0.072
0 0.555 0.701 0.015 0.042
0 0.570 0.693 0.013 0.042
0 0.663 0.859 0.022 0.075
0 0.966 0.764 0.018 0.084
0 0.816 0.655 0.015 0.084
0 0.863 0.593 0.010 0.050
0 0.851 0.600 0.012 0.057
0 0.727 0.510 0.013 0.048
3 0.859 0.658 0.029 0.076
3 0.645 0.668 0.053 0.069
3 0.619 0.751 0.068 0.069
3 0.552 0.773 0.040 0.079
3 0.677 0.296 0.017 0.030
3 0.569 0.366 0.024 0.036
3 0.060 0.678 0.056 0.050
3 0.015 0.679 0.030 0.046
4 0.766 0.951 0.077 0.098
4 0.367 0.916 0.114 0.098
4 0.192 0.587 0.057 0.055
4 0.327 0.505 0.049 0.044
4 0.817 0.810 0.092 0.072
4 0.707 0.761 0.047 0.075
4 0.730 0.632 0.054 0.058
4 0.563 0.306 0.035 0.030
4 0.762 0.443 0.029 0.038
14 0.076 0.013 0.065 0.025
13 0.869 0.042 0.261 0.050
13 0.660 0.031 0.098 0.038
13 0.566 0.019 0.041 0.034
13 0.406 0.030 0.272 0.033
13 0.140 0.045 0.251 0.036
9 0.682 0.879 0.022 0.036
7 0.078 0.958 0.101 0.083
1 0.066 0.519 0.005 0.008
1 0.181 0.452 0.006 0.009
10 0.242 0.392 0.013 0.034
2 0.348 0.604 0.014 0.021
2 0.328 0.603 0.015 0.014
1 0.129 0.707 0.009 0.010
2 0.135 0.724 0.017 0.026
2 0.071 0.532 0.009 0.020
2 0.216 0.385 0.007 0.014
0 0.248 0.906 0.023 0.083
1 0.248 0.875 0.011 0.013
2 0.249 0.903 0.017 0.037
1 0.516 0.763 0.008 0.010
1 0.568 0.675 0.007 0.009
1 0.553 0.684 0.008 0.010
1 0.671 0.831 0.013 0.017
1 0.819 0.617 0.010 0.013
2 0.817 0.640 0.013 0.032
2 0.659 0.844 0.018 0.035
2 0.520 0.784 0.015 0.032
2 0.557 0.701 0.011 0.022
2 0.571 0.693 0.008 0.023
2 0.728 0.503 0.009 0.024
10 0.785 0.724 0.021 0.037
