0 0.106 0.523 0.007 0.044
0 0.112 0.719 0.011 0.022
0 0.118 0.755 0.007 0.036
0 0.105 0.769 0.009 0.028
0 0.436 0.776 0.010 0.056
0 0.679 0.710 0.009 0.049
0 0.703 0.694 0.007 0.021
0 0.828 0.799 0.007 0.045
0 0.594 0.615 0.006 0.021
0 0.547 0.534 0.006 0.009
0 0.544 0.553 0.007 0.025
0 0.533 0.532 0.005 0.025
0 0.526 0.568 0.005 0.021
0 0.500 0.589 0.006 0.022
0 0.484 0.598 0.005 0.030
0 0.503 0.555 0.005 0.027
0 0.492 0.562 0.005 0.025
0 0.484 0.565 0.005 0.025
0 0.502 0.506 0.005 0.011
0 0.488 0.526 0.004 0.019
0 0.468 0.521 0.005 0.010
0 0.424 0.524 0.005 0.006
0 0.420 0.621 0.007 0.037
0 0.389 0.613 0.005 0.029
0 0.405 0.504 0.004 0.009
0 0.390 0.503 0.005 0.010
0 0.326 0.513 0.005 0.023
0 0.317 0.516 0.005 0.022
0 0.320 0.561 0.006 0.025
0 0.303 0.489 0.003 0.016
0 0.239 0.489 0.003 0.018
0 0.275 0.509 0.005 0.010
0 0.289 0.523 0.004 0.021
0 0.307 0.565 0.007 0.030
0 0.301 0.562 0.005 0.029
0 0.296 0.550 0.005 0.026
0 0.278 0.581 0.008 0.021
0 0.273 0.528 0.005 0.021
0 0.266 0.523 0.005 0.022
0 0.242 0.539 0.004 0.025
0 0.233 0.516 0.005 0.009
1 0.102 0.391 0.003 0.003
1 0.109 0.710 0.004 0.006
1 0.106 0.758 0.004 0.006
1 0.232 0.514 0.003 0.004
1 0.243 0.529 0.003 0.004
1 0.264 0.515 0.002 0.003
1 0.272 0.520 0.002 0.003
1 0.276 0.573 0.002 0.005
1 0.289 0.513 0.002 0.003
1 0.295 0.540 0.002 0.004
1 0.300 0.550 0.003 0.005
1 0.308 0.552 0.003 0.005
1 0.320 0.551 0.003 0.004
1 0.303 0.483 0.002 0.004
1 0.318 0.506 0.003 0.002
1 0.328 0.504 0.001 0.004
1 0.389 0.501 0.002 0.003
1 0.389 0.600 0.002 0.005
1 0.436 0.751 0.006 0.008
1 0.419 0.604 0.002 0.003
1 0.467 0.519 0.001 0.004
1 0.487 0.518 0.002 0.004
1 0.501 0.503 0.002 0.004
1 0.485 0.554 0.002 0.003
1 0.492 0.552 0.003 0.005
1 0.504 0.543 0.003 0.005
1 0.485 0.585 0.002 0.004
1 0.500 0.578 0.003 0.004
1 0.527 0.559 0.002 0.003
1 0.545 0.541 0.003 0.004
1 0.547 0.531 0.002 0.005
1 0.703 0.685 0.004 0.006
2 0.099 0.375 0.002 0.006
2 0.118 0.748 0.004 0.019
2 0.113 0.721 0.008 0.009
2 0.105 0.772 0.007 0.020
2 0.389 0.609 0.003 0.013
2 0.279 0.576 0.004 0.009
2 0.242 0.536 0.003 0.011
2 0.272 0.527 0.003 0.010
2 0.307 0.560 0.003 0.011
2 0.300 0.557 0.004 0.009
2 0.296 0.546 0.002 0.010
2 0.327 0.509 0.003 0.007
2 0.303 0.487 0.002 0.006
2 0.433 0.632 0.005 0.013
2 0.419 0.615 0.004 0.013
2 0.405 0.505 0.003 0.004
2 0.425 0.523 0.004 0.003
2 0.485 0.563 0.004 0.013
2 0.484 0.593 0.003 0.012
2 0.500 0.587 0.003 0.013
2 0.526 0.566 0.003 0.011
2 0.503 0.552 0.003 0.011
2 0.545 0.548 0.003 0.009
2 0.503 0.506 0.002 0.006
2 0.681 0.701 0.008 0.018
2 0.704 0.697 0.003 0.013
2 0.828 0.792 0.005 0.022
12 0.008 0.182 0.004 0.014
12 0.098 0.164 0.005 0.018
12 0.343 0.189 0.008 0.017
12 0.527 0.448 0.004 0.019
3 0.249 0.590 0.016 0.019
3 0.320 0.581 0.021 0.019
3 0.467 0.589 0.019 0.021
3 0.577 0.666 0.025 0.030
4 0.524 0.726 0.027 0.055
4 0.522 0.589 0.020 0.019
4 0.624 0.590 0.015 0.023
4 0.703 0.673 0.015 0.031
7 0.286 0.671 0.011 0.026
7 0.300 0.697 0.038 0.015
7 0.299 0.634 0.013 0.019
7 0.319 0.613 0.015 0.024
7 0.328 0.676 0.010 0.025
7 0.364 0.650 0.012 0.018
7 0.363 0.710 0.023 0.013
7 0.384 0.707 0.013 0.020
7 0.405 0.692 0.012 0.032
7 0.407 0.661 0.020 0.019
7 0.428 0.671 0.014 0.035
7 0.419 0.697 0.015 0.020
7 0.432 0.720 0.040 0.038
13 0.196 0.949 0.389 0.083
13 0.130 0.416 0.108 0.038
6 0.388 0.369 0.014 0.012
10 0.169 0.386 0.004 0.005
11 0.429 0.505 0.015 0.012
11 0.678 0.364 0.007 0.005
10 0.611 0.478 0.006 0.013
10 0.640 0.544 0.005 0.018
11 0.640 0.713 0.023 0.019
6 0.471 0.617 0.013 0.029
10 0.454 0.568 0.009 0.019
10 0.262 0.718 0.005 0.019
14 0.002 0.383 0.004 0.015
14 0.009 0.384 0.006 0.017
14 0.036 0.381 0.031 0.016
14 0.020 0.362 0.006 0.013
14 0.078 0.359 0.006 0.013
14 0.133 0.416 0.030 0.019
14 0.151 0.381 0.015 0.006
14 0.159 0.365 0.016 0.008
14 0.367 0.360 0.006 0.004
14 0.404 0.363 0.029 0.006
14 0.445 0.356 0.018 0.033
14 0.473 0.349 0.008 0.006
14 0.501 0.348 0.007 0.004
14 0.502 0.377 0.008 0.010
14 0.551 0.346 0.002 0.004
14 0.564 0.345 0.002 0.004
14 0.598 0.379 0.011 0.020
14 0.674 0.350 0.008 0.006
14 0.695 0.345 0.002 0.004
14 0.461 0.501 0.005 0.011
14 0.415 0.498 0.007 0.009
14 0.333 0.504 0.005 0.011
14 0.252 0.506 0.007 0.009
