0 0.402 0.745 0.053 0.131
0 0.347 0.692 0.024 0.113
0 0.318 0.425 0.021 0.072
0 0.315 0.410 0.014 0.057
0 0.273 0.299 0.009 0.038
0 0.479 0.293 0.011 0.041
0 0.009 0.470 0.018 0.077
0 0.623 0.457 0.019 0.069
0 0.578 0.418 0.016 0.078
0 0.918 0.584 0.021 0.074
0 0.952 0.286 0.019 0.064
0 0.712 0.087 0.005 0.031
0 0.573 0.083 0.005 0.020
0 0.217 0.398 0.015 0.076
0 0.194 0.393 0.017 0.040
0 0.279 0.115 0.012 0.039
1 0.924 0.553 0.009 0.017
1 0.405 0.692 0.014 0.025
1 0.339 0.643 0.010 0.018
1 0.582 0.385 0.007 0.013
1 0.617 0.430 0.007 0.012
1 0.213 0.367 0.006 0.013
1 0.190 0.379 0.006 0.012
2 0.392 0.732 0.023 0.065
2 0.346 0.672 0.012 0.044
2 0.321 0.409 0.012 0.031
2 0.217 0.388 0.010 0.031
2 0.626 0.445 0.011 0.032
2 0.575 0.406 0.010 0.030
2 0.479 0.290 0.007 0.020
3 0.338 0.573 0.057 0.068
3 0.222 0.586 0.066 0.073
3 0.684 0.173 0.025 0.037
4 0.406 0.432 0.060 0.056
4 0.504 0.497 0.043 0.080
4 0.511 0.331 0.058 0.054
4 0.721 0.163 0.029 0.030
4 0.429 0.078 0.023 0.026
4 0.421 0.601 0.129 0.089
7 0.592 0.941 0.146 0.119
4 0.932 0.815 0.135 0.174
10 0.147 0.514 0.035 0.078
10 0.331 0.214 0.013 0.030
