0 0.391 0.173 0.016 0.031
0 0.901 0.273 0.017 0.082
0 0.877 0.291 0.026 0.044
0 0.818 0.256 0.037 0.094
0 0.821 0.399 0.032 0.074
0 0.989 0.117 0.016 0.048
0 0.968 0.106 0.022 0.040
0 0.916 0.080 0.024 0.055
3 0.339 0.225 0.055 0.063
3 0.329 0.291 0.069 0.074
3 0.511 0.167 0.053 0.052
3 0.575 0.183 0.055 0.055
3 0.540 0.791 0.095 0.151
4 0.957 0.275 0.087 0.105
10 0.828 0.097 0.035 0.046
7 0.863 0.524 0.193 0.108
7 0.820 0.655 0.087 0.096
7 0.892 0.719 0.065 0.095
7 0.591 0.547 0.070 0.092
7 0.599 0.402 0.087 0.125
2 0.319 0.984 0.028 0.031
1 0.392 0.171 0.007 0.017
1 0.902 0.237 0.008 0.013
1 0.885 0.276 0.010 0.012
1 0.833 0.370 0.008 0.018
1 0.830 0.215 0.010 0.015
1 0.976 0.097 0.006 0.014
1 0.988 0.099 0.009 0.013
2 0.991 0.120 0.010 0.026
2 0.963 0.095 0.018 0.021
2 0.901 0.260 0.017 0.032
2 0.872 0.279 0.017 0.024
2 0.817 0.239 0.019 0.044
1 0.924 0.018 0.006 0.010
2 0.921 0.038 0.009 0.025
0 0.919 0.030 0.018 0.041
1 0.925 0.061 0.007 0.013
2 0.914 0.074 0.012 0.029
