0 0.490 0.878 0.042 0.079
0 0.591 0.945 0.033 0.105
0 0.631 0.977 0.040 0.046
0 0.633 0.744 0.032 0.051
0 0.652 0.425 0.013 0.036
0 0.682 0.442 0.015 0.028
0 0.883 0.617 0.019 0.046
0 0.047 0.807 0.030 0.081
0 0.189 0.614 0.018 0.046
0 0.010 0.614 0.019 0.032
0 0.158 0.506 0.015 0.060
0 0.123 0.486 0.016 0.034
0 0.117 0.512 0.018 0.029
0 0.099 0.510 0.016 0.023
0 0.533 0.411 0.011 0.033
0 0.782 0.489 0.017 0.025
1 0.489 0.849 0.012 0.014
1 0.596 0.907 0.013 0.019
1 0.638 0.738 0.008 0.017
1 0.884 0.601 0.006 0.007
1 0.778 0.484 0.005 0.010
1 0.681 0.435 0.006 0.008
1 0.651 0.412 0.004 0.010
1 0.533 0.399 0.005 0.006
1 0.188 0.601 0.007 0.011
1 0.158 0.488 0.006 0.011
1 0.118 0.474 0.004 0.009
1 0.119 0.503 0.005 0.009
1 0.098 0.504 0.005 0.007
1 0.043 0.773 0.010 0.013
1 0.007 0.610 0.004 0.009
2 0.497 0.875 0.016 0.033
2 0.595 0.938 0.016 0.037
2 0.631 0.984 0.020 0.028
2 0.628 0.737 0.013 0.016
2 0.651 0.423 0.006 0.016
2 0.532 0.408 0.005 0.011
2 0.192 0.616 0.011 0.017
2 0.046 0.796 0.014 0.032
2 0.160 0.502 0.006 0.015
2 0.114 0.508 0.005 0.011
2 0.120 0.485 0.008 0.012
4 0.954 0.899 0.073 0.094
4 0.848 0.428 0.038 0.037
5 0.706 0.608 0.130 0.095
5 0.607 0.593 0.229 0.024
5 0.654 0.623 0.059 0.073
7 0.953 0.811 0.029 0.050
10 0.781 0.391 0.009 0.014
10 0.659 0.404 0.004 0.021
13 0.056 0.236 0.033 0.018
13 0.109 0.233 0.063 0.019
13 0.354 0.222 0.052 0.016
13 0.458 0.217 0.104 0.019
13 0.557 0.210 0.059 0.020
13 0.632 0.207 0.021 0.014
13 0.815 0.197 0.091 0.017
13 0.715 0.203 0.110 0.015
