0 0.242 0.706 0.023 0.067
0 0.526 0.214 0.017 0.025
0 0.511 0.238 0.016 0.038
0 0.439 0.240 0.014 0.029
0 0.792 0.372 0.015 0.043
0 0.901 0.285 0.013 0.036
0 0.633 0.398 0.014 0.049
0 0.620 0.326 0.012 0.043
0 0.603 0.388 0.013 0.045
0 0.211 0.278 0.018 0.029
0 0.160 0.289 0.011 0.032
0 0.089 0.175 0.015 0.026
0 0.389 0.225 0.008 0.027
1 0.242 0.679 0.008 0.014
1 0.219 0.569 0.003 0.015
1 0.387 0.215 0.003 0.007
1 0.435 0.229 0.004 0.005
1 0.159 0.277 0.004 0.008
1 0.216 0.271 0.003 0.008
1 0.085 0.166 0.004 0.006
1 0.513 0.222 0.005 0.006
1 0.527 0.205 0.003 0.005
2 0.244 0.702 0.015 0.030
2 0.223 0.591 0.011 0.023
2 0.157 0.289 0.008 0.012
2 0.632 0.393 0.009 0.014
2 0.603 0.383 0.009 0.015
2 0.440 0.237 0.010 0.008
2 0.513 0.234 0.005 0.014
2 0.523 0.215 0.006 0.014
2 0.388 0.225 0.005 0.012
2 0.090 0.173 0.007 0.010
4 0.519 0.386 0.027 0.050
4 0.451 0.272 0.033 0.045
4 0.474 0.242 0.040 0.031
4 0.149 0.243 0.038 0.031
4 0.302 0.340 0.038 0.053
4 0.290 0.144 0.017 0.019
3 0.495 0.435 0.030 0.069
4 0.036 0.236 0.025 0.058
7 0.328 0.916 0.046 0.092
7 0.455 0.856 0.082 0.107
7 0.140 0.943 0.048 0.111
9 0.527 0.230 0.018 0.015
10 0.977 0.271 0.015 0.034
10 0.493 0.205 0.009 0.022
4 0.871 0.266 0.021 0.047
