0 0.031 0.898 0.062 0.194
0 0.360 0.376 0.034 0.126
0 0.399 0.326 0.025 0.068
0 0.360 0.327 0.032 0.058
0 0.332 0.087 0.014 0.053
0 0.378 0.111 0.020 0.114
0 0.401 0.101 0.021 0.100
0 0.681 0.316 0.028 0.058
0 0.954 0.187 0.028 0.072
0 0.884 0.110 0.033 0.054
0 0.824 0.283 0.023 0.045
0 0.658 0.094 0.015 0.032
0 0.960 0.749 0.063 0.086
1 0.011 0.821 0.021 0.031
1 0.355 0.323 0.012 0.017
1 0.366 0.304 0.010 0.012
1 0.391 0.292 0.011 0.012
1 0.938 0.722 0.015 0.029
1 0.674 0.294 0.010 0.013
1 0.827 0.269 0.009 0.015
1 0.951 0.162 0.011 0.011
1 0.899 0.090 0.007 0.012
1 0.658 0.090 0.007 0.009
1 0.401 0.059 0.006 0.013
1 0.378 0.062 0.008 0.010
1 0.330 0.075 0.007 0.009
2 0.025 0.885 0.039 0.094
2 0.359 0.356 0.020 0.050
2 0.399 0.322 0.023 0.041
2 0.332 0.091 0.015 0.019
2 0.379 0.092 0.015 0.050
2 0.399 0.085 0.013 0.037
2 0.683 0.319 0.016 0.033
2 0.966 0.747 0.041 0.053
2 0.956 0.182 0.020 0.026
2 0.885 0.095 0.022 0.021
3 0.595 0.859 0.111 0.280
4 0.534 0.163 0.091 0.075
3 0.318 0.144 0.070 0.091
5 0.474 0.463 0.059 0.080
9 0.444 0.112 0.078 0.064
10 0.293 0.445 0.026 0.032
4 0.450 0.176 0.055 0.103
4 0.075 0.900 0.059 0.108
