0 0.070 0.521 0.015 0.052
0 0.116 0.600 0.015 0.040
0 0.152 0.732 0.019 0.061
0 0.283 0.983 0.021 0.034
0 0.502 0.863 0.017 0.078
0 0.365 0.629 0.015 0.058
0 0.324 0.618 0.017 0.032
0 0.219 0.388 0.012 0.048
0 0.152 0.319 0.009 0.039
0 0.846 0.738 0.017 0.069
0 0.846 0.602 0.009 0.049
0 0.858 0.600 0.012 0.060
0 0.722 0.515 0.008 0.052
0 0.654 0.874 0.029 0.042
0 0.562 0.709 0.013 0.043
0 0.569 0.694 0.011 0.042
0 0.973 0.773 0.027 0.066
0 0.946 0.793 0.017 0.064
3 0.675 0.301 0.018 0.035
3 0.547 0.766 0.034 0.087
3 0.647 0.669 0.049 0.069
3 0.856 0.656 0.027 0.074
3 0.617 0.764 0.082 0.093
3 0.566 0.373 0.021 0.033
3 0.059 0.683 0.057 0.056
4 0.354 0.934 0.118 0.131
4 0.756 0.956 0.078 0.087
4 0.705 0.763 0.046 0.086
4 0.802 0.798 0.098 0.093
4 0.724 0.637 0.048 0.059
4 0.197 0.592 0.053 0.061
4 0.325 0.511 0.046 0.048
4 0.110 0.712 0.056 0.067
13 0.887 0.040 0.108 0.043
13 0.763 0.036 0.077 0.025
13 0.655 0.031 0.101 0.020
13 0.565 0.026 0.044 0.023
13 0.523 0.031 0.032 0.012
13 0.478 0.039 0.046 0.023
13 0.354 0.043 0.153 0.021
13 0.220 0.053 0.091 0.024
13 0.088 0.064 0.148 0.026
9 0.677 0.880 0.021 0.037
7 0.072 0.955 0.126 0.089
1 0.285 0.973 0.011 0.013
1 0.155 0.709 0.008 0.012
2 0.149 0.727 0.013 0.030
2 0.115 0.599 0.011 0.022
1 0.117 0.584 0.008 0.012
1 0.069 0.499 0.006 0.009
2 0.323 0.607 0.013 0.013
2 0.365 0.621 0.010 0.023
2 0.241 0.400 0.013 0.033
0 0.175 0.464 0.014 0.025
1 0.662 0.860 0.010 0.016
1 0.848 0.709 0.009 0.013
2 0.947 0.790 0.008 0.030
1 0.950 0.772 0.008 0.014
2 0.847 0.733 0.014 0.029
2 0.653 0.873 0.018 0.027
2 0.563 0.706 0.010 0.017
2 0.570 0.699 0.010 0.029
2 0.721 0.509 0.008 0.020
10 0.780 0.725 0.016 0.039
