0 0.648 0.190 0.003 0.006
0 0.654 0.188 0.001 0.006
0 0.656 0.189 0.002 0.007
0 0.866 0.330 0.006 0.030
0 0.808 0.397 0.009 0.018
0 0.927 0.544 0.010 0.059
0 0.950 0.548 0.020 0.046
0 0.746 0.327 0.003 0.020
0 0.752 0.413 0.006 0.036
0 0.739 0.414 0.006 0.010
0 0.708 0.321 0.003 0.015
0 0.499 0.462 0.004 0.023
0 0.503 0.464 0.005 0.023
0 0.540 0.550 0.011 0.028
0 0.482 0.511 0.008 0.035
0 0.327 0.417 0.008 0.040
0 0.317 0.389 0.006 0.016
0 0.312 0.401 0.006 0.020
0 0.295 0.418 0.005 0.025
0 0.286 0.397 0.005 0.024
0 0.276 0.412 0.004 0.024
0 0.233 0.504 0.011 0.049
0 0.059 0.535 0.008 0.050
0 0.032 0.806 0.024 0.037
0 0.105 0.744 0.018 0.044
0 0.006 0.821 0.011 0.072
0 0.163 0.847 0.032 0.053
0 0.276 0.818 0.019 0.090
0 0.499 0.640 0.008 0.044
0 0.528 0.669 0.014 0.034
0 0.911 0.713 0.011 0.050
0 0.952 0.959 0.037 0.060
0 0.854 0.910 0.015 0.077
0 0.835 0.977 0.020 0.046
0 0.569 0.838 0.022 0.076
0 0.333 0.979 0.019 0.043
1 0.331 0.966 0.010 0.013
1 0.154 0.828 0.008 0.013
1 0.295 0.408 0.003 0.004
1 0.233 0.483 0.003 0.006
1 0.108 0.730 0.007 0.009
1 0.028 0.795 0.011 0.010
1 0.274 0.779 0.006 0.010
1 0.295 0.991 0.008 0.013
1 0.564 0.805 0.006 0.010
1 0.545 0.538 0.002 0.002
1 0.750 0.397 0.003 0.005
1 0.828 0.963 0.005 0.013
1 0.854 0.876 0.006 0.007
1 0.966 0.941 0.007 0.017
1 0.912 0.694 0.008 0.010
1 0.926 0.517 0.005 0.006
1 0.951 0.527 0.005 0.007
2 0.233 0.498 0.007 0.019
2 0.166 0.833 0.016 0.020
2 0.274 0.806 0.011 0.033
2 0.104 0.745 0.016 0.022
2 0.333 0.984 0.013 0.024
2 0.569 0.831 0.014 0.031
2 0.540 0.545 0.005 0.014
2 0.739 0.414 0.003 0.006
2 0.927 0.533 0.007 0.018
2 0.945 0.539 0.008 0.014
2 0.854 0.898 0.009 0.020
2 0.949 0.940 0.026 0.021
12 0.502 0.511 0.015 0.032
3 0.318 0.403 0.007 0.016
3 0.729 0.500 0.031 0.045
3 0.817 0.424 0.017 0.032
3 0.171 0.974 0.077 0.045
3 0.047 0.974 0.078 0.043
4 0.216 0.990 0.041 0.020
4 0.477 0.681 0.063 0.059
4 0.774 0.484 0.027 0.032
4 0.680 0.442 0.034 0.023
4 0.498 0.393 0.024 0.026
4 0.862 0.419 0.041 0.027
7 0.673 0.657 0.015 0.032
7 0.530 0.597 0.014 0.022
7 0.485 0.624 0.017 0.024
5 0.350 0.534 0.133 0.091
11 0.350 0.448 0.023 0.020
10 0.334 0.549 0.012 0.036
10 0.346 0.383 0.006 0.012
14 0.015 0.190 0.025 0.007
14 0.064 0.182 0.010 0.008
14 0.111 0.184 0.053 0.009
14 0.202 0.403 0.008 0.009
14 0.276 0.186 0.039 0.006
14 0.307 0.180 0.022 0.007
14 0.346 0.179 0.026 0.007
14 0.402 0.181 0.023 0.006
14 0.451 0.364 0.026 0.007
14 0.534 0.178 0.011 0.006
14 0.655 0.196 0.019 0.006
14 0.802 0.190 0.024 0.009
14 0.873 0.188 0.038 0.010
7 0.346 0.409 0.013 0.024
