7 0.320 0.544 0.108 0.105
7 0.397 0.692 0.061 0.082
7 0.568 0.473 0.124 0.135
7 0.628 0.591 0.137 0.095
7 0.811 0.546 0.071 0.097
7 0.946 0.562 0.108 0.108
7 0.865 0.824 0.067 0.109
7 0.752 0.939 0.068 0.122
7 0.934 0.945 0.113 0.110
4 0.521 0.244 0.091 0.076
4 0.531 0.143 0.072 0.058
4 0.838 0.433 0.193 0.137
3 0.986 0.297 0.028 0.101
3 0.082 0.407 0.078 0.093
3 0.166 0.383 0.067 0.093
0 0.270 0.641 0.028 0.113
0 0.460 0.093 0.010 0.061
0 0.646 0.136 0.017 0.069
0 0.693 0.157 0.018 0.042
0 0.486 0.141 0.013 0.062
0 0.475 0.205 0.015 0.050
0 0.464 0.287 0.024 0.044
1 0.266 0.610 0.011 0.016
2 0.269 0.644 0.023 0.042
