0 0.658 0.649 0.034 0.098
0 0.651 0.577 0.026 0.065
0 0.797 0.569 0.048 0.123
0 0.902 0.457 0.040 0.074
0 0.593 0.382 0.028 0.104
0 0.802 0.277 0.024 0.063
0 0.680 0.173 0.022 0.053
0 0.598 0.085 0.020 0.035
0 0.687 0.110 0.019 0.055
0 0.494 0.096 0.017 0.043
0 0.425 0.541 0.022 0.094
0 0.358 0.541 0.026 0.080
0 0.036 0.655 0.043 0.102
0 0.308 0.113 0.015 0.074
0 0.290 0.122 0.027 0.071
1 0.028 0.620 0.015 0.018
1 0.356 0.511 0.012 0.015
1 0.288 0.094 0.012 0.014
1 0.305 0.083 0.007 0.012
1 0.596 0.341 0.012 0.019
1 0.891 0.434 0.011 0.019
1 0.801 0.516 0.015 0.016
1 0.648 0.556 0.011 0.018
1 0.660 0.611 0.015 0.020
1 0.425 0.500 0.011 0.013
2 0.033 0.653 0.029 0.044
2 0.658 0.641 0.018 0.040
2 0.593 0.368 0.013 0.032
2 0.680 0.166 0.009 0.019
2 0.798 0.550 0.021 0.048
2 0.290 0.112 0.013 0.022
4 0.637 0.862 0.218 0.260
7 0.915 0.871 0.142 0.220
10 0.608 0.191 0.014 0.041
4 0.846 0.253 0.066 0.108
4 0.915 0.397 0.121 0.151
