7 0.345 0.744 0.120 0.141
7 0.631 0.665 0.161 0.194
7 0.427 0.943 0.072 0.114
7 0.776 0.850 0.047 0.101
7 0.944 0.781 0.113 0.147
4 0.593 0.211 0.094 0.079
4 0.579 0.350 0.102 0.094
4 0.947 0.611 0.106 0.158
3 0.080 0.529 0.088 0.107
3 0.176 0.504 0.071 0.113
0 0.225 0.873 0.037 0.094
0 0.529 0.370 0.019 0.082
1 0.220 0.839 0.019 0.022
0 0.461 0.169 0.019 0.075
0 0.515 0.142 0.014 0.056
0 0.510 0.191 0.024 0.034
0 0.416 0.103 0.015 0.072
0 0.232 0.159 0.015 0.066
0 0.732 0.211 0.016 0.087
0 0.793 0.239 0.017 0.058
