0 0.047 0.541 0.010 0.034
0 0.056 0.540 0.010 0.040
0 0.039 0.970 0.017 0.059
0 0.244 0.873 0.017 0.029
0 0.221 0.807 0.009 0.049
0 0.250 0.822 0.009 0.044
0 0.411 0.690 0.008 0.017
0 0.463 0.693 0.009 0.011
0 0.558 0.699 0.007 0.029
0 0.595 0.732 0.008 0.021
0 0.598 0.784 0.010 0.021
0 0.649 0.830 0.010 0.019
0 0.669 0.841 0.010 0.034
0 0.654 0.815 0.014 0.015
0 0.669 0.900 0.019 0.029
0 0.700 0.940 0.014 0.053
0 0.851 0.975 0.015 0.049
0 0.716 0.833 0.011 0.050
0 0.923 0.937 0.014 0.062
0 0.816 0.849 0.013 0.021
0 0.608 0.667 0.005 0.020
0 0.568 0.515 0.004 0.019
0 0.634 0.519 0.004 0.018
0 0.638 0.514 0.004 0.009
0 0.141 0.529 0.007 0.013
1 0.048 0.527 0.005 0.006
1 0.058 0.525 0.005 0.006
1 0.142 0.525 0.003 0.004
2 0.141 0.531 0.005 0.011
2 0.057 0.540 0.007 0.020
2 0.047 0.543 0.007 0.018
2 0.039 0.965 0.008 0.025
1 0.041 0.947 0.004 0.007
2 0.250 0.818 0.006 0.017
2 0.241 0.870 0.006 0.013
1 0.247 0.865 0.004 0.009
1 0.224 0.790 0.004 0.008
1 0.251 0.804 0.004 0.007
2 0.221 0.800 0.004 0.015
1 0.412 0.685 0.002 0.005
2 0.410 0.690 0.004 0.008
1 0.558 0.689 0.003 0.006
2 0.558 0.696 0.004 0.008
2 0.608 0.666 0.004 0.008
1 0.608 0.660 0.004 0.004
2 0.595 0.732 0.005 0.010
1 0.595 0.724 0.003 0.003
2 0.597 0.784 0.006 0.012
1 0.600 0.776 0.003 0.006
2 0.652 0.816 0.006 0.010
1 0.656 0.811 0.004 0.008
2 0.647 0.826 0.006 0.008
1 0.651 0.826 0.002 0.007
1 0.671 0.828 0.004 0.007
1 0.714 0.814 0.004 0.006
2 0.669 0.839 0.007 0.017
2 0.715 0.828 0.007 0.019
1 0.672 0.892 0.005 0.010
1 0.702 0.919 0.005 0.011
2 0.699 0.932 0.006 0.021
2 0.666 0.903 0.009 0.020
2 0.850 0.978 0.008 0.027
1 0.851 0.959 0.006 0.006
1 0.812 0.841 0.003 0.007
2 0.818 0.850 0.009 0.013
2 0.924 0.931 0.010 0.024
1 0.923 0.911 0.007 0.005
1 0.568 0.508 0.003 0.004
2 0.568 0.512 0.003 0.006
1 0.636 0.512 0.003 0.003
1 0.638 0.511 0.003 0.005
6 0.687 0.510 0.021 0.022
7 0.706 0.775 0.017 0.028
7 0.564 0.752 0.037 0.020
4 0.686 0.767 0.025 0.046
3 0.466 0.770 0.126 0.138
12 0.121 0.167 0.011 0.037
12 0.269 0.274 0.009 0.033
12 0.462 0.456 0.034 0.123
11 0.632 0.802 0.032 0.031
11 0.537 0.450 0.045 0.130
10 0.493 0.943 0.020 0.046
14 0.296 0.493 0.054 0.114
14 0.715 0.500 0.046 0.012
14 0.835 0.481 0.024 0.010
14 0.655 0.495 0.010 0.010
14 0.097 0.503 0.025 0.018
14 0.126 0.502 0.026 0.014
14 0.044 0.503 0.025 0.011
14 0.091 0.527 0.019 0.009
14 0.112 0.526 0.015 0.010
13 0.175 0.556 0.107 0.046
13 0.743 0.533 0.148 0.024
