0 0.668 0.887 0.017 0.071
0 0.552 0.819 0.018 0.089
0 0.455 0.884 0.014 0.089
0 0.498 0.549 0.011 0.055
0 0.552 0.547 0.007 0.051
0 0.624 0.581 0.009 0.064
0 0.511 0.502 0.010 0.052
0 0.473 0.442 0.007 0.029
0 0.453 0.433 0.010 0.033
0 0.706 0.437 0.009 0.040
0 0.457 0.346 0.005 0.030
0 0.149 0.666 0.020 0.064
0 0.326 0.733 0.011 0.086
0 0.266 0.530 0.008 0.026
0 0.369 0.300 0.004 0.016
3 0.729 0.451 0.020 0.044
3 0.644 0.570 0.025 0.058
3 0.427 0.736 0.029 0.083
3 0.314 0.423 0.024 0.033
4 0.723 0.881 0.106 0.133
4 0.657 0.792 0.072 0.081
4 0.643 0.683 0.070 0.058
4 0.838 0.767 0.085 0.053
4 0.554 0.678 0.041 0.045
4 0.528 0.583 0.038 0.036
4 0.298 0.938 0.140 0.125
4 0.085 0.600 0.060 0.043
4 0.789 0.494 0.027 0.057
4 0.284 0.381 0.032 0.025
14 0.451 0.147 0.063 0.007
13 0.054 0.151 0.107 0.015
13 0.141 0.151 0.041 0.014
13 0.241 0.142 0.059 0.036
13 0.325 0.143 0.094 0.034
13 0.458 0.142 0.083 0.032
13 0.547 0.146 0.064 0.032
13 0.794 0.144 0.085 0.033
13 0.688 0.142 0.090 0.028
9 0.568 0.785 0.016 0.031
1 0.266 0.520 0.005 0.008
1 0.143 0.638 0.006 0.008
2 0.151 0.653 0.013 0.021
2 0.266 0.531 0.006 0.012
0 0.496 0.653 0.017 0.047
1 0.499 0.638 0.007 0.012
1 0.551 0.779 0.009 0.010
1 0.455 0.848 0.010 0.016
2 0.552 0.814 0.016 0.044
2 0.455 0.872 0.015 0.034
2 0.497 0.654 0.012 0.029
2 0.669 0.886 0.013 0.040
1 0.667 0.859 0.010 0.012
1 0.622 0.552 0.005 0.008
1 0.551 0.525 0.005 0.007
1 0.500 0.525 0.005 0.009
1 0.512 0.480 0.005 0.006
2 0.552 0.539 0.007 0.021
2 0.624 0.575 0.008 0.027
2 0.496 0.540 0.008 0.019
2 0.512 0.495 0.008 0.019
12 0.499 0.425 0.023 0.037
4 0.023 0.763 0.046 0.083
4 0.109 0.350 0.028 0.025
1 0.332 0.695 0.008 0.013
2 0.326 0.717 0.011 0.031
10 0.602 0.639 0.017 0.034
