0 0.451 0.469 0.005 0.016
0 0.898 0.647 0.005 0.027
0 0.740 0.708 0.010 0.019
0 0.460 0.703 0.009 0.038
0 0.414 0.656 0.009 0.017
0 0.405 0.668 0.007 0.027
0 0.374 0.675 0.004 0.023
0 0.377 0.661 0.005 0.025
0 0.211 0.671 0.005 0.031
0 0.047 0.823 0.014 0.064
0 0.296 0.781 0.010 0.059
0 0.612 0.764 0.004 0.028
0 0.617 0.770 0.003 0.029
0 0.658 0.883 0.010 0.037
0 0.909 0.746 0.006 0.010
0 0.664 0.981 0.014 0.038
0 0.623 0.760 0.002 0.025
0 0.628 0.764 0.004 0.025
1 0.047 0.796 0.008 0.011
1 0.297 0.757 0.006 0.010
1 0.212 0.657 0.003 0.004
1 0.667 0.963 0.004 0.006
1 0.613 0.754 0.005 0.005
2 0.049 0.813 0.010 0.024
2 0.296 0.770 0.006 0.013
2 0.414 0.657 0.005 0.006
2 0.658 0.878 0.007 0.017
2 0.665 0.981 0.010 0.026
2 0.909 0.746 0.004 0.006
12 0.647 0.559 0.017 0.044
3 0.412 0.671 0.006 0.019
3 0.914 0.864 0.040 0.053
4 0.977 0.855 0.044 0.044
4 0.844 0.772 0.041 0.031
4 0.615 0.680 0.028 0.024
5 0.427 0.840 0.171 0.109
7 0.645 0.952 0.023 0.035
7 0.591 0.984 0.018 0.031
10 0.082 0.652 0.012 0.026
10 0.446 0.653 0.007 0.012
10 0.396 0.863 0.020 0.049
11 0.439 0.730 0.025 0.025
14 0.051 0.463 0.011 0.037
14 0.016 0.421 0.024 0.012
14 0.143 0.429 0.015 0.013
14 0.223 0.429 0.064 0.014
14 0.354 0.451 0.018 0.008
14 0.395 0.448 0.041 0.015
14 0.460 0.448 0.035 0.012
14 0.524 0.456 0.023 0.008
14 0.564 0.645 0.030 0.013
7 0.443 0.683 0.016 0.027
