0 0.396 0.756 0.046 0.144
0 0.292 0.690 0.027 0.114
0 0.317 0.448 0.023 0.042
0 0.307 0.413 0.023 0.059
0 0.215 0.402 0.017 0.078
0 0.193 0.400 0.019 0.040
0 0.273 0.306 0.012 0.046
0 0.275 0.115 0.009 0.042
0 0.483 0.288 0.010 0.045
0 0.568 0.085 0.007 0.021
0 0.723 0.083 0.009 0.025
0 0.620 0.465 0.025 0.056
0 0.581 0.422 0.015 0.071
0 0.921 0.592 0.024 0.089
0 0.978 0.315 0.021 0.065
0 0.959 0.292 0.014 0.062
0 0.816 0.105 0.008 0.038
1 0.404 0.700 0.013 0.024
1 0.288 0.640 0.009 0.017
1 0.313 0.391 0.006 0.012
1 0.310 0.432 0.005 0.013
1 0.586 0.392 0.006 0.010
1 0.612 0.444 0.006 0.010
1 0.189 0.385 0.006 0.014
1 0.212 0.371 0.005 0.011
1 0.274 0.289 0.005 0.011
1 0.920 0.554 0.010 0.013
2 0.984 0.305 0.007 0.027
2 0.481 0.287 0.007 0.020
2 0.624 0.454 0.018 0.023
2 0.580 0.412 0.008 0.026
2 0.391 0.739 0.026 0.066
2 0.291 0.672 0.015 0.043
2 0.322 0.445 0.013 0.025
2 0.303 0.399 0.015 0.023
2 0.215 0.396 0.011 0.026
3 0.683 0.175 0.030 0.037
3 0.333 0.581 0.059 0.074
3 0.220 0.594 0.064 0.079
4 0.501 0.504 0.040 0.081
4 0.407 0.440 0.053 0.061
4 0.421 0.608 0.128 0.081
7 0.587 0.944 0.148 0.112
4 0.930 0.818 0.139 0.169
10 0.147 0.522 0.034 0.077
10 0.330 0.218 0.011 0.027
