0 0.645 0.581 0.009 0.034
0 0.717 0.563 0.008 0.023
0 0.579 0.580 0.010 0.031
0 0.554 0.960 0.009 0.062
0 0.565 0.954 0.011 0.059
0 0.577 0.978 0.013 0.039
0 0.773 0.858 0.015 0.035
0 0.818 0.935 0.020 0.033
0 0.926 0.849 0.009 0.031
0 0.896 0.824 0.009 0.020
0 0.071 0.602 0.011 0.021
0 0.499 0.575 0.007 0.020
0 0.825 0.889 0.022 0.031
1 0.070 0.594 0.004 0.007
2 0.071 0.603 0.006 0.010
1 0.578 0.568 0.004 0.005
2 0.578 0.582 0.005 0.014
1 0.645 0.566 0.004 0.007
1 0.716 0.553 0.003 0.004
2 0.717 0.561 0.004 0.009
2 0.645 0.580 0.006 0.019
2 0.577 0.979 0.007 0.024
2 0.553 0.953 0.007 0.025
2 0.564 0.947 0.006 0.022
1 0.557 0.935 0.005 0.007
1 0.563 0.929 0.004 0.008
1 0.578 0.962 0.005 0.011
1 0.819 0.925 0.005 0.008
1 0.830 0.875 0.003 0.006
2 0.824 0.885 0.008 0.013
2 0.814 0.931 0.007 0.011
2 0.771 0.848 0.007 0.009
12 0.337 0.064 0.039 0.069
12 0.698 0.229 0.008 0.029
12 0.841 0.296 0.007 0.020
14 0.890 0.570 0.064 0.134
14 0.318 0.548 0.038 0.022
14 0.366 0.631 0.163 0.024
14 0.197 0.573 0.039 0.014
14 0.527 0.579 0.022 0.012
14 0.552 0.569 0.018 0.013
14 0.612 0.545 0.014 0.015
14 0.633 0.543 0.020 0.011
14 0.676 0.544 0.017 0.015
14 0.701 0.545 0.021 0.011
14 0.673 0.568 0.019 0.010
14 0.687 0.566 0.012 0.013
13 0.152 0.658 0.244 0.051
13 0.536 0.625 0.144 0.036
