0 0.083 0.596 0.008 0.032
0 0.101 0.653 0.009 0.033
0 0.091 0.770 0.014 0.072
0 0.168 0.750 0.017 0.054
0 0.755 0.523 0.009 0.034
0 0.670 0.528 0.007 0.024
0 0.642 0.650 0.009 0.053
0 0.692 0.691 0.018 0.027
0 0.771 0.657 0.010 0.021
0 0.770 0.699 0.010 0.031
0 0.821 0.684 0.013 0.023
0 0.470 0.544 0.008 0.036
0 0.457 0.545 0.007 0.034
0 0.446 0.479 0.005 0.025
0 0.457 0.477 0.007 0.026
0 0.519 0.594 0.009 0.045
0 0.526 0.585 0.008 0.044
0 0.532 0.592 0.009 0.049
0 0.059 0.595 0.006 0.036
0 0.349 0.801 0.022 0.062
0 0.496 0.859 0.018 0.087
0 0.497 0.716 0.011 0.039
0 0.546 0.707 0.021 0.045
0 0.639 0.790 0.016 0.047
0 0.663 0.891 0.028 0.108
0 0.755 0.891 0.027 0.064
0 0.127 0.484 0.004 0.017
1 0.081 0.581 0.004 0.006
1 0.102 0.639 0.003 0.004
1 0.097 0.738 0.007 0.010
1 0.161 0.727 0.006 0.010
1 0.495 0.822 0.007 0.013
1 0.345 0.773 0.005 0.009
1 0.458 0.530 0.004 0.006
1 0.469 0.528 0.003 0.006
1 0.521 0.573 0.003 0.004
1 0.532 0.570 0.003 0.006
1 0.496 0.702 0.005 0.010
1 0.540 0.689 0.005 0.012
1 0.662 0.842 0.008 0.009
1 0.748 0.864 0.005 0.013
1 0.634 0.775 0.005 0.011
1 0.642 0.625 0.004 0.006
1 0.669 0.518 0.003 0.006
1 0.773 0.659 0.005 0.010
1 0.831 0.690 0.005 0.007
2 0.059 0.589 0.004 0.012
2 0.103 0.651 0.005 0.015
2 0.083 0.593 0.006 0.012
2 0.091 0.760 0.008 0.028
2 0.169 0.741 0.012 0.019
2 0.351 0.789 0.013 0.022
2 0.495 0.848 0.013 0.032
2 0.497 0.720 0.007 0.025
2 0.549 0.694 0.011 0.017
2 0.457 0.542 0.004 0.013
2 0.470 0.539 0.004 0.016
2 0.447 0.475 0.003 0.008
2 0.518 0.586 0.005 0.016
2 0.643 0.641 0.007 0.019
2 0.692 0.683 0.009 0.011
2 0.640 0.774 0.011 0.017
2 0.664 0.876 0.015 0.041
2 0.759 0.888 0.016 0.040
2 0.770 0.702 0.007 0.020
2 0.823 0.679 0.010 0.012
12 0.560 0.390 0.034 0.067
12 0.677 0.215 0.010 0.025
3 0.040 0.928 0.060 0.032
4 0.103 0.692 0.058 0.041
4 0.090 0.493 0.027 0.025
4 0.245 0.469 0.012 0.015
4 0.277 0.515 0.026 0.023
4 0.349 0.534 0.022 0.027
4 0.534 0.755 0.082 0.032
4 0.516 0.680 0.058 0.024
4 0.524 0.556 0.026 0.020
4 0.650 0.514 0.024 0.021
4 0.820 0.862 0.096 0.075
4 0.898 0.793 0.090 0.054
3 0.317 0.547 0.023 0.037
3 0.385 0.489 0.015 0.027
3 0.487 0.783 0.031 0.087
3 0.672 0.643 0.022 0.051
3 0.735 0.557 0.017 0.038
13 0.969 0.396 0.061 0.024
10 0.710 0.696 0.007 0.029
11 0.649 0.758 0.038 0.047
14 0.087 0.301 0.011 0.005
14 0.114 0.300 0.010 0.005
14 0.242 0.320 0.015 0.010
14 0.368 0.316 0.018 0.007
14 0.299 0.305 0.010 0.005
14 0.440 0.317 0.022 0.010
14 0.549 0.308 0.039 0.003
14 0.697 0.297 0.047 0.008
14 0.709 0.309 0.038 0.009
14 0.602 0.225 0.006 0.023
14 0.953 0.303 0.023 0.008
14 0.989 0.396 0.022 0.014
14 0.990 0.280 0.020 0.007
9 0.536 0.715 0.027 0.033
3 0.704 0.762 0.051 0.016
