0 0.669 0.882 0.019 0.060
0 0.548 0.810 0.018 0.094
0 0.456 0.877 0.020 0.074
0 0.611 0.578 0.013 0.062
0 0.506 0.550 0.013 0.042
0 0.512 0.498 0.009 0.044
0 0.549 0.549 0.013 0.056
0 0.569 0.513 0.009 0.051
0 0.448 0.434 0.006 0.037
0 0.474 0.441 0.008 0.033
0 0.369 0.298 0.004 0.016
0 0.458 0.345 0.006 0.029
0 0.699 0.434 0.007 0.043
0 0.148 0.662 0.018 0.067
0 0.266 0.532 0.008 0.031
0 0.326 0.725 0.016 0.077
3 0.428 0.735 0.027 0.083
3 0.644 0.570 0.026 0.059
3 0.732 0.451 0.020 0.037
3 0.314 0.422 0.026 0.031
4 0.737 0.882 0.114 0.113
4 0.651 0.786 0.079 0.091
4 0.644 0.683 0.078 0.058
4 0.840 0.764 0.094 0.061
4 0.294 0.945 0.153 0.109
4 0.083 0.599 0.057 0.046
4 0.284 0.380 0.034 0.022
4 0.434 0.347 0.034 0.024
14 0.772 0.141 0.030 0.014
13 0.054 0.152 0.108 0.019
13 0.141 0.146 0.048 0.013
13 0.246 0.142 0.052 0.031
13 0.323 0.143 0.088 0.036
13 0.462 0.139 0.086 0.028
13 0.549 0.139 0.064 0.028
13 0.740 0.138 0.193 0.033
9 0.569 0.780 0.016 0.034
1 0.144 0.631 0.007 0.009
2 0.151 0.649 0.012 0.027
1 0.265 0.520 0.005 0.007
2 0.265 0.530 0.007 0.014
1 0.329 0.693 0.005 0.011
1 0.547 0.772 0.007 0.013
1 0.454 0.846 0.008 0.014
2 0.457 0.870 0.017 0.037
2 0.547 0.802 0.016 0.037
0 0.499 0.654 0.013 0.050
1 0.501 0.632 0.006 0.010
1 0.609 0.553 0.007 0.009
1 0.548 0.525 0.005 0.008
1 0.509 0.532 0.006 0.011
2 0.570 0.505 0.006 0.017
2 0.551 0.538 0.008 0.018
2 0.611 0.570 0.008 0.025
2 0.498 0.652 0.009 0.025
2 0.513 0.490 0.007 0.017
1 0.514 0.478 0.006 0.009
2 0.671 0.887 0.017 0.043
1 0.669 0.857 0.008 0.013
