7 0.360 0.718 0.120 0.131
7 0.442 0.919 0.082 0.117
7 0.654 0.640 0.178 0.203
7 0.790 0.825 0.052 0.111
7 0.949 0.764 0.101 0.150
4 0.603 0.191 0.085 0.062
4 0.593 0.327 0.096 0.097
3 0.095 0.502 0.088 0.101
3 0.192 0.471 0.074 0.095
0 0.495 0.803 0.036 0.127
0 0.216 0.141 0.016 0.064
0 0.425 0.092 0.019 0.070
0 0.489 0.134 0.020 0.066
0 0.530 0.129 0.014 0.064
0 0.513 0.052 0.020 0.046
0 0.745 0.189 0.015 0.067
0 0.813 0.231 0.016 0.067
0 0.529 0.407 0.017 0.061
0 0.543 0.361 0.033 0.064
1 0.496 0.762 0.017 0.024
2 0.493 0.792 0.014 0.040
