7 0.410 0.409 0.084 0.072
7 0.221 0.472 0.066 0.052
7 0.684 0.446 0.078 0.076
7 0.886 0.540 0.039 0.121
7 0.585 0.434 0.048 0.082
7 0.606 0.712 0.093 0.147
4 0.415 0.152 0.066 0.056
4 0.395 0.237 0.067 0.058
4 0.635 0.358 0.121 0.082
4 0.799 0.257 0.067 0.042
4 0.872 0.267 0.032 0.062
4 0.952 0.287 0.076 0.069
4 0.948 0.411 0.104 0.149
4 0.873 0.175 0.052 0.054
0 0.787 0.715 0.021 0.084
0 0.728 0.848 0.032 0.081
0 0.597 0.948 0.037 0.104
2 0.595 0.960 0.024 0.062
0 0.290 0.089 0.019 0.061
0 0.345 0.157 0.017 0.066
0 0.535 0.160 0.020 0.048
0 0.369 0.345 0.013 0.061
0 0.401 0.242 0.013 0.055
0 0.361 0.122 0.016 0.054
0 0.348 0.051 0.014 0.032
7 0.510 0.686 0.039 0.080
7 0.278 0.552 0.045 0.059
7 0.486 0.478 0.027 0.061
7 0.590 0.609 0.033 0.062
7 0.797 0.640 0.050 0.076
7 0.807 0.580 0.038 0.046
7 0.748 0.516 0.036 0.064
7 0.811 0.518 0.043 0.068
3 0.035 0.371 0.056 0.062
3 0.102 0.348 0.049 0.057
3 0.982 0.183 0.024 0.057
4 0.877 0.036 0.041 0.034
4 0.497 0.083 0.037 0.039
10 0.252 0.178 0.025 0.052
0 0.918 0.449 0.022 0.062
