0 0.376 0.931 0.041 0.121
0 0.557 0.853 0.041 0.066
0 0.892 0.684 0.043 0.068
0 0.212 0.965 0.024 0.070
0 0.073 0.800 0.037 0.069
0 0.232 0.525 0.023 0.067
0 0.312 0.586 0.025 0.074
0 0.322 0.663 0.022 0.061
0 0.321 0.467 0.021 0.038
0 0.379 0.319 0.011 0.026
0 0.401 0.342 0.013 0.021
0 0.230 0.446 0.022 0.056
0 0.201 0.468 0.023 0.060
0 0.161 0.404 0.009 0.042
0 0.156 0.378 0.017 0.017
0 0.105 0.286 0.007 0.035
0 0.116 0.270 0.012 0.023
0 0.427 0.483 0.021 0.038
1 0.067 0.773 0.008 0.012
1 0.374 0.885 0.011 0.018
1 0.206 0.939 0.012 0.018
1 0.546 0.831 0.008 0.019
1 0.879 0.672 0.009 0.020
1 0.435 0.478 0.004 0.009
1 0.309 0.554 0.009 0.012
1 0.327 0.456 0.005 0.011
1 0.403 0.335 0.004 0.005
1 0.232 0.494 0.008 0.006
1 0.227 0.424 0.004 0.008
1 0.195 0.444 0.007 0.010
1 0.154 0.372 0.005 0.006
1 0.159 0.387 0.005 0.008
1 0.104 0.272 0.003 0.006
1 0.114 0.263 0.004 0.007
2 0.561 0.850 0.018 0.042
2 0.377 0.919 0.017 0.041
2 0.322 0.658 0.013 0.026
2 0.311 0.574 0.014 0.025
2 0.232 0.515 0.014 0.028
2 0.201 0.458 0.010 0.021
2 0.321 0.459 0.011 0.016
2 0.162 0.402 0.008 0.020
2 0.072 0.794 0.018 0.026
2 0.425 0.479 0.014 0.014
2 0.379 0.318 0.007 0.013
2 0.894 0.676 0.021 0.036
3 0.223 0.794 0.057 0.113
3 0.252 0.616 0.054 0.038
3 0.697 0.773 0.065 0.067
3 0.726 0.804 0.068 0.057
4 0.610 0.815 0.114 0.182
4 0.651 0.650 0.092 0.081
4 0.506 0.751 0.084 0.110
4 0.440 0.622 0.087 0.076
4 0.355 0.655 0.046 0.074
4 0.278 0.557 0.043 0.045
4 0.279 0.721 0.093 0.078
10 0.456 0.560 0.010 0.034
14 0.808 0.189 0.085 0.039
14 0.712 0.165 0.043 0.027
14 0.660 0.146 0.036 0.025
14 0.762 0.056 0.067 0.022
14 0.893 0.058 0.108 0.023
4 0.537 0.354 0.047 0.040
4 0.499 0.341 0.034 0.045
