0 0.005 0.158 0.009 0.020
0 0.116 0.256 0.016 0.069
0 0.444 0.223 0.017 0.036
0 0.498 0.115 0.007 0.035
0 0.519 0.111 0.008 0.036
0 0.531 0.103 0.005 0.019
0 0.569 0.140 0.005 0.029
0 0.587 0.162 0.012 0.048
0 0.615 0.147 0.006 0.050
0 0.752 0.244 0.007 0.044
0 0.762 0.246 0.006 0.036
0 0.850 0.115 0.005 0.035
0 0.806 0.354 0.010 0.055
0 0.946 0.124 0.008 0.031
0 0.800 0.526 0.027 0.075
0 0.080 0.566 0.032 0.068
0 0.189 0.692 0.039 0.139
0 0.203 0.659 0.027 0.126
0 0.088 0.814 0.037 0.084
0 0.262 0.855 0.021 0.178
1 0.005 0.151 0.004 0.005
1 0.113 0.225 0.005 0.008
1 0.438 0.210 0.005 0.010
1 0.498 0.099 0.002 0.007
1 0.809 0.328 0.004 0.006
1 0.808 0.494 0.009 0.011
1 0.207 0.608 0.015 0.025
1 0.187 0.633 0.012 0.019
1 0.264 0.778 0.014 0.022
1 0.080 0.782 0.014 0.020
1 0.075 0.538 0.011 0.019
2 0.002 0.159 0.003 0.015
2 0.117 0.242 0.009 0.024
2 0.078 0.562 0.017 0.030
2 0.086 0.815 0.028 0.057
2 0.185 0.679 0.027 0.057
2 0.201 0.632 0.020 0.048
2 0.261 0.830 0.019 0.073
2 0.445 0.212 0.009 0.013
2 0.520 0.106 0.004 0.015
2 0.586 0.154 0.005 0.019
2 0.807 0.347 0.007 0.025
2 0.806 0.515 0.010 0.031
2 0.945 0.123 0.005 0.018
2 0.850 0.109 0.004 0.014
12 0.443 0.023 0.018 0.043
4 0.700 0.606 0.120 0.144
4 0.765 0.130 0.036 0.026
5 0.526 0.296 0.193 0.098
7 0.727 0.465 0.027 0.038
7 0.796 0.429 0.023 0.033
7 0.840 0.422 0.023 0.033
10 0.493 0.309 0.023 0.060
10 0.564 0.102 0.005 0.012
14 0.709 0.110 0.027 0.012
9 0.978 0.133 0.016 0.025
7 0.558 0.131 0.013 0.027
