7 0.428 0.717 0.086 0.093
7 0.470 0.832 0.057 0.096
7 0.508 0.763 0.041 0.072
7 0.565 0.775 0.028 0.099
7 0.279 0.836 0.034 0.081
7 0.327 0.697 0.041 0.073
7 0.607 0.414 0.086 0.062
4 0.217 0.528 0.053 0.052
4 0.256 0.463 0.052 0.046
4 0.635 0.553 0.032 0.052
4 0.673 0.681 0.077 0.142
4 0.708 0.578 0.064 0.060
3 0.524 0.559 0.029 0.065
4 0.574 0.549 0.058 0.053
4 0.873 0.354 0.035 0.028
0 0.156 0.430 0.010 0.042
0 0.209 0.459 0.011 0.034
0 0.169 0.546 0.017 0.064
0 0.199 0.587 0.022 0.050
14 0.050 0.031 0.012 0.007
14 0.104 0.025 0.085 0.018
14 0.234 0.032 0.012 0.008
14 0.264 0.024 0.037 0.011
14 0.320 0.021 0.041 0.008
14 0.382 0.021 0.023 0.008
14 0.484 0.020 0.011 0.006
14 0.418 0.191 0.026 0.009
4 0.643 0.270 0.016 0.026
3 0.955 0.451 0.026 0.026
3 0.753 0.498 0.021 0.050
0 0.786 0.890 0.020 0.097
1 0.790 0.850 0.009 0.015
2 0.787 0.878 0.014 0.034
0 0.626 0.778 0.016 0.031
0 0.630 0.691 0.017 0.037
1 0.629 0.769 0.007 0.012
1 0.627 0.676 0.008 0.011
2 0.626 0.776 0.010 0.017
2 0.632 0.695 0.013 0.024
2 0.098 0.534 0.005 0.013
2 0.170 0.535 0.011 0.013
2 0.158 0.426 0.008 0.013
0 0.049 0.489 0.009 0.016
0 0.098 0.527 0.011 0.030
1 0.100 0.516 0.006 0.008
1 0.163 0.529 0.003 0.006
1 0.154 0.416 0.002 0.006
1 0.051 0.491 0.003 0.006
1 0.102 0.418 0.004 0.008
0 0.102 0.425 0.007 0.025
0 0.198 0.276 0.007 0.031
0 0.302 0.241 0.005 0.025
0 0.321 0.240 0.004 0.018
1 0.302 0.232 0.003 0.004
2 0.303 0.240 0.004 0.009
0 0.230 0.380 0.008 0.022
0 0.270 0.352 0.007 0.034
1 0.198 0.265 0.004 0.006
1 0.234 0.375 0.003 0.007
1 0.271 0.338 0.003 0.007
1 0.207 0.444 0.004 0.009
2 0.198 0.275 0.004 0.010
2 0.230 0.375 0.005 0.012
2 0.271 0.350 0.005 0.015
2 0.210 0.455 0.009 0.017
4 0.356 0.411 0.034 0.039
0 0.375 0.479 0.012 0.029
0 0.387 0.475 0.008 0.032
1 0.371 0.471 0.004 0.009
2 0.376 0.473 0.007 0.013
2 0.387 0.469 0.008 0.014
0 0.618 0.256 0.006 0.007
0 0.662 0.241 0.007 0.018
0 0.674 0.254 0.006 0.021
0 0.674 0.468 0.009 0.044
0 0.670 0.413 0.011 0.027
0 0.754 0.455 0.008 0.033
0 0.764 0.455 0.006 0.033
1 0.676 0.448 0.003 0.006
2 0.675 0.465 0.007 0.021
4 0.611 0.489 0.051 0.041
4 0.397 0.619 0.096 0.084
0 0.003 0.344 0.005 0.020
0 0.810 0.573 0.009 0.039
0 0.820 0.562 0.010 0.052
0 0.841 0.535 0.009 0.029
0 0.922 0.532 0.009 0.036
1 0.815 0.557 0.004 0.008
1 0.821 0.539 0.007 0.006
1 0.842 0.526 0.006 0.011
1 0.922 0.516 0.005 0.007
2 0.808 0.569 0.007 0.019
2 0.820 0.551 0.009 0.018
2 0.839 0.534 0.009 0.013
2 0.921 0.532 0.009 0.016
