0 0.149 0.962 0.012 0.052
0 0.164 0.964 0.013 0.045
0 0.328 0.749 0.009 0.036
0 0.312 0.767 0.011 0.031
0 0.366 0.813 0.010 0.048
0 0.567 0.749 0.004 0.025
0 0.626 0.911 0.008 0.022
0 0.618 0.915 0.008 0.039
0 0.607 0.909 0.011 0.034
0 0.596 0.921 0.010 0.045
0 0.808 0.788 0.014 0.030
0 0.836 0.797 0.010 0.030
0 0.877 0.696 0.008 0.032
0 0.634 0.492 0.002 0.005
1 0.149 0.938 0.004 0.005
2 0.151 0.963 0.008 0.025
1 0.164 0.949 0.007 0.009
2 0.164 0.969 0.010 0.027
1 0.365 0.791 0.005 0.008
2 0.365 0.805 0.007 0.017
1 0.326 0.734 0.004 0.008
1 0.313 0.755 0.005 0.006
2 0.310 0.767 0.005 0.016
1 0.598 0.903 0.003 0.010
1 0.566 0.739 0.002 0.006
1 0.618 0.899 0.004 0.007
1 0.626 0.905 0.004 0.006
1 0.838 0.788 0.005 0.007
1 0.810 0.777 0.005 0.006
1 0.876 0.684 0.005 0.004
2 0.806 0.787 0.007 0.017
2 0.837 0.800 0.007 0.016
2 0.877 0.692 0.006 0.013
2 0.596 0.920 0.007 0.022
2 0.617 0.912 0.004 0.018
2 0.627 0.914 0.006 0.009
2 0.608 0.903 0.006 0.010
2 0.567 0.747 0.003 0.008
4 0.888 0.957 0.080 0.066
4 0.786 0.738 0.027 0.047
4 0.789 0.781 0.019 0.034
4 0.628 0.785 0.039 0.042
3 0.385 0.772 0.018 0.035
4 0.347 0.780 0.021 0.027
4 0.346 0.803 0.022 0.028
3 0.523 0.382 0.065 0.095
12 0.517 0.203 0.029 0.077
10 0.533 0.732 0.012 0.017
10 0.691 0.703 0.008 0.023
14 0.255 0.475 0.078 0.019
14 0.083 0.494 0.015 0.004
14 0.015 0.538 0.028 0.046
14 0.525 0.473 0.054 0.015
14 0.623 0.474 0.015 0.007
14 0.601 0.473 0.005 0.006
13 0.219 0.516 0.251 0.025
