0 0.483 0.550 0.021 0.065
0 0.561 0.559 0.014 0.060
0 0.170 0.239 0.013 0.048
0 0.155 0.234 0.011 0.038
0 0.092 0.270 0.020 0.028
0 0.229 0.384 0.025 0.029
0 0.540 0.223 0.010 0.025
0 0.582 0.223 0.007 0.030
0 0.595 0.206 0.009 0.027
0 0.539 0.082 0.007 0.023
0 0.814 0.223 0.010 0.049
0 0.873 0.239 0.009 0.053
0 0.877 0.300 0.017 0.050
0 0.942 0.218 0.009 0.026
0 0.936 0.216 0.009 0.035
1 0.092 0.263 0.005 0.006
1 0.153 0.218 0.004 0.007
1 0.167 0.218 0.005 0.005
1 0.225 0.372 0.007 0.011
1 0.541 0.215 0.004 0.006
1 0.581 0.212 0.004 0.008
1 0.597 0.198 0.004 0.006
1 0.481 0.526 0.007 0.012
1 0.562 0.534 0.007 0.010
1 0.880 0.280 0.005 0.009
1 0.875 0.218 0.005 0.006
1 0.814 0.202 0.005 0.005
1 0.938 0.203 0.003 0.006
1 0.942 0.208 0.003 0.004
2 0.483 0.545 0.011 0.026
2 0.562 0.555 0.011 0.025
2 0.093 0.276 0.009 0.017
2 0.155 0.234 0.009 0.020
2 0.171 0.231 0.010 0.016
2 0.872 0.235 0.007 0.020
2 0.814 0.217 0.009 0.015
2 0.935 0.213 0.007 0.015
2 0.582 0.227 0.007 0.018
2 0.539 0.227 0.007 0.015
3 0.967 0.271 0.032 0.037
4 0.679 0.306 0.044 0.049
4 0.927 0.427 0.039 0.063
3 0.894 0.471 0.041 0.076
3 0.847 0.267 0.040 0.051
4 0.677 0.100 0.016 0.028
4 0.536 0.175 0.036 0.029
4 0.341 0.227 0.038 0.039
4 0.444 0.150 0.020 0.055
4 0.853 0.226 0.033 0.025
5 0.218 0.780 0.181 0.426
5 0.149 0.878 0.138 0.174
5 0.147 0.724 0.210 0.134
7 0.658 0.921 0.048 0.087
7 0.802 0.928 0.112 0.103
7 0.476 0.844 0.048 0.129
7 0.615 0.668 0.048 0.053
7 0.832 0.834 0.038 0.065
9 0.534 0.182 0.015 0.012
10 0.075 0.237 0.012 0.035
10 0.254 0.284 0.011 0.031
10 0.221 0.144 0.007 0.026
10 0.280 0.116 0.008 0.016
10 0.267 0.943 0.055 0.114
5 0.072 0.339 0.026 0.082
5 0.086 0.449 0.023 0.104
5 0.118 0.448 0.024 0.133
5 0.322 0.559 0.125 0.029
