0 0.747 0.923 0.020 0.055
0 0.708 0.805 0.020 0.085
0 0.691 0.727 0.022 0.044
0 0.626 0.564 0.011 0.037
0 0.635 0.566 0.014 0.039
0 0.570 0.959 0.024 0.077
0 0.405 0.970 0.016 0.059
0 0.494 0.925 0.033 0.062
0 0.427 0.497 0.023 0.045
0 0.400 0.471 0.015 0.055
0 0.471 0.283 0.010 0.037
0 0.526 0.332 0.010 0.033
0 0.264 0.290 0.010 0.044
0 0.249 0.325 0.010 0.025
0 0.211 0.438 0.012 0.052
0 0.182 0.449 0.015 0.037
0 0.061 0.252 0.010 0.036
0 0.296 0.196 0.006 0.040
0 0.306 0.192 0.007 0.033
0 0.311 0.126 0.005 0.025
0 0.342 0.147 0.006 0.026
0 0.321 0.241 0.011 0.024
0 0.361 0.174 0.008 0.037
0 0.370 0.150 0.007 0.029
0 0.452 0.165 0.005 0.027
0 0.839 0.171 0.009 0.035
0 0.940 0.312 0.012 0.035
0 0.774 0.390 0.010 0.056
0 0.793 0.390 0.010 0.032
3 0.917 0.542 0.031 0.077
3 0.588 0.621 0.040 0.088
3 0.752 0.189 0.014 0.036
3 0.631 0.257 0.009 0.041
3 0.085 0.517 0.044 0.039
4 0.789 0.813 0.088 0.099
4 0.818 0.931 0.118 0.138
4 0.852 0.676 0.103 0.103
4 0.748 0.625 0.038 0.049
4 0.779 0.511 0.051 0.062
4 0.406 0.753 0.128 0.133
4 0.185 0.553 0.061 0.070
4 0.387 0.382 0.043 0.051
4 0.807 0.174 0.034 0.019
10 0.064 0.464 0.031 0.052
4 0.263 0.447 0.059 0.051
9 0.715 0.742 0.020 0.030
7 0.107 0.797 0.152 0.150
7 0.093 0.910 0.121 0.079
7 0.291 0.872 0.051 0.099
7 0.403 0.897 0.095 0.121
2 0.179 0.449 0.009 0.016
2 0.401 0.467 0.012 0.019
1 0.404 0.956 0.011 0.020
2 0.407 0.981 0.020 0.038
2 0.570 0.947 0.014 0.030
1 0.565 0.927 0.014 0.018
1 0.745 0.901 0.012 0.014
1 0.720 0.771 0.010 0.016
1 0.700 0.715 0.007 0.013
2 0.689 0.731 0.021 0.026
2 0.709 0.793 0.014 0.042
2 0.748 0.930 0.018 0.038
1 0.182 0.435 0.005 0.006
1 0.398 0.452 0.006 0.013
1 0.418 0.483 0.005 0.009
1 0.210 0.417 0.006 0.009
10 0.311 0.270 0.011 0.031
