0 0.158 0.664 0.024 0.069
0 0.712 0.728 0.026 0.119
0 0.879 0.808 0.051 0.099
0 0.166 0.451 0.019 0.090
0 0.208 0.260 0.012 0.033
0 0.388 0.388 0.021 0.075
0 0.381 0.222 0.010 0.046
0 0.372 0.221 0.011 0.049
0 0.584 0.266 0.014 0.025
12 0.160 0.106 0.030 0.056
4 0.993 0.228 0.014 0.034
5 0.524 0.467 0.179 0.088
5 0.721 0.456 0.037 0.224
5 0.324 0.447 0.049 0.140
5 0.322 0.238 0.021 0.061
5 0.341 0.331 0.013 0.082
5 0.399 0.466 0.058 0.127
5 0.050 0.456 0.099 0.112
5 0.086 0.475 0.130 0.114
5 0.168 0.435 0.097 0.186
10 0.096 0.213 0.011 0.036
10 0.820 0.526 0.026 0.093
7 0.946 0.511 0.027 0.035
7 0.877 0.542 0.027 0.049
7 0.495 0.195 0.017 0.032
7 0.372 0.298 0.032 0.031
7 0.375 0.328 0.040 0.025
1 0.901 0.783 0.011 0.023
1 0.710 0.673 0.011 0.013
2 0.878 0.786 0.027 0.048
2 0.712 0.715 0.015 0.045
1 0.928 0.516 0.006 0.012
2 0.922 0.534 0.010 0.027
1 0.154 0.636 0.011 0.019
1 0.388 0.356 0.008 0.013
1 0.165 0.415 0.013 0.010
2 0.164 0.443 0.016 0.035
2 0.387 0.382 0.013 0.028
2 0.372 0.213 0.009 0.019
1 0.210 0.245 0.005 0.007
1 0.370 0.197 0.005 0.007
1 0.586 0.258 0.005 0.010
12 0.481 0.036 0.016 0.034
