0 0.398 0.638 0.031 0.136
0 0.227 0.476 0.034 0.092
0 0.255 0.437 0.028 0.118
0 0.230 0.399 0.029 0.110
0 0.302 0.282 0.021 0.100
0 0.323 0.268 0.022 0.036
0 0.081 0.279 0.026 0.099
0 0.175 0.271 0.026 0.046
0 0.039 0.053 0.017 0.062
0 0.109 0.083 0.018 0.072
0 0.716 0.479 0.021 0.125
0 0.790 0.433 0.041 0.109
0 0.690 0.100 0.012 0.051
0 0.720 0.087 0.014 0.048
3 0.468 0.865 0.115 0.178
3 0.076 0.581 0.106 0.101
3 0.233 0.613 0.101 0.130
4 0.325 0.713 0.167 0.207
4 0.636 0.252 0.084 0.091
4 0.436 0.400 0.092 0.078
10 0.043 0.461 0.067 0.136
1 0.394 0.585 0.012 0.025
1 0.220 0.440 0.011 0.016
1 0.249 0.388 0.011 0.016
1 0.225 0.352 0.011 0.016
2 0.718 0.464 0.016 0.045
2 0.790 0.416 0.015 0.043
2 0.228 0.385 0.018 0.043
2 0.251 0.423 0.016 0.050
2 0.230 0.472 0.025 0.054
2 0.305 0.269 0.011 0.037
1 0.720 0.424 0.010 0.012
1 0.791 0.389 0.010 0.016
1 0.174 0.256 0.009 0.014
1 0.302 0.240 0.008 0.012
1 0.329 0.262 0.007 0.014
1 0.107 0.053 0.007 0.009
1 0.075 0.238 0.010 0.013
1 0.594 0.987 0.022 0.026
2 0.398 0.614 0.024 0.044
2 0.038 0.045 0.011 0.024
2 0.108 0.074 0.012 0.028
2 0.079 0.263 0.020 0.032
2 0.176 0.276 0.015 0.029
