0 0.607 0.406 0.024 0.081
0 0.641 0.414 0.033 0.093
0 0.814 0.460 0.023 0.076
0 0.663 0.096 0.014 0.073
0 0.680 0.131 0.013 0.067
0 0.854 0.120 0.015 0.054
0 0.060 0.353 0.020 0.085
0 0.050 0.250 0.021 0.075
0 0.040 0.172 0.018 0.062
0 0.263 0.167 0.022 0.072
0 0.327 0.172 0.017 0.046
3 0.904 0.649 0.089 0.105
4 0.891 0.454 0.131 0.136
4 0.123 0.189 0.111 0.076
4 0.247 0.094 0.063 0.047
1 0.607 0.373 0.010 0.014
1 0.253 0.139 0.005 0.010
1 0.322 0.155 0.005 0.009
1 0.058 0.323 0.010 0.014
1 0.045 0.219 0.008 0.013
1 0.037 0.154 0.008 0.012
1 0.813 0.433 0.008 0.016
7 0.504 0.549 0.110 0.117
7 0.362 0.578 0.084 0.111
7 0.606 0.634 0.060 0.102
7 0.697 0.631 0.061 0.119
7 0.692 0.734 0.054 0.100
7 0.686 0.831 0.086 0.116
7 0.365 0.881 0.057 0.129
7 0.091 0.572 0.177 0.179
7 0.791 0.630 0.090 0.176
2 0.048 0.242 0.015 0.032
