0 0.121 0.826 0.010 0.035
0 0.180 0.774 0.009 0.042
0 0.794 0.887 0.011 0.051
0 0.694 0.690 0.007 0.026
0 0.661 0.790 0.010 0.028
3 0.933 0.939 0.037 0.056
3 0.726 0.795 0.027 0.041
12 0.462 0.462 0.097 0.179
12 0.561 0.250 0.029 0.061
12 0.809 0.617 0.008 0.016
4 0.700 0.941 0.058 0.048
4 0.464 0.789 0.041 0.048
10 0.370 0.745 0.011 0.021
10 0.526 0.705 0.009 0.018
14 0.364 0.483 0.067 0.015
14 0.064 0.484 0.115 0.024
13 0.034 0.531 0.067 0.023
13 0.146 0.526 0.131 0.021
13 0.626 0.502 0.037 0.012
13 0.555 0.505 0.073 0.016
13 0.406 0.514 0.188 0.026
13 0.697 0.498 0.071 0.034
13 0.810 0.499 0.134 0.032
13 0.914 0.505 0.034 0.039
2 0.121 0.826 0.008 0.021
1 0.120 0.812 0.004 0.006
2 0.183 0.765 0.007 0.016
2 0.796 0.882 0.008 0.020
2 0.788 0.889 0.010 0.022
2 0.796 0.864 0.007 0.013
1 0.791 0.868 0.004 0.007
1 0.661 0.779 0.005 0.006
2 0.661 0.791 0.005 0.016
2 0.694 0.688 0.005 0.012
