0 0.400 0.735 0.042 0.135
0 0.379 0.643 0.033 0.073
0 0.624 0.458 0.021 0.067
0 0.574 0.410 0.014 0.081
0 0.480 0.295 0.009 0.040
0 0.326 0.407 0.017 0.069
0 0.313 0.406 0.022 0.046
0 0.217 0.389 0.016 0.074
0 0.195 0.384 0.022 0.042
0 0.269 0.121 0.009 0.039
0 0.913 0.563 0.021 0.073
0 0.786 0.106 0.009 0.032
0 0.954 0.273 0.016 0.056
1 0.405 0.678 0.013 0.023
1 0.367 0.615 0.010 0.018
1 0.572 0.374 0.006 0.009
1 0.616 0.430 0.006 0.010
1 0.213 0.359 0.006 0.012
1 0.321 0.378 0.007 0.013
1 0.918 0.534 0.008 0.014
2 0.392 0.718 0.021 0.063
2 0.384 0.624 0.021 0.027
2 0.575 0.398 0.010 0.027
2 0.627 0.443 0.014 0.028
2 0.327 0.392 0.011 0.028
2 0.312 0.392 0.011 0.019
2 0.215 0.378 0.013 0.030
2 0.198 0.380 0.014 0.025
3 0.337 0.567 0.054 0.075
3 0.220 0.575 0.070 0.069
3 0.686 0.168 0.024 0.040
4 0.421 0.594 0.129 0.082
4 0.511 0.325 0.053 0.051
4 0.742 0.103 0.021 0.031
7 0.591 0.934 0.147 0.133
4 0.927 0.810 0.145 0.183
10 0.145 0.504 0.036 0.070
10 0.332 0.207 0.011 0.026
