0 0.035 0.908 0.009 0.051
0 0.047 0.911 0.014 0.052
0 0.094 0.880 0.012 0.060
0 0.085 0.833 0.011 0.038
0 0.407 0.944 0.011 0.068
0 0.419 0.957 0.012 0.074
0 0.564 0.752 0.007 0.038
0 0.820 0.774 0.006 0.022
0 0.897 0.967 0.012 0.034
0 0.883 0.965 0.013 0.039
0 0.873 0.956 0.011 0.039
0 0.854 0.963 0.013 0.037
0 0.861 0.961 0.011 0.041
0 0.905 0.496 0.003 0.008
0 0.890 0.495 0.002 0.008
0 0.613 0.819 0.010 0.048
0 0.625 0.760 0.006 0.021
0 0.631 0.752 0.006 0.019
1 0.036 0.889 0.005 0.007
2 0.035 0.902 0.007 0.019
1 0.048 0.888 0.007 0.008
2 0.047 0.904 0.008 0.020
1 0.094 0.860 0.007 0.007
2 0.094 0.874 0.007 0.018
1 0.084 0.816 0.006 0.006
2 0.086 0.828 0.009 0.016
0 0.554 0.769 0.010 0.033
1 0.555 0.758 0.004 0.008
2 0.553 0.768 0.006 0.018
1 0.613 0.802 0.005 0.006
2 0.613 0.815 0.005 0.020
1 0.623 0.754 0.003 0.005
2 0.628 0.762 0.006 0.013
1 0.630 0.745 0.003 0.008
1 0.820 0.765 0.002 0.005
1 0.851 0.947 0.005 0.009
1 0.863 0.947 0.004 0.008
1 0.882 0.949 0.005 0.007
1 0.897 0.954 0.005 0.008
2 0.887 0.958 0.007 0.011
2 0.896 0.962 0.007 0.008
2 0.857 0.965 0.006 0.013
2 0.409 0.935 0.009 0.026
2 0.418 0.944 0.007 0.025
1 0.407 0.913 0.005 0.006
1 0.418 0.925 0.007 0.012
4 0.590 0.783 0.024 0.029
4 0.590 0.808 0.028 0.033
3 0.627 0.779 0.018 0.026
4 0.895 0.820 0.048 0.039
3 0.758 0.378 0.044 0.101
12 0.742 0.177 0.012 0.062
10 0.785 0.755 0.015 0.025
10 0.977 0.734 0.012 0.026
14 0.299 0.544 0.023 0.042
14 0.245 0.485 0.024 0.009
14 0.175 0.485 0.021 0.009
14 0.354 0.504 0.011 0.008
14 0.482 0.484 0.042 0.008
14 0.529 0.484 0.023 0.010
14 0.433 0.487 0.018 0.011
14 0.777 0.478 0.062 0.013
14 0.893 0.476 0.015 0.008
13 0.473 0.519 0.197 0.011
