0 0.448 0.093 0.016 0.072
0 0.495 0.101 0.016 0.045
0 0.459 0.511 0.031 0.076
0 0.917 0.603 0.039 0.075
0 0.740 0.326 0.021 0.101
0 0.995 0.042 0.010 0.045
3 0.515 0.961 0.134 0.078
3 0.739 0.901 0.095 0.158
3 0.224 0.579 0.093 0.076
3 0.225 0.514 0.098 0.054
3 0.935 0.719 0.129 0.186
4 0.088 0.926 0.175 0.148
4 0.375 0.524 0.166 0.162
4 0.478 0.721 0.158 0.136
4 0.516 0.850 0.058 0.123
4 0.823 0.917 0.048 0.151
4 0.861 0.409 0.186 0.161
10 0.429 0.148 0.016 0.056
7 0.460 0.349 0.080 0.120
7 0.529 0.317 0.042 0.084
7 0.511 0.275 0.037 0.067
7 0.494 0.254 0.032 0.051
7 0.690 0.312 0.097 0.090
7 0.773 0.289 0.071 0.056
7 0.796 0.212 0.039 0.049
7 0.837 0.128 0.038 0.048
7 0.646 0.140 0.029 0.045
7 0.638 0.185 0.034 0.056
7 0.573 0.178 0.016 0.054
9 0.642 0.744 0.040 0.081
2 0.915 0.613 0.031 0.052
1 0.926 0.579 0.015 0.019
1 0.746 0.282 0.008 0.012
1 0.995 0.028 0.009 0.014
2 0.742 0.312 0.018 0.041
