0 0.761 0.945 0.021 0.110
0 0.639 0.908 0.016 0.073
0 0.706 0.593 0.023 0.040
0 0.772 0.583 0.009 0.056
0 0.696 0.697 0.017 0.044
0 0.728 0.528 0.012 0.058
0 0.692 0.456 0.005 0.019
0 0.682 0.457 0.009 0.045
0 0.680 0.360 0.005 0.025
0 0.558 0.360 0.008 0.010
0 0.593 0.309 0.005 0.013
0 0.484 0.325 0.005 0.017
0 0.484 0.311 0.005 0.013
0 0.502 0.286 0.004 0.021
0 0.170 0.354 0.010 0.022
0 0.131 0.660 0.008 0.063
0 0.118 0.659 0.017 0.041
0 0.095 0.664 0.018 0.033
0 0.048 0.669 0.019 0.040
0 0.036 0.637 0.018 0.045
0 0.017 0.627 0.021 0.043
0 0.196 0.771 0.016 0.076
0 0.077 0.835 0.019 0.082
0 0.104 0.886 0.016 0.091
0 0.895 0.633 0.012 0.071
0 0.520 0.719 0.014 0.060
3 0.868 0.623 0.029 0.068
3 0.620 0.758 0.030 0.088
3 0.530 0.431 0.026 0.035
4 0.191 0.670 0.087 0.058
4 0.484 0.938 0.118 0.122
4 0.943 0.951 0.114 0.092
4 0.865 0.750 0.088 0.063
4 0.354 0.345 0.026 0.022
4 0.505 0.387 0.037 0.031
4 0.736 0.474 0.037 0.030
4 0.748 0.625 0.052 0.050
4 0.138 0.802 0.088 0.057
4 0.317 0.576 0.055 0.047
13 0.396 0.158 0.036 0.019
13 0.283 0.165 0.170 0.031
13 0.163 0.175 0.058 0.018
13 0.099 0.175 0.030 0.023
13 0.034 0.181 0.068 0.022
13 0.701 0.143 0.083 0.017
14 0.690 0.157 0.063 0.012
13 0.563 0.152 0.084 0.023
13 0.492 0.152 0.044 0.022
13 0.800 0.149 0.071 0.032
9 0.769 0.835 0.020 0.037
0 0.371 0.654 0.015 0.038
1 0.029 0.618 0.007 0.015
2 0.038 0.632 0.010 0.023
2 0.018 0.625 0.016 0.030
2 0.044 0.661 0.012 0.021
1 0.054 0.651 0.007 0.011
1 0.102 0.651 0.005 0.010
1 0.192 0.738 0.008 0.013
2 0.196 0.756 0.015 0.029
2 0.121 0.658 0.010 0.024
2 0.092 0.653 0.012 0.018
1 0.074 0.803 0.011 0.013
1 0.105 0.847 0.010 0.014
2 0.078 0.820 0.017 0.032
1 0.764 0.901 0.010 0.015
1 0.642 0.881 0.011 0.014
2 0.519 0.712 0.013 0.021
2 0.640 0.907 0.017 0.042
2 0.762 0.933 0.023 0.045
1 0.694 0.683 0.008 0.014
1 0.712 0.577 0.005 0.007
2 0.771 0.576 0.008 0.020
2 0.704 0.584 0.014 0.013
1 0.894 0.605 0.006 0.013
10 0.818 0.686 0.018 0.036
4 0.761 0.733 0.037 0.066
3 0.680 0.656 0.057 0.039
3 0.985 0.502 0.027 0.047
4 0.865 0.869 0.082 0.095
1 0.367 0.641 0.005 0.012
2 0.375 0.651 0.010 0.020
