0 0.061 0.916 0.023 0.043
0 0.153 0.731 0.010 0.042
0 0.203 0.977 0.020 0.047
0 0.296 0.820 0.012 0.038
0 0.703 0.917 0.022 0.075
0 0.658 0.792 0.010 0.043
0 0.665 0.776 0.011 0.040
0 0.713 0.850 0.010 0.057
0 0.702 0.853 0.011 0.052
0 0.799 0.890 0.023 0.046
0 0.633 0.682 0.008 0.031
0 0.625 0.691 0.008 0.029
1 0.068 0.900 0.005 0.009
1 0.202 0.964 0.006 0.008
1 0.153 0.715 0.004 0.006
1 0.296 0.806 0.003 0.005
1 0.622 0.679 0.003 0.005
1 0.631 0.673 0.003 0.005
1 0.657 0.781 0.005 0.007
1 0.662 0.766 0.004 0.009
1 0.701 0.833 0.006 0.007
1 0.711 0.827 0.004 0.009
1 0.704 0.886 0.006 0.007
1 0.806 0.878 0.003 0.009
1 0.911 0.903 0.007 0.009
2 0.058 0.915 0.014 0.031
2 0.154 0.725 0.006 0.015
2 0.201 0.987 0.012 0.025
2 0.624 0.686 0.004 0.012
2 0.631 0.682 0.005 0.012
2 0.657 0.793 0.007 0.016
2 0.666 0.774 0.007 0.014
2 0.702 0.847 0.009 0.020
2 0.703 0.908 0.010 0.025
4 0.857 0.751 0.024 0.031
4 0.521 0.754 0.029 0.032
4 0.451 0.718 0.030 0.032
4 0.279 0.686 0.026 0.025
4 0.270 0.936 0.058 0.045
5 0.138 0.829 0.117 0.080
9 0.638 0.786 0.030 0.027
10 0.126 0.841 0.015 0.039
10 0.124 0.688 0.007 0.023
12 0.594 0.232 0.037 0.064
12 0.650 0.369 0.012 0.017
