0 0.254 0.667 0.022 0.092
0 0.383 0.741 0.020 0.083
0 0.568 0.559 0.029 0.061
0 0.570 0.515 0.021 0.048
0 0.536 0.509 0.022 0.049
0 0.777 0.456 0.024 0.073
0 0.806 0.471 0.031 0.050
0 0.725 0.311 0.009 0.039
0 0.982 0.273 0.013 0.056
0 0.876 0.205 0.015 0.023
0 0.682 0.124 0.007 0.037
0 0.667 0.103 0.007 0.015
0 0.625 0.094 0.007 0.021
0 0.517 0.331 0.008 0.042
0 0.538 0.280 0.010 0.034
0 0.327 0.423 0.014 0.074
0 0.205 0.161 0.010 0.038
0 0.240 0.210 0.009 0.029
0 0.201 0.137 0.007 0.017
1 0.383 0.706 0.010 0.013
1 0.253 0.631 0.009 0.016
1 0.326 0.391 0.006 0.007
1 0.544 0.491 0.006 0.012
1 0.569 0.496 0.007 0.014
1 0.556 0.537 0.007 0.013
1 0.786 0.426 0.007 0.013
1 0.818 0.453 0.006 0.013
2 0.250 0.661 0.012 0.038
2 0.379 0.732 0.012 0.032
2 0.328 0.413 0.010 0.026
2 0.534 0.502 0.015 0.023
2 0.570 0.545 0.017 0.023
2 0.574 0.517 0.008 0.028
2 0.779 0.444 0.013 0.027
2 0.809 0.461 0.015 0.015
2 0.982 0.264 0.010 0.017
3 0.925 0.669 0.075 0.039
3 0.625 0.718 0.036 0.105
3 0.672 0.194 0.016 0.036
3 0.714 0.663 0.037 0.076
4 0.804 0.669 0.139 0.059
4 0.645 0.374 0.056 0.037
4 0.567 0.148 0.025 0.029
4 0.349 0.120 0.026 0.031
10 0.509 0.653 0.011 0.091
