0 0.065 0.548 0.009 0.033
0 0.046 0.563 0.008 0.037
0 0.055 0.563 0.008 0.044
0 0.248 0.841 0.012 0.039
0 0.244 0.896 0.019 0.031
0 0.218 0.834 0.011 0.050
0 0.281 0.782 0.008 0.027
0 0.030 0.990 0.013 0.021
0 0.696 0.966 0.011 0.060
0 0.663 0.925 0.012 0.038
0 0.666 0.864 0.011 0.030
0 0.739 0.857 0.017 0.046
0 0.647 0.853 0.011 0.019
0 0.652 0.835 0.011 0.015
0 0.597 0.802 0.009 0.027
0 0.593 0.748 0.010 0.021
0 0.558 0.710 0.010 0.020
0 0.491 0.513 0.003 0.009
0 0.569 0.522 0.005 0.010
0 0.606 0.526 0.004 0.006
0 0.631 0.525 0.004 0.013
0 0.636 0.527 0.007 0.013
0 0.813 0.871 0.014 0.027
0 0.918 0.952 0.016 0.065
0 0.604 0.680 0.007 0.023
1 0.047 0.549 0.005 0.004
1 0.055 0.546 0.005 0.007
1 0.064 0.536 0.004 0.005
2 0.046 0.564 0.007 0.017
2 0.056 0.559 0.007 0.016
2 0.065 0.545 0.004 0.011
2 0.247 0.838 0.007 0.017
2 0.281 0.780 0.004 0.011
1 0.220 0.817 0.004 0.011
1 0.249 0.825 0.005 0.004
1 0.281 0.772 0.003 0.004
2 0.217 0.825 0.005 0.015
2 0.558 0.709 0.004 0.008
2 0.593 0.746 0.004 0.009
1 0.557 0.703 0.002 0.005
1 0.595 0.740 0.002 0.004
2 0.596 0.803 0.006 0.013
1 0.598 0.795 0.003 0.006
2 0.666 0.865 0.007 0.014
1 0.649 0.849 0.003 0.006
2 0.649 0.837 0.005 0.011
1 0.653 0.833 0.004 0.006
2 0.645 0.849 0.005 0.009
1 0.666 0.854 0.003 0.005
1 0.666 0.914 0.005 0.007
2 0.662 0.928 0.008 0.019
1 0.698 0.946 0.005 0.010
2 0.697 0.961 0.007 0.021
2 0.738 0.850 0.007 0.016
1 0.735 0.838 0.004 0.006
1 0.809 0.863 0.003 0.005
2 0.815 0.872 0.007 0.015
1 0.917 0.928 0.007 0.008
2 0.918 0.945 0.009 0.022
1 0.244 0.886 0.005 0.006
2 0.239 0.893 0.006 0.012
1 0.638 0.524 0.003 0.005
1 0.631 0.522 0.002 0.004
1 0.569 0.518 0.003 0.004
2 0.569 0.523 0.004 0.005
2 0.631 0.527 0.003 0.006
2 0.635 0.528 0.003 0.006
4 0.683 0.782 0.026 0.039
7 0.704 0.789 0.013 0.027
7 0.561 0.768 0.032 0.027
6 0.684 0.524 0.024 0.017
3 0.470 0.748 0.128 0.148
12 0.120 0.184 0.007 0.028
12 0.268 0.283 0.006 0.019
12 0.464 0.435 0.030 0.118
11 0.629 0.824 0.030 0.033
10 0.493 0.969 0.017 0.046
14 0.300 0.538 0.053 0.114
14 0.096 0.518 0.022 0.018
14 0.123 0.520 0.025 0.014
14 0.015 0.521 0.018 0.014
14 0.041 0.522 0.028 0.019
14 0.090 0.547 0.020 0.012
14 0.108 0.544 0.014 0.008
14 0.264 0.558 0.017 0.023
14 0.713 0.514 0.046 0.017
14 0.655 0.508 0.010 0.007
14 0.921 0.491 0.032 0.012
14 0.994 0.490 0.012 0.014
13 0.188 0.566 0.128 0.043
13 0.765 0.541 0.125 0.018
