0 0.600 0.563 0.040 0.134
0 0.496 0.495 0.028 0.109
0 0.491 0.199 0.032 0.085
0 0.632 0.450 0.023 0.054
0 0.184 0.059 0.020 0.054
0 0.587 0.033 0.027 0.062
1 0.498 0.453 0.014 0.025
1 0.610 0.513 0.017 0.025
1 0.629 0.452 0.009 0.027
1 0.490 0.165 0.012 0.019
2 0.498 0.499 0.025 0.061
2 0.598 0.556 0.026 0.079
2 0.489 0.204 0.020 0.054
2 0.586 0.017 0.016 0.034
2 0.183 0.060 0.016 0.022
3 0.236 0.360 0.076 0.178
4 0.194 0.856 0.232 0.288
4 0.554 0.219 0.102 0.080
4 0.525 0.042 0.065 0.079
10 0.295 0.603 0.032 0.104
