0 0.508 0.454 0.023 0.051
0 0.678 0.241 0.012 0.016
0 0.815 0.344 0.010 0.036
0 0.637 0.666 0.030 0.127
0 0.600 0.635 0.025 0.109
0 0.413 0.912 0.034 0.133
1 0.500 0.436 0.006 0.013
1 0.416 0.859 0.014 0.027
1 0.604 0.588 0.009 0.016
1 0.645 0.610 0.013 0.019
1 0.817 0.330 0.003 0.008
1 0.681 0.235 0.005 0.007
2 0.415 0.895 0.026 0.057
2 0.603 0.617 0.015 0.043
2 0.642 0.643 0.018 0.041
2 0.510 0.441 0.015 0.026
2 0.815 0.346 0.005 0.016
4 0.168 0.934 0.215 0.133
7 0.148 0.551 0.082 0.110
7 0.212 0.579 0.050 0.075
7 0.280 0.547 0.041 0.083
7 0.320 0.532 0.039 0.062
7 0.259 0.604 0.045 0.074
7 0.258 0.702 0.086 0.149
7 0.391 0.804 0.058 0.129
7 0.520 0.591 0.038 0.093
7 0.521 0.565 0.084 0.071
7 0.634 0.572 0.036 0.075
7 0.605 0.798 0.047 0.097
13 0.042 0.128 0.076 0.040
13 0.121 0.105 0.079 0.035
13 0.191 0.062 0.111 0.034
13 0.323 0.039 0.145 0.053
10 0.452 0.424 0.021 0.057
14 0.149 0.070 0.014 0.017
14 0.252 0.037 0.012 0.016
14 0.353 0.012 0.057 0.023
14 0.623 0.091 0.023 0.040
14 0.458 0.397 0.025 0.019
