0 0.009 0.552 0.008 0.037
0 0.044 0.550 0.012 0.038
0 0.164 0.533 0.008 0.021
0 0.187 0.822 0.019 0.036
0 0.232 0.887 0.016 0.025
0 0.237 0.835 0.010 0.048
0 0.422 0.759 0.008 0.039
0 0.396 0.692 0.004 0.025
0 0.451 0.704 0.005 0.021
0 0.464 0.708 0.004 0.012
0 0.446 0.702 0.006 0.013
0 0.554 0.515 0.005 0.012
0 0.588 0.521 0.003 0.005
0 0.596 0.521 0.004 0.008
0 0.604 0.521 0.005 0.010
0 0.618 0.522 0.005 0.009
0 0.547 0.709 0.008 0.025
0 0.575 0.755 0.008 0.022
0 0.587 0.797 0.014 0.020
0 0.649 0.918 0.014 0.031
0 0.685 0.934 0.009 0.055
0 0.657 0.859 0.011 0.031
0 0.636 0.847 0.013 0.022
0 0.640 0.830 0.014 0.015
0 0.800 0.865 0.015 0.025
0 0.788 0.829 0.011 0.034
0 0.831 0.987 0.016 0.024
1 0.010 0.538 0.005 0.006
1 0.043 0.534 0.004 0.006
2 0.044 0.550 0.008 0.018
2 0.009 0.553 0.005 0.019
1 0.163 0.526 0.005 0.005
2 0.164 0.536 0.004 0.013
1 0.232 0.876 0.005 0.007
2 0.228 0.883 0.007 0.011
1 0.192 0.813 0.004 0.008
2 0.185 0.815 0.008 0.010
1 0.238 0.816 0.005 0.006
2 0.237 0.830 0.005 0.017
1 0.423 0.742 0.005 0.006
2 0.423 0.752 0.004 0.013
1 0.397 0.681 0.003 0.005
2 0.397 0.688 0.003 0.007
2 0.451 0.704 0.003 0.009
2 0.464 0.710 0.002 0.007
1 0.465 0.704 0.003 0.006
1 0.445 0.699 0.002 0.007
1 0.549 0.701 0.002 0.005
2 0.546 0.705 0.005 0.008
1 0.578 0.746 0.003 0.005
2 0.576 0.756 0.004 0.012
2 0.584 0.798 0.005 0.017
2 0.658 0.861 0.005 0.017
1 0.658 0.848 0.004 0.006
1 0.637 0.841 0.004 0.008
1 0.641 0.826 0.004 0.005
2 0.637 0.831 0.006 0.008
2 0.633 0.842 0.005 0.009
2 0.648 0.920 0.008 0.017
2 0.685 0.929 0.008 0.024
1 0.651 0.906 0.005 0.008
1 0.687 0.912 0.005 0.008
1 0.788 0.816 0.005 0.006
1 0.797 0.858 0.004 0.005
2 0.802 0.866 0.008 0.014
2 0.790 0.829 0.007 0.015
4 0.668 0.776 0.026 0.044
7 0.689 0.784 0.014 0.026
7 0.551 0.760 0.035 0.022
6 0.673 0.517 0.021 0.019
3 0.454 0.591 0.121 0.143
12 0.453 0.288 0.029 0.125
12 0.480 0.014 0.024 0.027
12 0.257 0.274 0.005 0.022
12 0.108 0.170 0.008 0.034
11 0.614 0.816 0.035 0.040
10 0.479 0.962 0.018 0.041
14 0.289 0.535 0.049 0.119
14 0.252 0.553 0.030 0.032
14 0.083 0.512 0.022 0.019
14 0.110 0.509 0.028 0.014
14 0.077 0.535 0.020 0.011
14 0.095 0.534 0.015 0.013
14 0.031 0.512 0.026 0.013
14 0.698 0.508 0.047 0.014
14 0.643 0.503 0.010 0.010
13 0.158 0.565 0.108 0.027
13 0.728 0.537 0.151 0.024
