0 0.230 0.966 0.026 0.068
0 0.012 0.532 0.017 0.059
0 0.016 0.198 0.011 0.041
0 0.005 0.191 0.009 0.039
0 0.126 0.233 0.012 0.036
0 0.052 0.335 0.015 0.021
0 0.156 0.130 0.008 0.032
0 0.219 0.481 0.019 0.035
0 0.267 0.497 0.016 0.046
0 0.407 0.832 0.021 0.078
0 0.489 0.901 0.026 0.097
0 0.618 0.867 0.024 0.062
0 0.555 0.693 0.021 0.048
0 0.478 0.547 0.009 0.039
0 0.468 0.539 0.013 0.045
0 0.629 0.362 0.011 0.048
0 0.734 0.646 0.021 0.075
0 0.841 0.569 0.017 0.043
0 0.832 0.603 0.021 0.037
0 0.845 0.531 0.015 0.033
0 0.895 0.487 0.015 0.049
0 0.733 0.430 0.011 0.053
0 0.744 0.423 0.011 0.052
0 0.823 0.337 0.016 0.060
3 0.907 0.351 0.027 0.050
3 0.740 0.482 0.022 0.056
3 0.448 0.613 0.042 0.099
3 0.572 0.158 0.016 0.033
3 0.463 0.231 0.020 0.043
3 0.516 0.590 0.070 0.063
3 0.545 0.537 0.018 0.037
3 0.547 0.503 0.047 0.053
4 0.649 0.748 0.072 0.098
4 0.686 0.890 0.117 0.153
4 0.894 0.794 0.132 0.104
4 0.694 0.614 0.072 0.055
4 0.606 0.591 0.047 0.082
4 0.624 0.470 0.058 0.054
4 0.648 0.294 0.024 0.038
4 0.270 0.766 0.142 0.116
4 0.086 0.473 0.072 0.049
4 0.026 0.610 0.051 0.066
4 0.221 0.373 0.052 0.056
4 0.461 0.164 0.028 0.025
9 0.578 0.694 0.020 0.034
7 0.531 0.977 0.049 0.045
7 0.289 0.928 0.106 0.134
7 0.160 0.926 0.063 0.114
1 0.007 0.509 0.010 0.015
2 0.011 0.528 0.012 0.028
1 0.226 0.941 0.013 0.017
1 0.403 0.804 0.010 0.015
1 0.492 0.860 0.010 0.016
2 0.229 0.974 0.022 0.046
2 0.406 0.832 0.012 0.043
2 0.489 0.887 0.016 0.040
1 0.610 0.844 0.005 0.016
1 0.561 0.677 0.007 0.013
1 0.740 0.619 0.007 0.017
2 0.736 0.641 0.021 0.035
2 0.621 0.865 0.016 0.038
2 0.552 0.692 0.019 0.031
2 0.478 0.548 0.007 0.024
1 0.476 0.531 0.006 0.008
1 0.472 0.522 0.006 0.009
