7 0.317 0.594 0.118 0.103
7 0.561 0.513 0.124 0.143
7 0.397 0.731 0.059 0.088
7 0.625 0.627 0.139 0.100
7 0.801 0.584 0.075 0.100
7 0.938 0.599 0.111 0.137
7 0.854 0.857 0.062 0.102
3 0.083 0.444 0.075 0.094
3 0.164 0.422 0.060 0.106
4 0.521 0.178 0.082 0.072
4 0.522 0.279 0.072 0.071
4 0.841 0.466 0.163 0.149
3 0.978 0.330 0.036 0.103
0 0.144 0.198 0.025 0.056
0 0.369 0.179 0.018 0.075
0 0.456 0.128 0.013 0.064
0 0.605 0.181 0.014 0.046
0 0.676 0.173 0.016 0.058
0 0.491 0.280 0.019 0.073
0 0.459 0.324 0.013 0.038
0 0.373 0.909 0.023 0.127
1 0.369 0.870 0.011 0.040
2 0.374 0.901 0.023 0.046
