0 0.036 0.819 0.033 0.046
0 0.022 0.336 0.019 0.028
0 0.795 0.811 0.033 0.101
0 0.793 0.729 0.018 0.069
0 0.617 0.702 0.030 0.059
0 0.741 0.590 0.015 0.073
0 0.834 0.555 0.023 0.035
0 0.328 0.308 0.011 0.040
0 0.340 0.332 0.011 0.042
0 0.380 0.323 0.011 0.042
0 0.476 0.303 0.010 0.037
0 0.529 0.398 0.010 0.056
0 0.507 0.448 0.012 0.034
0 0.531 0.462 0.015 0.063
0 0.563 0.478 0.013 0.042
0 0.645 0.509 0.014 0.068
0 0.578 0.457 0.012 0.050
0 0.597 0.475 0.014 0.058
0 0.576 0.506 0.014 0.038
0 0.051 0.334 0.014 0.029
0 0.158 0.386 0.020 0.022
0 0.136 0.332 0.009 0.029
0 0.150 0.338 0.011 0.018
0 0.191 0.343 0.016 0.042
0 0.198 0.266 0.013 0.036
0 0.219 0.276 0.009 0.039
0 0.229 0.296 0.010 0.025
0 0.230 0.257 0.007 0.016
0 0.739 0.337 0.007 0.041
0 0.808 0.440 0.009 0.033
0 0.770 0.393 0.010 0.046
0 0.750 0.334 0.010 0.036
0 0.753 0.292 0.007 0.033
0 0.760 0.293 0.009 0.034
1 0.039 0.815 0.010 0.016
2 0.028 0.815 0.012 0.021
1 0.621 0.688 0.008 0.014
1 0.798 0.772 0.013 0.017
1 0.792 0.701 0.011 0.014
2 0.793 0.726 0.013 0.031
2 0.794 0.798 0.013 0.032
2 0.610 0.689 0.013 0.025
2 0.741 0.584 0.010 0.026
1 0.744 0.562 0.007 0.014
1 0.646 0.484 0.005 0.010
1 0.601 0.453 0.005 0.008
1 0.574 0.491 0.005 0.007
1 0.580 0.439 0.005 0.009
1 0.570 0.467 0.005 0.012
1 0.532 0.438 0.006 0.010
1 0.529 0.373 0.005 0.007
2 0.599 0.469 0.010 0.023
2 0.644 0.503 0.011 0.024
2 0.580 0.454 0.009 0.020
2 0.574 0.506 0.008 0.018
2 0.532 0.453 0.008 0.021
2 0.529 0.392 0.007 0.020
2 0.564 0.472 0.006 0.016
2 0.770 0.392 0.005 0.018
2 0.749 0.335 0.004 0.012
2 0.739 0.333 0.006 0.012
1 0.771 0.379 0.004 0.007
1 0.742 0.323 0.003 0.005
1 0.750 0.323 0.004 0.007
1 0.754 0.281 0.003 0.006
1 0.760 0.282 0.004 0.005
2 0.753 0.291 0.005 0.013
2 0.760 0.291 0.004 0.009
2 0.837 0.548 0.012 0.015
2 0.808 0.441 0.006 0.016
1 0.826 0.542 0.004 0.010
1 0.809 0.429 0.004 0.006
1 0.189 0.328 0.004 0.008
1 0.162 0.378 0.006 0.007
1 0.232 0.294 0.003 0.006
1 0.217 0.263 0.004 0.006
1 0.150 0.333 0.004 0.008
1 0.135 0.322 0.006 0.007
1 0.020 0.327 0.004 0.007
1 0.049 0.323 0.005 0.004
2 0.023 0.337 0.007 0.014
2 0.052 0.333 0.007 0.013
2 0.136 0.334 0.007 0.013
2 0.155 0.383 0.008 0.010
2 0.190 0.341 0.007 0.015
2 0.227 0.299 0.006 0.012
2 0.219 0.274 0.005 0.011
2 0.229 0.255 0.005 0.010
2 0.196 0.261 0.005 0.010
1 0.193 0.252 0.002 0.003
7 0.417 0.934 0.101 0.131
3 0.197 0.731 0.068 0.088
3 0.285 0.729 0.073 0.086
3 0.564 0.584 0.121 0.084
3 0.419 0.680 0.062 0.112
4 0.664 0.619 0.089 0.075
4 0.676 0.515 0.039 0.048
4 0.778 0.447 0.048 0.044
4 0.759 0.218 0.026 0.023
11 0.095 0.331 0.043 0.038
10 0.480 0.523 0.024 0.065
10 0.219 0.425 0.014 0.031
14 0.451 0.013 0.032 0.026
13 0.145 0.046 0.236 0.029
