0 0.067 0.858 0.010 0.042
0 0.048 0.874 0.013 0.038
0 0.235 0.717 0.007 0.022
0 0.341 0.719 0.008 0.019
0 0.391 0.715 0.008 0.033
0 0.417 0.921 0.013 0.057
1 0.047 0.858 0.004 0.005
1 0.068 0.841 0.003 0.006
1 0.340 0.713 0.003 0.006
1 0.391 0.701 0.004 0.006
1 0.414 0.897 0.005 0.007
2 0.415 0.911 0.009 0.019
2 0.049 0.870 0.007 0.015
2 0.068 0.853 0.008 0.014
2 0.235 0.715 0.005 0.008
4 0.644 0.802 0.036 0.032
4 0.253 0.756 0.023 0.027
4 0.307 0.799 0.025 0.025
4 0.742 0.947 0.042 0.053
3 0.714 0.890 0.031 0.056
3 0.374 0.738 0.019 0.031
3 0.363 0.856 0.021 0.051
9 0.411 0.837 0.026 0.028
