0 0.745 0.916 0.021 0.055
0 0.717 0.800 0.021 0.081
0 0.693 0.736 0.021 0.056
0 0.572 0.960 0.020 0.080
0 0.400 0.974 0.017 0.051
0 0.428 0.497 0.027 0.044
0 0.401 0.475 0.016 0.062
0 0.181 0.448 0.014 0.033
0 0.211 0.441 0.012 0.057
0 0.249 0.323 0.010 0.025
0 0.257 0.291 0.010 0.044
0 0.473 0.281 0.009 0.031
0 0.453 0.169 0.006 0.025
0 0.296 0.197 0.006 0.040
0 0.305 0.192 0.009 0.035
0 0.365 0.171 0.006 0.032
0 0.343 0.149 0.009 0.029
0 0.374 0.150 0.005 0.030
0 0.059 0.252 0.011 0.035
0 0.916 0.484 0.010 0.051
0 0.928 0.480 0.008 0.056
0 0.774 0.386 0.009 0.045
0 0.794 0.391 0.011 0.031
0 0.628 0.561 0.011 0.037
0 0.637 0.566 0.010 0.031
0 0.532 0.334 0.008 0.036
0 0.469 0.216 0.005 0.026
0 0.720 0.166 0.006 0.014
0 0.715 0.197 0.007 0.019
0 0.615 0.149 0.006 0.018
0 0.748 0.079 0.005 0.019
0 0.839 0.168 0.007 0.030
0 0.785 0.114 0.004 0.013
3 0.088 0.516 0.052 0.036
3 0.588 0.625 0.045 0.100
3 0.918 0.544 0.029 0.069
3 0.752 0.186 0.019 0.032
3 0.631 0.253 0.013 0.041
4 0.792 0.810 0.087 0.124
4 0.825 0.935 0.126 0.122
4 0.860 0.686 0.095 0.086
4 0.750 0.631 0.036 0.066
4 0.783 0.508 0.052 0.060
4 0.400 0.749 0.116 0.118
4 0.193 0.555 0.067 0.069
4 0.387 0.378 0.043 0.049
4 0.808 0.176 0.040 0.018
10 0.064 0.466 0.038 0.058
4 0.276 0.454 0.051 0.056
9 0.715 0.739 0.020 0.034
7 0.295 0.876 0.061 0.107
7 0.411 0.900 0.102 0.140
7 0.099 0.903 0.128 0.094
7 0.109 0.785 0.167 0.135
1 0.570 0.930 0.012 0.018
1 0.398 0.961 0.012 0.018
2 0.401 0.982 0.015 0.037
2 0.571 0.953 0.018 0.037
1 0.725 0.769 0.007 0.012
1 0.742 0.901 0.016 0.019
1 0.700 0.715 0.010 0.014
2 0.690 0.728 0.018 0.023
2 0.715 0.795 0.017 0.050
2 0.746 0.926 0.020 0.040
2 0.627 0.567 0.010 0.027
2 0.180 0.450 0.009 0.020
1 0.182 0.436 0.005 0.006
10 0.312 0.267 0.011 0.032
2 0.257 0.290 0.007 0.017
1 0.256 0.276 0.006 0.008
1 0.398 0.450 0.006 0.009
1 0.420 0.481 0.006 0.011
7 0.427 0.487 0.009 0.012
7 0.402 0.465 0.010 0.021
0 0.496 0.923 0.034 0.061
1 0.480 0.906 0.007 0.016
2 0.496 0.908 0.018 0.033
