0 0.165 0.569 0.028 0.096
0 0.130 0.333 0.029 0.103
0 0.175 0.322 0.021 0.077
0 0.210 0.295 0.021 0.085
0 0.738 0.444 0.024 0.070
0 0.879 0.723 0.036 0.123
0 0.912 0.125 0.013 0.067
0 0.830 0.100 0.015 0.060
0 0.075 0.108 0.014 0.060
0 0.144 0.094 0.016 0.044
0 0.159 0.131 0.017 0.040
0 0.202 0.129 0.018 0.040
0 0.224 0.131 0.015 0.039
0 0.237 0.128 0.011 0.048
0 0.614 0.234 0.020 0.048
3 0.121 0.250 0.051 0.052
3 0.194 0.237 0.047 0.054
4 0.579 0.445 0.123 0.118
4 0.873 0.155 0.058 0.056
4 0.965 0.431 0.055 0.113
4 0.412 0.062 0.046 0.056
4 0.261 0.270 0.074 0.069
10 0.077 0.195 0.028 0.065
7 0.636 0.588 0.108 0.141
7 0.737 0.692 0.053 0.088
7 0.824 0.699 0.061 0.113
7 0.936 0.728 0.084 0.194
7 0.813 0.814 0.059 0.099
7 0.808 0.922 0.094 0.125
7 0.488 0.895 0.059 0.112
7 0.339 0.658 0.051 0.087
7 0.279 0.655 0.084 0.077
7 0.262 0.527 0.143 0.185
7 0.025 0.811 0.049 0.111
7 0.496 0.586 0.075 0.115
1 0.161 0.525 0.012 0.020
2 0.163 0.552 0.020 0.037
1 0.072 0.082 0.006 0.008
1 0.140 0.080 0.007 0.012
1 0.165 0.116 0.008 0.012
1 0.208 0.119 0.007 0.013
1 0.171 0.283 0.009 0.013
1 0.206 0.258 0.009 0.012
1 0.127 0.288 0.011 0.012
2 0.125 0.322 0.019 0.045
2 0.173 0.307 0.014 0.031
2 0.212 0.280 0.013 0.030
2 0.199 0.118 0.009 0.014
2 0.157 0.126 0.012 0.021
2 0.147 0.094 0.009 0.020
2 0.227 0.127 0.009 0.021
1 0.983 0.510 0.010 0.017
1 0.741 0.415 0.010 0.014
1 0.883 0.675 0.014 0.020
2 0.880 0.714 0.025 0.050
2 0.738 0.440 0.017 0.037
2 0.977 0.545 0.022 0.041
0 0.977 0.541 0.025 0.074
2 0.914 0.114 0.011 0.028
1 0.916 0.095 0.008 0.011
10 0.945 0.234 0.019 0.044
4 0.878 0.278 0.039 0.087
3 0.726 0.288 0.033 0.093
4 0.305 0.154 0.056 0.061
1 0.471 0.148 0.007 0.012
