0 0.138 0.583 0.008 0.028
0 0.226 0.580 0.009 0.034
0 0.309 0.556 0.007 0.022
0 0.352 0.836 0.014 0.030
0 0.392 0.903 0.014 0.025
0 0.424 0.794 0.007 0.014
0 0.119 0.982 0.015 0.033
0 0.140 0.972 0.012 0.025
0 0.137 0.992 0.013 0.016
0 0.401 0.854 0.014 0.036
0 0.576 0.784 0.010 0.042
0 0.549 0.713 0.007 0.019
0 0.570 0.735 0.006 0.018
0 0.602 0.728 0.007 0.015
0 0.618 0.736 0.005 0.010
0 0.749 0.836 0.018 0.028
0 0.804 0.889 0.014 0.020
0 0.823 0.910 0.018 0.030
0 0.820 0.959 0.015 0.058
0 0.809 0.871 0.016 0.020
0 0.738 0.783 0.006 0.014
0 0.748 0.782 0.007 0.017
0 0.705 0.737 0.007 0.030
0 0.699 0.718 0.006 0.015
0 0.753 0.703 0.009 0.025
0 0.994 0.928 0.012 0.033
0 0.713 0.538 0.006 0.014
0 0.757 0.544 0.006 0.010
0 0.767 0.544 0.006 0.008
0 0.781 0.543 0.007 0.013
0 0.788 0.543 0.005 0.012
1 0.139 0.571 0.004 0.007
1 0.227 0.563 0.004 0.004
2 0.227 0.578 0.006 0.017
2 0.137 0.586 0.005 0.016
1 0.120 0.970 0.006 0.007
1 0.138 0.961 0.005 0.008
1 0.138 0.988 0.007 0.009
2 0.120 0.987 0.008 0.018
2 0.140 0.976 0.007 0.016
2 0.136 0.996 0.006 0.008
1 0.394 0.894 0.005 0.010
1 0.356 0.825 0.004 0.006
2 0.350 0.830 0.007 0.006
2 0.398 0.851 0.007 0.015
2 0.389 0.900 0.005 0.007
1 0.423 0.788 0.003 0.006
2 0.424 0.795 0.002 0.006
2 0.457 0.784 0.003 0.008
1 0.457 0.778 0.004 0.004
1 0.576 0.769 0.003 0.004
2 0.577 0.780 0.006 0.013
1 0.549 0.705 0.004 0.005
2 0.549 0.713 0.004 0.011
1 0.603 0.724 0.003 0.004
2 0.603 0.730 0.003 0.008
2 0.618 0.735 0.003 0.005
1 0.618 0.731 0.002 0.003
1 0.705 0.726 0.005 0.005
2 0.705 0.733 0.004 0.009
1 0.753 0.695 0.003 0.006
2 0.753 0.702 0.004 0.007
1 0.739 0.779 0.003 0.003
1 0.749 0.776 0.002 0.002
1 0.750 0.827 0.005 0.007
2 0.746 0.835 0.008 0.015
1 0.822 0.933 0.006 0.008
1 0.804 0.867 0.007 0.006
1 0.805 0.885 0.003 0.009
1 0.822 0.899 0.005 0.006
2 0.803 0.874 0.005 0.010
2 0.801 0.887 0.007 0.006
2 0.823 0.910 0.008 0.015
2 0.819 0.947 0.008 0.020
2 0.997 0.925 0.005 0.011
1 0.992 0.920 0.004 0.008
1 0.780 0.540 0.002 0.003
1 0.786 0.540 0.004 0.004
1 0.713 0.533 0.003 0.007
1 0.757 0.541 0.002 0.004
1 0.768 0.540 0.003 0.004
2 0.712 0.538 0.003 0.007
4 0.841 0.816 0.029 0.045
7 0.863 0.825 0.016 0.029
7 0.708 0.793 0.038 0.022
6 0.841 0.537 0.023 0.022
3 0.641 0.509 0.114 0.129
12 0.632 0.230 0.026 0.112
12 0.280 0.225 0.007 0.026
12 0.414 0.308 0.005 0.020
12 0.665 0.072 0.023 0.036
11 0.782 0.855 0.035 0.038
10 0.635 0.986 0.022 0.027
14 0.120 0.576 0.022 0.018
14 0.192 0.541 0.017 0.021
14 0.216 0.540 0.024 0.014
14 0.259 0.541 0.018 0.014
14 0.282 0.543 0.022 0.011
14 0.256 0.567 0.016 0.013
14 0.271 0.562 0.014 0.010
14 0.450 0.562 0.055 0.111
14 0.415 0.576 0.024 0.017
14 0.091 0.583 0.027 0.014
14 0.070 0.587 0.016 0.015
13 0.166 0.622 0.188 0.044
13 0.886 0.564 0.179 0.038
