0 0.122 0.400 0.016 0.088
0 0.179 0.189 0.009 0.032
0 0.221 0.187 0.012 0.047
0 0.211 0.352 0.014 0.069
0 0.229 0.234 0.013 0.058
0 0.235 0.184 0.011 0.037
0 0.245 0.173 0.013 0.025
0 0.298 0.222 0.016 0.052
0 0.416 0.225 0.008 0.047
0 0.439 0.231 0.012 0.049
0 0.526 0.344 0.014 0.032
0 0.524 0.306 0.007 0.049
0 0.530 0.316 0.006 0.043
0 0.538 0.303 0.008 0.039
0 0.567 0.141 0.007 0.024
0 0.699 0.179 0.006 0.023
0 0.751 0.081 0.004 0.016
0 0.781 0.088 0.005 0.015
0 0.860 0.217 0.009 0.027
0 0.936 0.189 0.011 0.034
0 0.957 0.097 0.007 0.033
0 0.970 0.094 0.006 0.038
0 0.656 0.096 0.005 0.017
0 0.124 0.549 0.041 0.077
0 0.630 0.454 0.018 0.051
0 0.671 0.536 0.017 0.073
0 0.649 0.682 0.024 0.084
0 0.882 0.603 0.015 0.089
0 0.914 0.607 0.012 0.080
0 0.708 0.739 0.016 0.094
1 0.118 0.365 0.004 0.009
1 0.138 0.519 0.008 0.015
1 0.207 0.321 0.006 0.009
1 0.179 0.174 0.003 0.003
1 0.218 0.166 0.004 0.008
1 0.234 0.169 0.004 0.008
1 0.227 0.212 0.005 0.006
1 0.295 0.200 0.002 0.005
1 0.441 0.211 0.004 0.005
1 0.525 0.286 0.004 0.008
1 0.537 0.288 0.004 0.005
1 0.637 0.433 0.006 0.010
1 0.672 0.505 0.006 0.011
1 0.915 0.577 0.008 0.015
1 0.885 0.567 0.010 0.013
1 0.711 0.699 0.011 0.015
1 0.645 0.642 0.008 0.008
2 0.179 0.186 0.006 0.016
2 0.230 0.226 0.007 0.019
2 0.222 0.178 0.005 0.017
2 0.243 0.174 0.007 0.015
2 0.235 0.182 0.005 0.016
2 0.297 0.215 0.007 0.019
2 0.210 0.344 0.009 0.025
2 0.120 0.390 0.009 0.027
2 0.122 0.533 0.022 0.029
2 0.440 0.225 0.007 0.017
2 0.567 0.137 0.003 0.015
2 0.524 0.300 0.006 0.017
2 0.527 0.343 0.005 0.016
2 0.532 0.309 0.005 0.016
2 0.629 0.446 0.009 0.022
2 0.671 0.527 0.011 0.029
2 0.646 0.669 0.013 0.032
2 0.709 0.727 0.013 0.035
2 0.700 0.175 0.003 0.008
2 0.859 0.219 0.006 0.018
2 0.883 0.591 0.012 0.031
2 0.914 0.600 0.008 0.024
12 0.165 0.096 0.020 0.061
3 0.249 0.195 0.019 0.026
3 0.556 0.163 0.018 0.019
4 0.507 0.176 0.035 0.030
4 0.701 0.157 0.033 0.027
4 0.812 0.263 0.045 0.040
4 0.863 0.157 0.041 0.013
3 0.981 0.395 0.038 0.069
3 0.994 0.241 0.013 0.048
7 0.815 0.747 0.093 0.094
7 0.779 0.795 0.029 0.049
7 0.694 0.777 0.048 0.040
7 0.679 0.706 0.036 0.064
7 0.588 0.623 0.024 0.050
7 0.633 0.672 0.013 0.039
7 0.644 0.560 0.018 0.043
7 0.693 0.540 0.028 0.038
5 0.330 0.487 0.206 0.223
10 0.328 0.555 0.026 0.074
10 0.286 0.166 0.011 0.034
11 0.313 0.278 0.032 0.035
14 0.067 0.191 0.011 0.030
10 0.097 0.185 0.007 0.021
14 0.401 0.131 0.032 0.010
9 0.696 0.160 0.014 0.013
7 0.294 0.208 0.020 0.033
7 0.942 0.708 0.016 0.043
7 0.868 0.689 0.034 0.049
