0 0.195 0.981 0.021 0.038
0 0.154 0.981 0.031 0.038
0 0.254 0.881 0.015 0.054
0 0.277 0.697 0.010 0.030
0 0.345 0.726 0.012 0.039
0 0.471 0.851 0.014 0.048
0 0.590 0.665 0.008 0.024
0 0.854 0.818 0.012 0.038
0 0.855 0.787 0.013 0.020
0 0.813 0.707 0.008 0.037
0 0.825 0.697 0.008 0.037
0 0.908 0.953 0.021 0.076
0 0.919 0.880 0.012 0.064
0 0.905 0.884 0.016 0.064
0 0.096 0.807 0.010 0.029
1 0.148 0.975 0.006 0.013
1 0.193 0.968 0.006 0.012
1 0.252 0.857 0.005 0.006
1 0.276 0.689 0.004 0.006
1 0.343 0.713 0.004 0.005
1 0.588 0.661 0.002 0.004
1 0.908 0.920 0.007 0.009
1 0.904 0.861 0.006 0.008
1 0.917 0.855 0.005 0.005
1 0.852 0.801 0.005 0.006
1 0.856 0.785 0.004 0.007
1 0.811 0.694 0.003 0.005
1 0.824 0.686 0.004 0.005
2 0.157 0.981 0.012 0.026
2 0.194 0.989 0.011 0.019
2 0.255 0.876 0.008 0.016
2 0.343 0.723 0.004 0.012
2 0.276 0.698 0.005 0.010
2 0.590 0.667 0.004 0.010
2 0.907 0.942 0.011 0.029
2 0.905 0.879 0.010 0.023
2 0.852 0.816 0.008 0.020
2 0.852 0.791 0.006 0.008
2 0.813 0.701 0.007 0.011
2 0.824 0.693 0.006 0.009
4 0.448 0.929 0.054 0.053
4 0.625 0.729 0.034 0.031
4 0.700 0.767 0.030 0.030
4 0.458 0.690 0.024 0.023
5 0.327 0.820 0.099 0.065
9 0.831 0.807 0.037 0.018
10 0.319 0.828 0.015 0.038
10 0.316 0.689 0.009 0.025
10 0.438 0.672 0.009 0.014
12 0.774 0.229 0.035 0.058
3 0.738 0.715 0.017 0.032
13 0.135 0.536 0.096 0.023
13 0.213 0.531 0.034 0.017
13 0.389 0.519 0.155 0.020
13 0.277 0.526 0.042 0.016
