0 0.150 0.541 0.008 0.020
0 0.050 0.558 0.009 0.041
0 0.029 0.561 0.010 0.033
0 0.236 0.893 0.015 0.029
0 0.243 0.840 0.014 0.044
0 0.197 0.823 0.011 0.043
0 0.267 0.786 0.008 0.017
0 0.692 0.949 0.013 0.056
0 0.655 0.925 0.014 0.034
0 0.658 0.864 0.013 0.027
0 0.640 0.851 0.011 0.015
0 0.645 0.836 0.017 0.015
0 0.592 0.803 0.015 0.022
0 0.585 0.744 0.010 0.020
0 0.551 0.710 0.007 0.027
0 0.807 0.869 0.014 0.019
0 0.771 0.845 0.012 0.048
0 0.895 0.524 0.008 0.016
0 0.628 0.525 0.006 0.010
0 0.600 0.524 0.005 0.009
0 0.612 0.524 0.006 0.011
0 0.580 0.522 0.006 0.007
0 0.559 0.519 0.006 0.010
0 0.428 0.764 0.009 0.041
0 0.341 0.764 0.008 0.034
0 0.402 0.696 0.005 0.027
0 0.469 0.712 0.005 0.012
0 0.457 0.709 0.005 0.021
0 0.451 0.707 0.007 0.016
1 0.030 0.547 0.004 0.006
1 0.050 0.543 0.005 0.006
1 0.149 0.533 0.004 0.004
2 0.151 0.543 0.005 0.012
2 0.051 0.555 0.007 0.019
2 0.030 0.560 0.008 0.018
1 0.199 0.806 0.005 0.009
1 0.237 0.884 0.005 0.008
1 0.245 0.822 0.003 0.006
1 0.267 0.781 0.004 0.005
2 0.242 0.835 0.007 0.016
2 0.233 0.890 0.005 0.011
2 0.237 0.828 0.076 0.008
2 0.268 0.789 0.004 0.010
2 0.343 0.761 0.003 0.015
2 0.428 0.757 0.005 0.013
1 0.343 0.750 0.004 0.005
1 0.428 0.747 0.003 0.006
1 0.402 0.686 0.003 0.004
1 0.455 0.701 0.003 0.004
1 0.470 0.708 0.003 0.003
2 0.401 0.692 0.003 0.009
2 0.456 0.707 0.003 0.009
2 0.469 0.713 0.004 0.005
2 0.585 0.744 0.004 0.009
2 0.551 0.708 0.005 0.009
2 0.589 0.802 0.005 0.013
2 0.638 0.847 0.005 0.008
2 0.658 0.865 0.007 0.015
1 0.657 0.853 0.006 0.005
1 0.642 0.846 0.002 0.007
1 0.648 0.833 0.004 0.008
2 0.642 0.836 0.007 0.012
1 0.552 0.701 0.003 0.006
1 0.586 0.736 0.004 0.005
1 0.592 0.793 0.003 0.006
1 0.657 0.911 0.005 0.006
1 0.692 0.926 0.004 0.009
2 0.654 0.924 0.010 0.019
2 0.692 0.943 0.009 0.021
1 0.770 0.825 0.005 0.008
1 0.802 0.863 0.003 0.007
2 0.772 0.839 0.007 0.018
2 0.808 0.869 0.008 0.014
1 0.842 0.989 0.004 0.014
2 0.628 0.526 0.003 0.006
1 0.629 0.521 0.004 0.003
1 0.559 0.515 0.002 0.003
2 0.559 0.520 0.004 0.006
1 0.600 0.523 0.003 0.002
1 0.613 0.522 0.002 0.004
4 0.675 0.778 0.024 0.039
7 0.696 0.789 0.014 0.029
7 0.553 0.765 0.034 0.025
6 0.678 0.521 0.023 0.020
3 0.470 0.615 0.124 0.144
12 0.114 0.180 0.008 0.027
12 0.262 0.280 0.006 0.020
12 0.467 0.301 0.030 0.124
11 0.621 0.819 0.036 0.041
10 0.485 0.969 0.018 0.050
14 0.089 0.517 0.023 0.018
14 0.116 0.518 0.024 0.011
14 0.084 0.544 0.021 0.018
14 0.102 0.541 0.011 0.010
14 0.261 0.557 0.022 0.016
14 0.291 0.537 0.049 0.101
14 0.036 0.517 0.027 0.013
14 0.011 0.519 0.019 0.019
14 0.705 0.512 0.045 0.020
13 0.161 0.568 0.117 0.024
13 0.726 0.544 0.151 0.031
