0 0.043 0.228 0.010 0.038
0 0.173 0.299 0.014 0.049
0 0.170 0.412 0.015 0.051
0 0.168 0.436 0.015 0.061
0 0.361 0.949 0.024 0.103
0 0.495 0.908 0.033 0.060
0 0.581 0.946 0.016 0.103
0 0.687 0.712 0.023 0.050
0 0.608 0.544 0.020 0.041
0 0.623 0.552 0.013 0.024
0 0.755 0.797 0.019 0.071
0 0.744 0.901 0.023 0.058
0 0.919 0.462 0.012 0.051
0 0.906 0.465 0.013 0.055
0 0.436 0.281 0.007 0.031
0 0.417 0.469 0.013 0.053
0 0.374 0.449 0.016 0.039
0 0.314 0.212 0.010 0.035
0 0.265 0.174 0.008 0.036
0 0.294 0.163 0.007 0.033
0 0.357 0.141 0.008 0.034
0 0.345 0.116 0.007 0.024
0 0.330 0.119 0.007 0.026
0 0.310 0.095 0.007 0.023
3 0.073 0.492 0.040 0.044
3 0.584 0.607 0.032 0.086
3 0.911 0.522 0.033 0.090
3 0.743 0.160 0.016 0.031
3 0.620 0.225 0.014 0.045
4 0.856 0.658 0.080 0.077
4 0.745 0.603 0.045 0.067
4 0.794 0.794 0.056 0.098
4 0.820 0.926 0.128 0.148
4 0.773 0.493 0.059 0.052
4 0.399 0.725 0.118 0.136
4 0.259 0.425 0.058 0.045
4 0.378 0.351 0.047 0.056
4 0.620 0.170 0.024 0.022
4 0.817 0.320 0.019 0.044
4 0.181 0.537 0.070 0.066
10 0.052 0.444 0.028 0.050
9 0.711 0.719 0.021 0.035
7 0.461 0.980 0.067 0.041
7 0.409 0.891 0.096 0.137
7 0.290 0.861 0.057 0.109
7 0.095 0.886 0.144 0.110
7 0.113 0.769 0.172 0.136
1 0.171 0.280 0.005 0.010
2 0.173 0.295 0.006 0.015
1 0.166 0.390 0.007 0.007
2 0.418 0.459 0.012 0.022
1 0.361 0.910 0.012 0.020
2 0.361 0.939 0.017 0.040
1 0.484 0.894 0.011 0.018
1 0.581 0.908 0.013 0.019
1 0.742 0.881 0.010 0.017
1 0.762 0.773 0.012 0.017
1 0.699 0.697 0.010 0.015
1 0.621 0.547 0.009 0.010
2 0.610 0.541 0.015 0.024
2 0.686 0.708 0.018 0.022
2 0.755 0.795 0.014 0.033
2 0.744 0.907 0.016 0.037
2 0.582 0.942 0.016 0.039
2 0.501 0.895 0.025 0.031
