0 0.634 0.788 0.046 0.114
0 0.742 0.450 0.026 0.084
0 0.848 0.524 0.016 0.056
0 0.692 0.310 0.011 0.036
0 0.527 0.458 0.022 0.040
0 0.521 0.427 0.024 0.039
0 0.481 0.537 0.017 0.069
0 0.436 0.406 0.014 0.079
0 0.417 0.391 0.017 0.050
0 0.149 0.478 0.026 0.048
0 0.108 0.266 0.016 0.025
0 0.055 0.231 0.019 0.022
0 0.092 0.253 0.012 0.023
0 0.233 0.263 0.012 0.028
0 0.241 0.198 0.022 0.044
3 0.533 0.581 0.084 0.100
3 0.390 0.593 0.068 0.095
4 0.617 0.471 0.112 0.097
4 0.722 0.364 0.065 0.058
4 0.635 0.641 0.134 0.112
1 0.650 0.747 0.014 0.034
1 0.481 0.509 0.011 0.013
1 0.413 0.375 0.007 0.012
1 0.434 0.375 0.005 0.012
1 0.523 0.444 0.006 0.011
1 0.530 0.413 0.005 0.017
1 0.092 0.248 0.007 0.013
1 0.103 0.257 0.005 0.007
1 0.141 0.472 0.008 0.017
1 0.235 0.181 0.007 0.011
7 0.799 0.969 0.115 0.062
7 0.693 0.750 0.085 0.062
2 0.626 0.787 0.031 0.110
