0 0.639 0.168 0.003 0.006
0 0.643 0.166 0.002 0.006
0 0.646 0.167 0.003 0.005
0 0.827 0.292 0.005 0.021
0 0.844 0.449 0.007 0.043
0 0.865 0.455 0.011 0.040
0 0.915 0.526 0.013 0.029
0 0.904 0.526 0.010 0.025
0 0.928 0.520 0.010 0.055
0 0.830 0.549 0.016 0.040
0 0.747 0.358 0.005 0.022
0 0.710 0.362 0.008 0.016
0 0.725 0.291 0.004 0.018
0 0.530 0.474 0.005 0.029
0 0.492 0.459 0.006 0.029
0 0.500 0.407 0.004 0.017
0 0.336 0.347 0.005 0.015
0 0.343 0.356 0.004 0.018
0 0.348 0.371 0.006 0.028
0 0.328 0.369 0.006 0.029
0 0.286 0.429 0.007 0.039
0 0.271 0.437 0.010 0.049
0 0.035 0.468 0.012 0.041
0 0.005 0.503 0.010 0.020
0 0.015 0.668 0.008 0.057
0 0.034 0.657 0.014 0.061
0 0.206 0.588 0.016 0.030
0 0.271 0.636 0.013 0.067
0 0.343 0.622 0.008 0.060
0 0.555 0.635 0.016 0.054
0 0.812 0.679 0.020 0.055
0 0.954 0.683 0.016 0.085
0 0.724 0.720 0.026 0.064
0 0.435 0.849 0.020 0.098
0 0.387 0.697 0.012 0.084
0 0.397 0.717 0.012 0.073
0 0.307 0.761 0.017 0.083
0 0.295 0.782 0.014 0.094
1 0.033 0.451 0.004 0.006
1 0.018 0.644 0.007 0.006
1 0.032 0.633 0.005 0.008
1 0.207 0.578 0.004 0.009
1 0.272 0.605 0.005 0.006
1 0.271 0.417 0.003 0.006
1 0.286 0.416 0.004 0.006
1 0.344 0.598 0.004 0.008
1 0.294 0.741 0.006 0.010
1 0.302 0.725 0.007 0.012
1 0.435 0.812 0.011 0.016
1 0.395 0.686 0.007 0.008
1 0.387 0.662 0.006 0.008
1 0.550 0.612 0.004 0.009
1 0.343 0.349 0.003 0.002
1 0.347 0.359 0.003 0.003
1 0.491 0.444 0.002 0.003
1 0.747 0.349 0.002 0.003
1 0.716 0.692 0.006 0.008
1 0.822 0.654 0.005 0.006
1 0.951 0.647 0.006 0.010
1 0.929 0.496 0.004 0.009
1 0.834 0.533 0.006 0.006
1 0.868 0.438 0.003 0.004
1 0.843 0.430 0.005 0.008
2 0.035 0.462 0.007 0.013
2 0.271 0.625 0.010 0.023
2 0.434 0.839 0.013 0.039
2 0.296 0.770 0.008 0.038
2 0.308 0.746 0.013 0.031
2 0.397 0.706 0.008 0.024
2 0.388 0.686 0.008 0.025
2 0.343 0.615 0.007 0.023
2 0.555 0.625 0.011 0.019
2 0.726 0.706 0.014 0.025
2 0.812 0.666 0.018 0.024
2 0.830 0.548 0.009 0.021
2 0.844 0.444 0.006 0.018
2 0.865 0.448 0.006 0.014
2 0.930 0.514 0.008 0.018
12 0.520 0.426 0.011 0.023
4 0.335 0.733 0.078 0.062
4 0.486 0.545 0.043 0.045
4 0.497 0.343 0.020 0.022
4 0.661 0.381 0.029 0.020
4 0.731 0.419 0.022 0.025
4 0.828 0.365 0.024 0.023
4 0.937 0.474 0.036 0.025
4 0.912 0.733 0.096 0.068
4 0.903 0.633 0.077 0.050
3 0.191 0.714 0.051 0.054
3 0.280 0.709 0.034 0.037
3 0.418 0.759 0.043 0.030
3 0.691 0.428 0.022 0.029
3 0.772 0.369 0.009 0.027
3 0.816 0.463 0.016 0.030
3 0.848 0.750 0.034 0.097
7 0.527 0.514 0.014 0.020
5 0.376 0.457 0.096 0.060
7 0.362 0.958 0.126 0.074
11 0.373 0.391 0.013 0.014
10 0.125 0.676 0.019 0.044
10 0.154 0.664 0.028 0.052
10 0.365 0.463 0.009 0.039
10 0.362 0.346 0.009 0.019
14 0.083 0.096 0.057 0.102
14 0.102 0.161 0.029 0.007
14 0.150 0.161 0.024 0.009
14 0.234 0.357 0.007 0.012
14 0.252 0.171 0.021 0.008
14 0.273 0.164 0.005 0.007
14 0.303 0.164 0.008 0.006
14 0.323 0.159 0.030 0.006
14 0.359 0.157 0.016 0.009
14 0.409 0.159 0.027 0.007
14 0.453 0.332 0.027 0.005
14 0.639 0.174 0.025 0.006
14 0.774 0.167 0.016 0.008
14 0.850 0.166 0.057 0.006
9 0.262 0.759 0.045 0.043
9 0.624 0.335 0.009 0.013
9 0.923 0.683 0.041 0.043
7 0.365 0.364 0.012 0.017
