0 0.745 0.524 0.010 0.035
0 0.669 0.527 0.008 0.024
0 0.683 0.541 0.008 0.016
0 0.641 0.653 0.007 0.061
0 0.691 0.688 0.020 0.029
0 0.768 0.661 0.009 0.020
0 0.821 0.690 0.016 0.027
0 0.766 0.704 0.011 0.022
0 0.545 0.708 0.021 0.043
0 0.495 0.717 0.011 0.039
0 0.468 0.544 0.007 0.036
0 0.455 0.546 0.006 0.033
0 0.514 0.595 0.010 0.046
0 0.523 0.586 0.008 0.042
0 0.530 0.592 0.010 0.048
0 0.059 0.591 0.007 0.025
0 0.083 0.599 0.009 0.033
0 0.101 0.656 0.010 0.037
0 0.125 0.484 0.005 0.013
0 0.082 0.776 0.014 0.069
0 0.166 0.750 0.016 0.061
0 0.347 0.792 0.022 0.057
0 0.493 0.861 0.019 0.085
0 0.641 0.774 0.019 0.059
0 0.664 0.907 0.024 0.113
0 0.753 0.893 0.027 0.071
1 0.126 0.479 0.003 0.006
1 0.082 0.584 0.003 0.006
1 0.100 0.640 0.003 0.005
1 0.163 0.724 0.005 0.008
1 0.085 0.745 0.006 0.009
1 0.345 0.767 0.006 0.010
1 0.492 0.826 0.008 0.014
1 0.494 0.702 0.006 0.010
1 0.537 0.691 0.005 0.011
1 0.457 0.531 0.002 0.004
1 0.467 0.528 0.003 0.004
0 0.445 0.479 0.004 0.027
0 0.456 0.475 0.005 0.020
1 0.514 0.575 0.003 0.006
1 0.530 0.572 0.003 0.006
1 0.444 0.469 0.002 0.004
1 0.640 0.626 0.005 0.008
1 0.698 0.676 0.004 0.008
1 0.641 0.752 0.006 0.014
1 0.770 0.661 0.005 0.010
1 0.758 0.693 0.003 0.007
1 0.745 0.866 0.008 0.015
1 0.829 0.691 0.004 0.009
2 0.101 0.654 0.005 0.016
2 0.079 0.767 0.009 0.025
2 0.167 0.742 0.009 0.025
2 0.350 0.787 0.009 0.028
2 0.454 0.542 0.004 0.013
2 0.469 0.540 0.005 0.016
2 0.514 0.589 0.006 0.017
2 0.495 0.722 0.009 0.025
2 0.548 0.695 0.013 0.016
2 0.531 0.586 0.004 0.018
2 0.492 0.848 0.012 0.029
2 0.666 0.891 0.015 0.041
2 0.640 0.764 0.012 0.020
2 0.756 0.889 0.017 0.037
2 0.641 0.644 0.007 0.020
2 0.690 0.682 0.011 0.013
2 0.745 0.519 0.003 0.012
2 0.765 0.705 0.009 0.015
2 0.821 0.682 0.010 0.012
12 0.553 0.392 0.036 0.063
12 0.669 0.214 0.009 0.023
3 0.037 0.932 0.055 0.041
4 0.098 0.692 0.055 0.043
4 0.090 0.495 0.028 0.021
4 0.276 0.515 0.027 0.024
4 0.242 0.470 0.010 0.014
4 0.346 0.534 0.026 0.020
4 0.350 0.463 0.029 0.011
3 0.312 0.545 0.023 0.031
3 0.381 0.493 0.015 0.026
4 0.434 0.484 0.008 0.013
3 0.485 0.783 0.030 0.076
4 0.535 0.760 0.072 0.045
4 0.516 0.679 0.063 0.029
4 0.646 0.513 0.023 0.022
4 0.814 0.864 0.110 0.076
4 0.892 0.795 0.085 0.050
3 0.670 0.647 0.023 0.047
3 0.733 0.557 0.015 0.034
4 0.521 0.558 0.027 0.019
10 0.708 0.697 0.009 0.038
11 0.651 0.763 0.038 0.043
14 0.086 0.301 0.010 0.004
14 0.112 0.302 0.010 0.006
14 0.240 0.319 0.016 0.008
14 0.296 0.305 0.008 0.003
14 0.366 0.316 0.017 0.007
14 0.439 0.316 0.024 0.007
14 0.546 0.308 0.037 0.006
14 0.601 0.228 0.005 0.024
14 0.589 0.307 0.020 0.004
14 0.697 0.298 0.047 0.006
14 0.706 0.310 0.040 0.007
14 0.765 0.467 0.012 0.013
14 0.988 0.400 0.024 0.014
14 0.952 0.305 0.027 0.012
14 0.990 0.281 0.019 0.006
9 0.534 0.716 0.031 0.029
7 0.138 0.659 0.012 0.019
3 0.699 0.768 0.048 0.025
