0 0.032 0.203 0.014 0.027
0 0.062 0.198 0.014 0.021
0 0.058 0.283 0.013 0.031
0 0.142 0.194 0.012 0.042
0 0.148 0.222 0.015 0.020
0 0.272 0.290 0.016 0.036
0 0.284 0.159 0.007 0.017
0 0.299 0.162 0.008 0.045
0 0.300 0.194 0.014 0.024
0 0.331 0.260 0.014 0.029
0 0.369 0.141 0.010 0.022
0 0.465 0.256 0.013 0.068
0 0.789 0.252 0.022 0.039
0 0.861 0.130 0.008 0.040
0 0.872 0.170 0.014 0.053
0 0.884 0.129 0.010 0.037
0 0.903 0.125 0.006 0.026
0 0.960 0.172 0.008 0.052
0 0.385 0.571 0.036 0.064
0 0.243 0.609 0.045 0.053
0 0.093 0.471 0.029 0.111
0 0.356 0.847 0.038 0.097
0 0.466 0.744 0.031 0.149
0 0.486 0.711 0.029 0.150
0 0.520 0.952 0.036 0.096
1 0.516 0.917 0.017 0.027
1 0.358 0.805 0.009 0.016
1 0.462 0.678 0.012 0.019
1 0.482 0.649 0.014 0.025
1 0.390 0.547 0.013 0.021
1 0.247 0.593 0.012 0.021
1 0.061 0.273 0.007 0.011
1 0.085 0.421 0.009 0.011
1 0.141 0.176 0.004 0.006
1 0.148 0.217 0.006 0.009
1 0.268 0.275 0.005 0.009
1 0.282 0.155 0.002 0.006
1 0.304 0.187 0.003 0.007
1 0.467 0.227 0.006 0.008
1 0.298 0.143 0.005 0.007
1 0.372 0.135 0.005 0.006
1 0.788 0.238 0.006 0.010
1 0.876 0.148 0.003 0.006
1 0.961 0.151 0.003 0.007
2 0.031 0.202 0.010 0.018
2 0.062 0.200 0.009 0.015
2 0.144 0.190 0.008 0.021
2 0.145 0.222 0.008 0.011
2 0.058 0.284 0.009 0.021
2 0.271 0.290 0.012 0.024
2 0.298 0.191 0.008 0.013
2 0.299 0.158 0.005 0.021
2 0.092 0.456 0.022 0.046
2 0.354 0.850 0.022 0.061
2 0.514 0.966 0.021 0.067
2 0.462 0.727 0.023 0.067
2 0.482 0.684 0.019 0.046
2 0.386 0.562 0.012 0.025
2 0.328 0.259 0.008 0.018
2 0.368 0.139 0.005 0.012
2 0.465 0.247 0.009 0.026
2 0.794 0.241 0.009 0.015
2 0.861 0.125 0.004 0.012
2 0.876 0.162 0.007 0.015
12 0.791 0.026 0.021 0.049
5 0.882 0.353 0.236 0.077
11 0.104 0.206 0.042 0.035
10 0.039 0.819 0.077 0.173
10 0.843 0.367 0.023 0.066
10 0.947 0.123 0.008 0.018
14 0.072 0.769 0.024 0.075
14 0.068 0.188 0.020 0.025
14 0.192 0.184 0.011 0.019
14 0.330 0.139 0.007 0.019
7 0.940 0.160 0.027 0.042
