0 0.049 0.239 0.013 0.022
0 0.136 0.354 0.015 0.050
0 0.212 0.176 0.009 0.037
0 0.231 0.175 0.008 0.030
0 0.313 0.213 0.007 0.036
0 0.237 0.304 0.014 0.025
0 0.141 0.441 0.013 0.040
0 0.181 0.452 0.014 0.059
0 0.360 0.928 0.027 0.087
0 0.615 0.911 0.027 0.098
0 0.377 0.455 0.020 0.037
0 0.420 0.479 0.013 0.042
0 0.432 0.335 0.008 0.043
0 0.612 0.548 0.019 0.039
0 0.623 0.559 0.015 0.025
0 0.695 0.718 0.022 0.047
0 0.757 0.908 0.022 0.058
0 0.863 0.747 0.023 0.086
0 0.908 0.472 0.013 0.057
0 0.922 0.467 0.013 0.063
0 0.799 0.387 0.011 0.051
3 0.594 0.609 0.040 0.084
3 0.914 0.531 0.027 0.064
3 0.742 0.171 0.014 0.036
3 0.625 0.229 0.017 0.040
3 0.083 0.504 0.046 0.052
4 0.802 0.791 0.093 0.117
4 0.841 0.930 0.135 0.140
4 0.859 0.661 0.091 0.090
4 0.752 0.614 0.046 0.065
4 0.782 0.497 0.056 0.069
4 0.400 0.734 0.109 0.129
4 0.191 0.543 0.052 0.058
4 0.380 0.359 0.044 0.053
4 0.821 0.320 0.022 0.034
4 0.253 0.431 0.054 0.058
4 0.624 0.173 0.028 0.029
10 0.054 0.447 0.023 0.040
9 0.719 0.724 0.019 0.037
7 0.115 0.779 0.143 0.131
7 0.107 0.912 0.129 0.108
7 0.300 0.866 0.049 0.108
7 0.417 0.888 0.096 0.144
7 0.469 0.984 0.055 0.031
1 0.133 0.332 0.006 0.009
1 0.179 0.427 0.005 0.007
1 0.143 0.425 0.006 0.010
2 0.180 0.445 0.013 0.027
2 0.360 0.920 0.019 0.038
1 0.357 0.891 0.011 0.019
0 0.520 0.902 0.023 0.087
1 0.620 0.872 0.009 0.018
1 0.518 0.869 0.009 0.015
1 0.702 0.703 0.007 0.014
1 0.750 0.889 0.008 0.015
2 0.759 0.913 0.019 0.044
2 0.615 0.900 0.020 0.040
2 0.518 0.900 0.015 0.044
2 0.695 0.719 0.018 0.026
1 0.870 0.710 0.010 0.015
2 0.865 0.738 0.016 0.042
2 0.800 0.380 0.010 0.019
