0 0.601 0.873 0.027 0.113
0 0.916 0.960 0.042 0.067
0 0.679 0.667 0.026 0.050
0 0.681 0.598 0.015 0.035
0 0.599 0.579 0.020 0.039
0 0.457 0.482 0.015 0.052
0 0.499 0.584 0.017 0.034
0 0.324 0.600 0.014 0.070
0 0.306 0.606 0.016 0.068
0 0.311 0.595 0.014 0.067
0 0.364 0.589 0.011 0.049
0 0.371 0.457 0.020 0.032
0 0.115 0.428 0.013 0.029
0 0.090 0.416 0.013 0.036
0 0.042 0.430 0.011 0.038
0 0.044 0.417 0.009 0.034
0 0.019 0.734 0.013 0.049
1 0.602 0.830 0.011 0.016
1 0.904 0.940 0.013 0.020
1 0.674 0.648 0.009 0.009
1 0.603 0.574 0.004 0.013
1 0.322 0.572 0.006 0.012
1 0.310 0.567 0.007 0.010
1 0.307 0.579 0.007 0.008
1 0.459 0.464 0.006 0.007
1 0.090 0.400 0.004 0.007
1 0.041 0.403 0.004 0.005
1 0.041 0.414 0.004 0.006
1 0.017 0.715 0.007 0.011
2 0.598 0.857 0.012 0.037
2 0.919 0.959 0.016 0.035
2 0.679 0.661 0.013 0.018
2 0.683 0.598 0.011 0.015
2 0.308 0.597 0.011 0.021
2 0.324 0.590 0.008 0.021
2 0.091 0.411 0.007 0.012
2 0.116 0.422 0.006 0.006
2 0.043 0.426 0.005 0.017
3 0.532 0.945 0.086 0.107
4 0.338 0.441 0.033 0.029
4 0.404 0.741 0.089 0.034
4 0.535 0.863 0.104 0.102
4 0.847 0.747 0.066 0.077
4 0.785 0.868 0.109 0.104
4 0.630 0.744 0.074 0.083
4 0.926 0.881 0.114 0.158
3 0.412 0.789 0.047 0.069
3 0.444 0.772 0.043 0.050
9 0.061 0.425 0.022 0.016
10 0.428 0.437 0.007 0.019
10 0.609 0.684 0.010 0.039
14 0.946 0.217 0.101 0.024
14 0.977 0.364 0.044 0.025
14 0.775 0.325 0.065 0.030
14 0.655 0.298 0.048 0.027
14 0.823 0.210 0.112 0.022
14 0.673 0.204 0.042 0.022
14 0.588 0.285 0.033 0.018
14 0.271 0.186 0.034 0.012
14 0.269 0.170 0.041 0.011
