0 0.919 0.644 0.007 0.018
0 0.911 0.640 0.005 0.021
0 0.920 0.744 0.008 0.012
0 0.749 0.709 0.009 0.018
0 0.627 0.770 0.006 0.030
0 0.618 0.764 0.004 0.030
0 0.633 0.769 0.005 0.031
0 0.420 0.658 0.006 0.013
0 0.423 0.672 0.006 0.027
0 0.395 0.666 0.005 0.026
0 0.367 0.681 0.006 0.030
0 0.468 0.704 0.005 0.033
0 0.304 0.783 0.008 0.056
0 0.242 0.665 0.006 0.013
0 0.109 0.803 0.014 0.044
0 0.027 0.828 0.012 0.063
0 0.617 0.991 0.010 0.019
0 0.668 0.884 0.014 0.039
1 0.025 0.800 0.006 0.006
1 0.243 0.661 0.002 0.004
1 0.305 0.759 0.004 0.005
1 0.396 0.654 0.002 0.003
1 0.679 0.990 0.005 0.008
1 0.615 0.986 0.006 0.009
1 0.673 0.868 0.003 0.006
1 0.626 0.758 0.003 0.006
2 0.028 0.816 0.010 0.022
2 0.305 0.774 0.006 0.017
2 0.626 0.770 0.003 0.018
2 0.667 0.881 0.007 0.019
2 0.920 0.743 0.003 0.005
12 0.652 0.636 0.018 0.040
4 0.620 0.681 0.028 0.021
4 0.854 0.769 0.041 0.029
4 0.986 0.851 0.029 0.040
3 0.930 0.857 0.038 0.044
7 0.599 0.981 0.021 0.029
7 0.660 0.956 0.022 0.031
5 0.439 0.840 0.170 0.087
10 0.406 0.866 0.022 0.056
10 0.093 0.663 0.015 0.025
10 0.453 0.655 0.004 0.016
11 0.447 0.731 0.028 0.020
14 0.024 0.432 0.027 0.013
14 0.062 0.475 0.010 0.040
14 0.150 0.440 0.016 0.006
14 0.229 0.437 0.066 0.013
14 0.361 0.457 0.021 0.005
14 0.400 0.455 0.039 0.007
14 0.466 0.452 0.037 0.008
14 0.529 0.458 0.027 0.007
14 0.570 0.647 0.029 0.008
14 0.665 0.463 0.010 0.006
7 0.450 0.682 0.014 0.024
