0 0.079 0.927 0.045 0.146
0 0.023 0.509 0.034 0.057
0 0.590 0.857 0.042 0.131
0 0.799 0.531 0.020 0.031
0 0.824 0.516 0.020 0.093
0 0.767 0.477 0.022 0.050
0 0.401 0.479 0.014 0.066
0 0.333 0.436 0.015 0.044
0 0.283 0.439 0.012 0.044
0 0.256 0.433 0.011 0.034
0 0.221 0.434 0.009 0.040
0 0.626 0.463 0.015 0.056
0 0.624 0.519 0.027 0.041
0 0.596 0.465 0.016 0.025
0 0.606 0.494 0.013 0.038
0 0.502 0.668 0.034 0.087
0 0.616 0.641 0.039 0.156
0 0.452 0.684 0.027 0.159
0 0.412 0.652 0.026 0.071
0 0.371 0.601 0.015 0.026
0 0.377 0.690 0.016 0.153
0 0.408 0.744 0.019 0.098
0 0.428 0.794 0.028 0.191
0 0.079 0.444 0.015 0.057
0 0.484 0.425 0.006 0.015
0 0.535 0.451 0.011 0.020
0 0.632 0.409 0.010 0.021
1 0.078 0.890 0.024 0.031
2 0.077 0.956 0.037 0.066
2 0.588 0.844 0.020 0.057
2 0.426 0.769 0.022 0.060
2 0.618 0.637 0.018 0.048
2 0.501 0.673 0.017 0.039
2 0.454 0.667 0.026 0.059
2 0.410 0.753 0.017 0.060
2 0.373 0.673 0.021 0.062
2 0.414 0.661 0.017 0.038
1 0.500 0.639 0.011 0.021
1 0.425 0.712 0.016 0.020
1 0.448 0.619 0.015 0.018
1 0.623 0.596 0.015 0.023
1 0.593 0.799 0.019 0.021
1 0.413 0.711 0.010 0.020
1 0.378 0.622 0.012 0.015
1 0.411 0.627 0.011 0.014
1 0.372 0.596 0.010 0.014
2 0.401 0.472 0.008 0.023
1 0.404 0.453 0.005 0.011
2 0.624 0.519 0.011 0.019
1 0.617 0.504 0.008 0.006
1 0.824 0.483 0.008 0.007
1 0.829 0.456 0.006 0.012
1 0.761 0.460 0.007 0.007
1 0.802 0.525 0.004 0.014
2 0.824 0.508 0.013 0.029
2 0.769 0.470 0.009 0.021
2 0.626 0.457 0.010 0.019
1 0.627 0.441 0.004 0.005
2 0.604 0.491 0.007 0.016
1 0.608 0.479 0.006 0.013
2 0.593 0.463 0.008 0.010
1 0.598 0.456 0.003 0.007
2 0.334 0.428 0.005 0.013
1 0.334 0.418 0.004 0.008
2 0.283 0.430 0.007 0.013
1 0.281 0.418 0.004 0.006
2 0.258 0.429 0.006 0.011
1 0.258 0.419 0.004 0.004
2 0.078 0.439 0.008 0.017
1 0.010 0.499 0.006 0.012
2 0.022 0.499 0.010 0.018
1 0.078 0.424 0.006 0.004
4 0.463 0.942 0.249 0.104
3 0.174 0.828 0.193 0.255
3 0.047 0.784 0.083 0.148
6 0.625 0.241 0.022 0.013
12 0.142 0.247 0.086 0.212
10 0.144 0.653 0.051 0.084
12 0.417 0.514 0.017 0.049
11 0.569 0.456 0.035 0.029
14 0.654 0.232 0.051 0.018
14 0.786 0.194 0.039 0.015
14 0.881 0.184 0.062 0.014
13 0.051 0.187 0.080 0.045
13 0.501 0.261 0.168 0.021
