0 0.665 0.269 0.027 0.109
0 0.661 0.197 0.032 0.083
0 0.816 0.163 0.047 0.123
0 0.359 0.145 0.021 0.083
0 0.428 0.140 0.027 0.096
0 0.040 0.284 0.040 0.127
1 0.031 0.240 0.015 0.018
1 0.357 0.116 0.014 0.023
1 0.426 0.102 0.016 0.023
1 0.662 0.162 0.013 0.016
1 0.670 0.226 0.012 0.025
1 0.820 0.108 0.012 0.019
2 0.666 0.258 0.017 0.040
2 0.661 0.191 0.014 0.043
2 0.426 0.130 0.016 0.034
2 0.356 0.147 0.014 0.039
2 0.812 0.145 0.025 0.050
2 0.931 0.033 0.016 0.035
2 0.038 0.273 0.025 0.043
3 0.532 0.063 0.078 0.125
4 0.642 0.498 0.241 0.323
7 0.857 0.786 0.159 0.176
7 0.917 0.498 0.142 0.230
