0 0.968 0.646 0.055 0.132
0 0.628 0.041 0.016 0.049
0 0.462 0.028 0.018 0.055
0 0.443 0.234 0.018 0.097
10 0.416 0.334 0.023 0.073
7 0.461 0.813 0.139 0.275
7 0.576 0.720 0.069 0.152
7 0.542 0.603 0.058 0.112
7 0.522 0.541 0.068 0.090
7 0.637 0.377 0.058 0.110
7 0.657 0.661 0.031 0.131
7 0.844 0.708 0.170 0.170
7 0.928 0.612 0.060 0.083
7 0.959 0.450 0.063 0.081
7 0.975 0.277 0.050 0.064
7 0.720 0.310 0.043 0.067
7 0.719 0.401 0.051 0.081
2 0.973 0.632 0.032 0.067
1 0.987 0.597 0.017 0.026
1 0.627 0.024 0.006 0.008
