0 0.693 0.771 0.006 0.035
0 0.700 0.776 0.005 0.031
0 0.705 0.768 0.004 0.022
0 0.711 0.771 0.004 0.028
0 0.834 0.714 0.005 0.012
0 0.498 0.655 0.008 0.018
0 0.486 0.664 0.006 0.028
0 0.458 0.653 0.004 0.017
0 0.377 0.774 0.009 0.058
0 0.295 0.661 0.006 0.022
0 0.153 0.806 0.009 0.058
0 0.042 0.686 0.009 0.017
0 0.017 0.806 0.009 0.056
0 0.737 0.893 0.011 0.049
0 0.744 0.980 0.013 0.040
1 0.018 0.782 0.008 0.007
1 0.152 0.780 0.005 0.007
1 0.379 0.750 0.003 0.008
1 0.296 0.652 0.002 0.004
1 0.459 0.647 0.003 0.005
1 0.487 0.652 0.002 0.004
1 0.544 0.687 0.002 0.007
1 0.745 0.967 0.005 0.009
1 0.739 0.871 0.003 0.006
1 0.836 0.992 0.006 0.010
2 0.042 0.686 0.007 0.011
2 0.017 0.798 0.007 0.020
2 0.154 0.798 0.007 0.019
2 0.378 0.764 0.005 0.021
2 0.744 0.982 0.008 0.019
2 0.736 0.885 0.007 0.019
2 0.700 0.774 0.003 0.014
12 0.741 0.533 0.017 0.043
4 0.939 0.784 0.043 0.037
4 0.698 0.685 0.029 0.024
3 0.496 0.670 0.012 0.017
5 0.505 0.832 0.181 0.100
7 0.720 0.964 0.017 0.032
7 0.663 0.985 0.023 0.023
11 0.520 0.722 0.018 0.023
10 0.472 0.860 0.017 0.051
10 0.528 0.652 0.006 0.017
10 0.184 0.650 0.013 0.030
14 0.046 0.409 0.033 0.014
14 0.003 0.404 0.006 0.009
14 0.132 0.425 0.022 0.011
14 0.164 0.467 0.009 0.038
14 0.248 0.432 0.015 0.007
14 0.321 0.430 0.064 0.010
14 0.446 0.451 0.020 0.009
14 0.484 0.450 0.038 0.009
14 0.550 0.447 0.036 0.008
14 0.615 0.453 0.028 0.007
14 0.651 0.647 0.030 0.012
7 0.524 0.680 0.014 0.027
