7 0.355 0.552 0.087 0.076
7 0.423 0.689 0.060 0.076
7 0.601 0.486 0.132 0.133
7 0.709 0.609 0.029 0.075
7 0.856 0.572 0.079 0.125
7 0.971 0.585 0.057 0.114
7 0.903 0.862 0.070 0.121
7 0.786 0.956 0.064 0.087
7 0.964 0.974 0.071 0.051
3 0.120 0.391 0.066 0.081
3 0.200 0.369 0.060 0.105
4 0.564 0.131 0.080 0.056
4 0.556 0.246 0.090 0.081
4 0.881 0.450 0.189 0.181
0 0.246 0.104 0.022 0.050
0 0.393 0.039 0.015 0.053
0 0.436 0.111 0.018 0.068
0 0.501 0.079 0.015 0.052
0 0.506 0.113 0.016 0.040
0 0.680 0.128 0.019 0.071
0 0.760 0.178 0.020 0.056
0 0.516 0.254 0.020 0.044
