0 0.595 0.952 0.009 0.030
0 0.609 0.960 0.008 0.024
0 0.460 0.951 0.007 0.028
0 0.617 0.881 0.006 0.023
0 0.506 0.957 0.007 0.032
0 0.786 0.555 0.004 0.009
1 0.460 0.941 0.004 0.007
2 0.461 0.951 0.004 0.014
1 0.508 0.947 0.003 0.006
2 0.506 0.955 0.004 0.010
1 0.595 0.941 0.003 0.004
1 0.610 0.950 0.003 0.006
2 0.595 0.950 0.004 0.012
2 0.610 0.959 0.004 0.011
1 0.618 0.873 0.003 0.004
2 0.617 0.881 0.004 0.011
1 0.786 0.554 0.002 0.003
5 0.480 0.597 0.095 0.009
6 0.665 0.982 0.023 0.029
5 0.910 0.821 0.050 0.062
10 0.196 0.989 0.017 0.021
10 0.661 0.849 0.012 0.022
10 0.825 0.796 0.011 0.019
5 0.249 0.658 0.114 0.027
6 0.790 0.847 0.054 0.055
14 0.017 0.633 0.031 0.012
14 0.079 0.623 0.035 0.015
14 0.157 0.781 0.024 0.040
14 0.176 0.623 0.018 0.006
14 0.208 0.620 0.018 0.010
14 0.299 0.603 0.016 0.007
14 0.376 0.585 0.085 0.019
14 0.539 0.564 0.019 0.009
14 0.584 0.544 0.051 0.017
14 0.652 0.547 0.059 0.012
14 0.754 0.531 0.015 0.009
14 0.966 0.643 0.017 0.054
13 0.416 0.658 0.182 0.036
