7 0.661 0.921 0.177 0.158
7 0.929 0.590 0.143 0.362
4 0.607 0.620 0.104 0.090
4 0.620 0.489 0.067 0.066
3 0.106 0.772 0.074 0.097
3 0.200 0.757 0.069 0.125
0 0.479 0.434 0.016 0.078
0 0.596 0.649 0.015 0.073
0 0.545 0.438 0.020 0.060
0 0.257 0.449 0.014 0.052
0 0.055 0.360 0.019 0.030
0 0.045 0.304 0.008 0.022
0 0.059 0.309 0.009 0.024
0 0.177 0.260 0.009 0.024
0 0.200 0.282 0.009 0.020
0 0.218 0.299 0.014 0.024
0 0.751 0.494 0.014 0.064
0 0.808 0.525 0.013 0.031
0 0.543 0.686 0.020 0.050
0 0.579 0.815 0.015 0.094
