0 0.215 0.709 0.036 0.059
0 0.230 0.449 0.020 0.079
0 0.582 0.407 0.024 0.075
0 0.809 0.836 0.034 0.127
0 0.452 0.228 0.010 0.055
0 0.446 0.213 0.008 0.051
0 0.284 0.253 0.009 0.050
3 0.283 0.399 0.016 0.035
12 0.568 0.055 0.012 0.033
12 0.214 0.021 0.028 0.042
5 0.824 0.515 0.034 0.238
5 0.388 0.472 0.052 0.144
5 0.457 0.486 0.044 0.135
5 0.609 0.514 0.174 0.081
5 0.394 0.239 0.024 0.065
5 0.412 0.347 0.014 0.094
10 0.937 0.604 0.039 0.110
10 0.035 0.208 0.028 0.040
7 0.443 0.318 0.036 0.057
7 0.574 0.197 0.023 0.031
1 0.206 0.694 0.013 0.019
1 0.227 0.422 0.009 0.014
2 0.228 0.446 0.012 0.027
2 0.221 0.696 0.019 0.028
1 0.994 0.907 0.012 0.019
1 0.816 0.778 0.011 0.014
2 0.816 0.825 0.029 0.062
2 0.987 0.947 0.023 0.044
2 0.584 0.396 0.012 0.032
1 0.589 0.375 0.008 0.011
1 0.673 0.272 0.006 0.012
1 0.450 0.204 0.004 0.006
1 0.444 0.197 0.004 0.007
2 0.451 0.219 0.007 0.020
2 0.446 0.213 0.007 0.015
1 0.574 0.161 0.005 0.009
