0 0.282 0.709 0.027 0.085
0 0.412 0.762 0.024 0.047
0 0.419 0.538 0.017 0.034
0 0.347 0.422 0.013 0.070
0 0.424 0.421 0.019 0.034
0 0.484 0.298 0.008 0.034
0 0.526 0.294 0.006 0.041
0 0.527 0.348 0.007 0.045
0 0.838 0.494 0.021 0.028
0 0.796 0.478 0.019 0.076
0 0.590 0.598 0.020 0.051
0 0.582 0.550 0.021 0.038
0 0.555 0.536 0.019 0.046
0 0.710 0.101 0.007 0.022
0 0.671 0.110 0.005 0.015
0 0.883 0.211 0.011 0.015
0 0.742 0.327 0.008 0.038
0 0.262 0.207 0.011 0.044
1 0.272 0.674 0.008 0.014
1 0.413 0.746 0.011 0.014
1 0.348 0.391 0.007 0.010
1 0.416 0.530 0.007 0.013
1 0.561 0.519 0.007 0.013
1 0.586 0.578 0.007 0.012
1 0.802 0.445 0.005 0.009
1 0.845 0.493 0.005 0.012
2 0.280 0.697 0.014 0.039
2 0.347 0.411 0.010 0.025
2 0.421 0.419 0.011 0.022
2 0.552 0.530 0.014 0.019
2 0.584 0.541 0.012 0.022
2 0.590 0.597 0.014 0.027
2 0.795 0.463 0.011 0.027
2 0.835 0.488 0.018 0.014
3 0.652 0.748 0.044 0.095
3 0.946 0.695 0.065 0.039
3 0.735 0.703 0.041 0.087
3 0.682 0.203 0.017 0.037
4 0.659 0.392 0.057 0.045
4 0.826 0.701 0.142 0.057
4 0.575 0.159 0.023 0.033
4 0.355 0.131 0.023 0.029
4 0.646 0.531 0.057 0.073
10 0.537 0.689 0.011 0.089
10 0.418 0.306 0.009 0.025
