0 0.758 0.909 0.027 0.065
0 0.881 0.730 0.021 0.088
0 0.698 0.716 0.023 0.043
0 0.618 0.906 0.026 0.093
0 0.526 0.880 0.018 0.085
0 0.624 0.558 0.016 0.034
0 0.614 0.544 0.021 0.048
0 0.924 0.463 0.012 0.056
0 0.911 0.470 0.013 0.062
0 0.800 0.385 0.010 0.050
0 0.134 0.350 0.014 0.050
0 0.154 0.434 0.013 0.062
0 0.201 0.461 0.015 0.059
0 0.363 0.927 0.023 0.089
0 0.421 0.475 0.015 0.043
0 0.378 0.457 0.021 0.037
0 0.206 0.174 0.009 0.035
0 0.237 0.301 0.014 0.023
0 0.313 0.213 0.010 0.034
0 0.222 0.170 0.007 0.026
0 0.349 0.145 0.007 0.034
0 0.440 0.141 0.007 0.025
3 0.626 0.225 0.020 0.040
3 0.742 0.165 0.016 0.037
3 0.914 0.522 0.028 0.067
3 0.592 0.609 0.042 0.088
3 0.080 0.498 0.040 0.063
3 0.697 0.516 0.058 0.056
4 0.412 0.737 0.096 0.101
4 0.801 0.795 0.090 0.107
4 0.836 0.933 0.117 0.135
4 0.755 0.617 0.060 0.087
4 0.782 0.500 0.065 0.077
4 0.860 0.657 0.081 0.064
4 0.182 0.532 0.077 0.054
4 0.383 0.359 0.048 0.053
4 0.260 0.427 0.060 0.045
10 0.056 0.443 0.028 0.044
9 0.723 0.721 0.020 0.035
7 0.117 0.777 0.146 0.137
7 0.112 0.905 0.118 0.093
7 0.304 0.865 0.051 0.113
7 0.417 0.887 0.098 0.127
7 0.480 0.981 0.052 0.037
1 0.131 0.333 0.008 0.008
1 0.199 0.437 0.008 0.011
2 0.202 0.455 0.011 0.019
1 0.361 0.891 0.012 0.018
2 0.363 0.920 0.020 0.044
1 0.528 0.844 0.009 0.014
1 0.623 0.872 0.011 0.018
2 0.622 0.900 0.018 0.040
2 0.526 0.869 0.016 0.031
1 0.704 0.703 0.005 0.014
1 0.751 0.885 0.009 0.017
2 0.762 0.907 0.016 0.037
1 0.890 0.697 0.009 0.014
2 0.883 0.718 0.015 0.037
2 0.697 0.714 0.017 0.025
