0 0.503 0.117 0.019 0.077
0 0.544 0.120 0.020 0.095
0 0.711 0.143 0.024 0.069
3 0.797 0.320 0.084 0.085
3 0.733 0.222 0.042 0.055
4 0.784 0.131 0.116 0.124
4 0.330 0.181 0.103 0.098
4 0.707 0.042 0.080 0.072
7 0.173 0.883 0.081 0.128
7 0.362 0.844 0.141 0.244
7 0.303 0.654 0.066 0.097
7 0.600 0.527 0.065 0.100
7 0.696 0.325 0.084 0.172
7 0.600 0.331 0.049 0.113
7 0.607 0.436 0.062 0.097
7 0.520 0.365 0.059 0.106
7 0.413 0.294 0.117 0.118
7 0.274 0.346 0.093 0.111
7 0.108 0.488 0.053 0.094
7 0.040 0.501 0.079 0.100
7 0.039 0.352 0.077 0.162
1 0.542 0.075 0.010 0.013
1 0.704 0.116 0.011 0.013
1 0.510 0.088 0.008 0.016
2 0.502 0.108 0.013 0.033
2 0.540 0.105 0.014 0.036
2 0.714 0.144 0.018 0.042
