0 0.208 0.852 0.043 0.131
0 0.364 0.814 0.036 0.094
0 0.340 0.514 0.017 0.068
0 0.475 0.476 0.012 0.055
0 0.624 0.383 0.011 0.056
0 0.608 0.386 0.011 0.031
0 0.412 0.131 0.010 0.040
0 0.428 0.116 0.008 0.037
0 0.504 0.117 0.007 0.030
0 0.971 0.676 0.042 0.081
3 0.526 0.247 0.016 0.047
3 0.884 0.827 0.130 0.160
12 0.807 0.058 0.017 0.025
4 0.704 0.582 0.094 0.064
4 0.345 0.194 0.022 0.031
5 0.158 0.523 0.047 0.258
10 0.267 0.548 0.031 0.078
10 0.871 0.154 0.009 0.022
10 0.475 0.099 0.007 0.013
7 0.529 0.501 0.051 0.049
7 0.486 0.561 0.034 0.036
7 0.451 0.536 0.025 0.049
2 0.212 0.837 0.023 0.050
2 0.362 0.811 0.015 0.047
1 0.368 0.773 0.017 0.020
1 0.201 0.795 0.011 0.013
1 0.293 0.542 0.007 0.010
1 0.342 0.484 0.006 0.008
1 0.340 0.505 0.012 0.024
7 0.411 0.528 0.020 0.030
7 0.371 0.438 0.036 0.025
7 0.354 0.465 0.026 0.029
2 0.413 0.126 0.006 0.015
2 0.427 0.112 0.007 0.013
2 0.967 0.652 0.024 0.031
1 0.988 0.653 0.011 0.019
1 0.627 0.358 0.004 0.006
7 0.635 0.433 0.013 0.029
2 0.624 0.373 0.009 0.019
2 0.608 0.389 0.009 0.015
0 0.317 0.372 0.011 0.049
4 0.463 0.126 0.045 0.023
4 0.456 0.148 0.030 0.043
