0 0.182 0.888 0.037 0.116
0 0.400 0.903 0.033 0.092
0 0.297 0.476 0.014 0.068
0 0.384 0.486 0.013 0.055
0 0.983 0.718 0.034 0.064
0 0.956 0.219 0.011 0.048
0 0.983 0.236 0.009 0.046
0 0.949 0.317 0.009 0.063
0 0.940 0.333 0.009 0.056
0 0.920 0.326 0.010 0.043
0 0.663 0.444 0.010 0.054
0 0.653 0.422 0.012 0.060
0 0.511 0.140 0.009 0.031
0 0.497 0.136 0.006 0.031
0 0.424 0.161 0.011 0.040
3 0.543 0.291 0.017 0.051
3 0.922 0.895 0.119 0.121
4 0.736 0.643 0.082 0.078
4 0.367 0.241 0.035 0.057
5 0.180 0.595 0.046 0.257
10 0.889 0.163 0.011 0.017
10 0.487 0.125 0.007 0.015
7 0.549 0.555 0.054 0.066
7 0.592 0.487 0.026 0.026
7 0.515 0.485 0.080 0.047
7 0.473 0.583 0.024 0.056
7 0.434 0.587 0.023 0.039
7 0.377 0.582 0.021 0.049
7 0.343 0.611 0.037 0.053
7 0.376 0.514 0.022 0.031
7 0.398 0.478 0.026 0.030
7 0.367 0.547 0.057 0.045
7 0.653 0.470 0.017 0.039
2 0.988 0.696 0.023 0.026
2 0.949 0.310 0.007 0.028
2 0.939 0.326 0.009 0.025
2 0.921 0.323 0.008 0.020
1 0.936 0.300 0.008 0.009
1 0.939 0.309 0.005 0.007
1 0.949 0.290 0.008 0.013
1 0.957 0.199 0.007 0.007
1 0.983 0.215 0.005 0.006
2 0.956 0.212 0.007 0.015
1 0.659 0.401 0.005 0.010
1 0.662 0.422 0.007 0.008
2 0.661 0.436 0.008 0.017
2 0.655 0.415 0.008 0.018
1 0.395 0.866 0.012 0.023
2 0.394 0.905 0.014 0.044
10 0.293 0.608 0.022 0.047
1 0.297 0.449 0.007 0.010
2 0.297 0.466 0.010 0.025
1 0.381 0.460 0.005 0.009
2 0.384 0.476 0.009 0.023
1 0.425 0.143 0.006 0.007
2 0.424 0.155 0.008 0.014
2 0.496 0.134 0.005 0.013
2 0.512 0.137 0.007 0.015
1 0.174 0.842 0.013 0.019
2 0.189 0.868 0.018 0.054
