0 0.070 0.539 0.014 0.033
0 0.598 0.504 0.013 0.038
0 0.867 0.810 0.015 0.046
0 0.831 0.813 0.015 0.059
0 0.805 0.825 0.013 0.052
0 0.802 0.775 0.012 0.047
0 0.817 0.778 0.009 0.047
0 0.855 0.871 0.019 0.036
0 0.824 0.973 0.025 0.050
0 0.860 0.777 0.010 0.024
0 0.845 0.776 0.016 0.024
1 0.069 0.526 0.007 0.006
1 0.598 0.488 0.005 0.007
1 0.567 0.508 0.005 0.006
1 0.829 0.788 0.004 0.006
1 0.859 0.859 0.005 0.011
1 0.867 0.793 0.006 0.007
1 0.844 0.768 0.003 0.003
1 0.803 0.804 0.005 0.007
1 0.801 0.759 0.004 0.009
1 0.816 0.760 0.004 0.007
1 0.813 0.963 0.003 0.013
2 0.071 0.540 0.008 0.013
2 0.598 0.504 0.008 0.019
2 0.866 0.806 0.009 0.018
2 0.843 0.775 0.009 0.008
2 0.859 0.779 0.008 0.013
2 0.831 0.804 0.012 0.021
2 0.804 0.818 0.009 0.019
2 0.802 0.770 0.009 0.013
2 0.817 0.772 0.006 0.016
2 0.853 0.867 0.008 0.015
2 0.822 0.962 0.013 0.015
12 0.619 0.169 0.009 0.035
12 0.652 0.268 0.007 0.020
14 0.330 0.562 0.218 0.047
14 0.053 0.478 0.052 0.022
14 0.493 0.491 0.022 0.015
14 0.515 0.490 0.023 0.017
14 0.536 0.481 0.017 0.013
14 0.626 0.467 0.027 0.014
14 0.756 0.522 0.032 0.021
13 0.111 0.589 0.221 0.095
13 0.498 0.550 0.129 0.037
13 0.602 0.540 0.076 0.037
13 0.690 0.532 0.099 0.041
13 0.931 0.499 0.139 0.020
13 0.909 0.524 0.140 0.020
