0 0.084 0.445 0.004 0.017
0 0.089 0.444 0.005 0.010
0 0.174 0.479 0.007 0.024
0 0.096 0.637 0.011 0.044
0 0.240 0.593 0.008 0.013
0 0.242 0.629 0.006 0.026
0 0.252 0.615 0.005 0.012
0 0.237 0.547 0.004 0.008
0 0.252 0.561 0.004 0.007
0 0.273 0.578 0.004 0.018
0 0.259 0.582 0.006 0.010
0 0.291 0.586 0.005 0.020
0 0.264 0.620 0.006 0.027
0 0.269 0.608 0.007 0.025
0 0.305 0.545 0.003 0.016
0 0.309 0.547 0.003 0.011
0 0.302 0.591 0.005 0.013
0 0.308 0.593 0.005 0.021
0 0.300 0.637 0.005 0.019
0 0.347 0.564 0.003 0.010
0 0.280 0.681 0.008 0.020
0 0.301 0.662 0.005 0.030
0 0.307 0.662 0.005 0.029
0 0.375 0.670 0.009 0.024
0 0.663 0.900 0.013 0.035
0 0.596 0.731 0.008 0.023
0 0.487 0.709 0.005 0.031
0 0.495 0.684 0.007 0.030
0 0.503 0.692 0.006 0.031
0 0.488 0.662 0.003 0.028
0 0.492 0.659 0.003 0.013
0 0.496 0.659 0.005 0.022
0 0.510 0.659 0.005 0.023
0 0.517 0.659 0.005 0.025
0 0.523 0.666 0.007 0.028
0 0.506 0.580 0.005 0.010
0 0.473 0.599 0.006 0.013
0 0.535 0.617 0.005 0.026
0 0.546 0.617 0.006 0.014
0 0.387 0.595 0.006 0.013
0 0.401 0.570 0.004 0.024
0 0.408 0.575 0.006 0.013
0 0.413 0.747 0.006 0.037
0 0.395 0.727 0.005 0.031
0 0.656 0.628 0.007 0.019
0 0.750 0.566 0.006 0.018
0 0.828 0.895 0.008 0.031
0 0.893 0.748 0.007 0.034
0 0.898 0.743 0.006 0.037
0 0.767 0.964 0.018 0.032
0 0.350 0.430 0.002 0.006
0 0.353 0.431 0.003 0.005
0 0.360 0.429 0.003 0.008
0 0.363 0.430 0.004 0.008
0 0.370 0.428 0.003 0.006
0 0.143 0.766 0.012 0.022
0 0.422 0.939 0.011 0.020
0 0.496 0.609 0.006 0.011
2 0.084 0.443 0.004 0.008
2 0.089 0.443 0.003 0.005
0 0.126 0.502 0.006 0.024
1 0.126 0.491 0.003 0.004
2 0.126 0.498 0.004 0.011
1 0.172 0.469 0.003 0.005
2 0.172 0.477 0.004 0.009
1 0.100 0.619 0.004 0.007
2 0.096 0.633 0.008 0.018
1 0.139 0.765 0.002 0.009
2 0.144 0.763 0.007 0.007
1 0.412 0.732 0.003 0.008
2 0.413 0.743 0.004 0.013
1 0.373 0.662 0.004 0.006
2 0.376 0.669 0.005 0.012
1 0.395 0.714 0.004 0.006
2 0.395 0.723 0.005 0.013
1 0.385 0.592 0.002 0.004
2 0.388 0.594 0.004 0.007
2 0.401 0.566 0.003 0.009
2 0.407 0.576 0.003 0.008
1 0.408 0.571 0.002 0.004
1 0.277 0.675 0.002 0.005
2 0.282 0.677 0.005 0.009
1 0.301 0.648 0.002 0.004
1 0.305 0.646 0.003 0.004
1 0.307 0.649 0.002 0.004
2 0.307 0.656 0.004 0.010
2 0.301 0.658 0.004 0.009
1 0.299 0.630 0.002 0.005
2 0.300 0.637 0.003 0.009
1 0.264 0.609 0.002 0.004
2 0.264 0.616 0.005 0.009
1 0.269 0.597 0.003 0.004
2 0.269 0.604 0.004 0.007
1 0.242 0.618 0.003 0.003
2 0.242 0.625 0.004 0.010
1 0.237 0.589 0.002 0.003
2 0.240 0.591 0.003 0.006
1 0.250 0.610 0.002 0.005
2 0.253 0.616 0.003 0.007
1 0.260 0.579 0.002 0.004
2 0.258 0.582 0.003 0.005
1 0.251 0.560 0.002 0.004
2 0.274 0.575 0.003 0.007
1 0.291 0.578 0.002 0.004
2 0.291 0.584 0.003 0.008
1 0.303 0.589 0.002 0.003
1 0.307 0.585 0.003 0.005
2 0.308 0.591 0.003 0.007
1 0.305 0.539 0.003 0.002
1 0.309 0.544 0.002 0.003
0 0.309 0.548 0.002 0.006
2 0.347 0.566 0.003 0.005
1 0.347 0.560 0.002 0.002
1 0.489 0.650 0.003 0.006
1 0.496 0.651 0.002 0.004
1 0.487 0.696 0.003 0.005
1 0.492 0.655 0.002 0.006
1 0.511 0.652 0.004 0.005
1 0.517 0.649 0.003 0.004
1 0.521 0.656 0.002 0.003
2 0.489 0.660 0.003 0.013
2 0.492 0.661 0.003 0.006
2 0.496 0.660 0.004 0.012
2 0.495 0.678 0.003 0.013
2 0.502 0.688 0.004 0.008
2 0.487 0.704 0.005 0.012
2 0.517 0.657 0.004 0.012
1 0.504 0.677 0.003 0.005
1 0.496 0.607 0.003 0.005
1 0.504 0.577 0.001 0.005
2 0.507 0.580 0.003 0.006
1 0.547 0.613 0.003 0.004
2 0.535 0.614 0.003 0.007
1 0.654 0.622 0.002 0.004
2 0.657 0.627 0.004 0.009
2 0.597 0.725 0.004 0.006
1 0.897 0.727 0.004 0.005
1 0.894 0.734 0.002 0.005
2 0.893 0.745 0.006 0.012
2 0.898 0.738 0.004 0.012
1 0.660 0.902 0.006 0.014
2 0.664 0.889 0.012 0.014
1 0.774 0.959 0.004 0.013
2 0.763 0.956 0.011 0.017
1 0.830 0.883 0.006 0.011
6 0.044 0.632 0.088 0.059
3 0.252 0.696 0.017 0.035
3 0.324 0.679 0.022 0.027
3 0.359 0.680 0.019 0.018
7 0.326 0.725 0.021 0.027
7 0.303 0.750 0.015 0.031
7 0.409 0.786 0.018 0.029
7 0.429 0.809 0.016 0.045
7 0.367 0.867 0.024 0.035
7 0.386 0.751 0.039 0.019
7 0.411 0.829 0.017 0.028
7 0.438 0.874 0.040 0.032
4 0.524 0.694 0.020 0.022
4 0.580 0.796 0.026 0.040
4 0.703 0.811 0.020 0.049
4 0.750 0.830 0.028 0.046
4 0.790 0.870 0.025 0.055
7 0.630 0.694 0.022 0.037
6 0.391 0.424 0.015 0.014
6 0.496 0.423 0.028 0.017
12 0.091 0.206 0.006 0.019
12 0.011 0.243 0.007 0.017
12 0.331 0.283 0.013 0.027
12 0.537 0.443 0.005 0.024
11 0.433 0.579 0.016 0.019
11 0.476 0.734 0.018 0.032
11 0.642 0.858 0.023 0.036
10 0.456 0.663 0.014 0.025
10 0.614 0.542 0.008 0.016
14 0.065 0.471 0.054 0.025
14 0.047 0.555 0.034 0.028
14 0.140 0.534 0.045 0.026
14 0.938 0.794 0.054 0.082
14 0.449 0.456 0.021 0.033
14 0.164 0.450 0.015 0.007
14 0.492 0.406 0.030 0.008
14 0.598 0.444 0.012 0.023
14 0.560 0.402 0.015 0.006
14 0.407 0.419 0.030 0.012
14 0.725 0.402 0.051 0.007
13 0.093 0.562 0.035 0.032
13 0.173 0.503 0.025 0.029
