0 0.143 0.844 0.015 0.036
0 0.152 0.846 0.009 0.031
0 0.169 0.725 0.009 0.035
0 0.217 0.709 0.010 0.025
0 0.291 0.673 0.011 0.027
0 0.508 0.836 0.010 0.020
0 0.536 0.751 0.010 0.034
0 0.523 0.737 0.012 0.034
0 0.470 0.745 0.009 0.032
0 0.466 0.703 0.010 0.037
0 0.444 0.706 0.009 0.035
0 0.465 0.651 0.009 0.017
0 0.451 0.644 0.008 0.016
0 0.461 0.624 0.006 0.019
0 0.501 0.624 0.006 0.014
0 0.326 0.620 0.005 0.014
0 0.299 0.621 0.006 0.015
0 0.264 0.623 0.007 0.010
0 0.279 0.626 0.007 0.009
0 0.236 0.665 0.005 0.024
0 0.203 0.649 0.009 0.014
0 0.193 0.640 0.008 0.022
0 0.185 0.637 0.007 0.024
0 0.168 0.647 0.008 0.021
1 0.146 0.828 0.005 0.005
1 0.170 0.712 0.004 0.006
1 0.214 0.700 0.003 0.006
1 0.292 0.666 0.004 0.007
1 0.185 0.629 0.003 0.003
1 0.191 0.631 0.002 0.003
1 0.204 0.646 0.002 0.003
1 0.264 0.619 0.002 0.002
1 0.299 0.616 0.002 0.003
1 0.326 0.615 0.001 0.002
1 0.505 0.828 0.003 0.005
1 0.534 0.738 0.006 0.006
1 0.520 0.724 0.003 0.006
1 0.469 0.732 0.003 0.005
1 0.466 0.689 0.004 0.006
1 0.444 0.691 0.002 0.003
1 0.464 0.646 0.002 0.004
1 0.452 0.640 0.002 0.005
1 0.460 0.617 0.002 0.003
1 0.501 0.620 0.002 0.002
2 0.142 0.841 0.009 0.018
2 0.169 0.722 0.004 0.012
2 0.219 0.704 0.004 0.010
2 0.168 0.643 0.005 0.007
2 0.186 0.636 0.003 0.009
2 0.191 0.637 0.004 0.007
2 0.202 0.650 0.004 0.007
2 0.522 0.731 0.005 0.006
2 0.536 0.750 0.004 0.013
2 0.468 0.743 0.004 0.012
2 0.465 0.699 0.005 0.012
2 0.443 0.700 0.004 0.010
2 0.467 0.650 0.003 0.007
2 0.502 0.625 0.003 0.005
2 0.290 0.671 0.005 0.006
2 0.278 0.627 0.003 0.005
4 0.440 0.865 0.033 0.069
4 0.645 0.806 0.021 0.044
3 0.728 0.850 0.019 0.051
7 0.286 0.846 0.021 0.038
7 0.338 0.859 0.052 0.034
7 0.230 0.809 0.019 0.029
7 0.342 0.802 0.021 0.040
7 0.321 0.794 0.021 0.029
0 0.801 0.838 0.013 0.055
0 0.786 0.835 0.012 0.057
4 0.570 0.720 0.017 0.028
10 0.389 0.696 0.013 0.020
12 0.494 0.271 0.037 0.049
14 0.037 0.528 0.049 0.023
14 0.357 0.494 0.028 0.009
14 0.440 0.481 0.029 0.008
14 0.695 0.481 0.034 0.009
13 0.186 0.503 0.072 0.015
13 0.257 0.507 0.070 0.014
13 0.319 0.510 0.053 0.011
13 0.359 0.509 0.027 0.010
13 0.424 0.509 0.061 0.007
13 0.087 0.523 0.048 0.019
13 0.129 0.512 0.014 0.011
