0 0.696 0.814 0.018 0.072
0 0.696 0.744 0.023 0.043
0 0.631 0.567 0.010 0.038
0 0.642 0.569 0.008 0.037
0 0.571 0.963 0.022 0.073
0 0.434 0.975 0.023 0.051
0 0.402 0.471 0.015 0.050
0 0.435 0.479 0.011 0.042
0 0.467 0.275 0.009 0.027
0 0.454 0.227 0.007 0.029
0 0.452 0.167 0.004 0.023
0 0.279 0.287 0.010 0.042
0 0.247 0.327 0.008 0.020
0 0.315 0.238 0.011 0.038
0 0.305 0.195 0.008 0.032
0 0.295 0.197 0.008 0.037
0 0.208 0.442 0.011 0.052
0 0.177 0.455 0.014 0.031
0 0.056 0.255 0.012 0.034
0 0.340 0.150 0.008 0.026
0 0.349 0.172 0.006 0.028
0 0.521 0.144 0.005 0.014
0 0.844 0.171 0.008 0.023
0 0.787 0.115 0.003 0.016
0 0.721 0.167 0.006 0.014
0 0.749 0.079 0.005 0.021
0 0.922 0.492 0.016 0.055
0 0.935 0.487 0.011 0.061
0 0.781 0.394 0.011 0.048
0 0.798 0.396 0.013 0.038
3 0.924 0.547 0.027 0.080
3 0.591 0.635 0.043 0.087
3 0.754 0.189 0.018 0.035
3 0.631 0.251 0.014 0.036
3 0.078 0.522 0.052 0.042
4 0.800 0.822 0.084 0.109
4 0.831 0.940 0.121 0.119
4 0.863 0.691 0.112 0.084
4 0.755 0.641 0.046 0.069
4 0.787 0.523 0.057 0.067
4 0.414 0.769 0.147 0.140
4 0.180 0.566 0.068 0.075
4 0.389 0.377 0.043 0.050
4 0.807 0.173 0.037 0.013
10 0.057 0.472 0.024 0.045
4 0.266 0.456 0.048 0.055
9 0.718 0.754 0.021 0.033
7 0.101 0.800 0.165 0.142
7 0.282 0.894 0.063 0.119
7 0.407 0.918 0.107 0.139
1 0.053 0.241 0.005 0.006
2 0.177 0.454 0.010 0.018
2 0.209 0.439 0.012 0.023
1 0.402 0.453 0.005 0.006
2 0.402 0.470 0.011 0.027
1 0.434 0.960 0.014 0.016
2 0.434 0.986 0.020 0.027
1 0.481 0.920 0.007 0.013
1 0.564 0.938 0.010 0.019
2 0.574 0.968 0.018 0.047
2 0.495 0.929 0.021 0.025
0 0.755 0.945 0.023 0.065
1 0.752 0.920 0.010 0.014
1 0.703 0.779 0.008 0.012
1 0.707 0.730 0.010 0.015
2 0.694 0.744 0.022 0.030
2 0.696 0.808 0.016 0.044
2 0.752 0.946 0.021 0.042
2 0.631 0.572 0.009 0.024
1 0.629 0.553 0.007 0.010
