0 0.868 0.705 0.008 0.031
0 0.828 0.806 0.009 0.027
0 0.975 0.930 0.009 0.041
0 0.988 0.909 0.016 0.047
0 0.609 0.922 0.009 0.031
0 0.591 0.928 0.010 0.044
0 0.141 0.965 0.009 0.046
0 0.145 0.981 0.008 0.038
3 0.620 0.791 0.039 0.037
3 0.881 0.971 0.071 0.055
12 0.694 0.232 0.024 0.060
4 0.344 0.803 0.049 0.060
4 0.776 0.752 0.029 0.053
10 0.524 0.740 0.013 0.014
10 0.683 0.710 0.009 0.016
14 0.520 0.483 0.059 0.013
14 0.244 0.485 0.099 0.019
13 0.091 0.531 0.055 0.020
13 0.195 0.529 0.124 0.020
13 0.320 0.523 0.127 0.020
13 0.647 0.513 0.336 0.024
13 0.877 0.498 0.079 0.030
13 0.965 0.503 0.069 0.030
1 0.141 0.947 0.006 0.008
1 0.146 0.966 0.005 0.009
2 0.142 0.970 0.010 0.024
2 0.146 0.985 0.010 0.021
1 0.620 0.919 0.004 0.009
1 0.610 0.908 0.004 0.007
1 0.588 0.909 0.003 0.006
2 0.590 0.923 0.006 0.018
1 0.829 0.795 0.005 0.005
2 0.828 0.808 0.007 0.018
1 0.975 0.920 0.008 0.008
2 0.989 0.897 0.010 0.014
