0 0.050 0.744 0.018 0.075
0 0.027 0.749 0.017 0.070
0 0.013 0.749 0.010 0.072
0 0.046 0.835 0.020 0.051
0 0.034 0.970 0.021 0.060
0 0.247 0.696 0.015 0.030
0 0.207 0.656 0.015 0.032
0 0.050 0.370 0.008 0.033
0 0.061 0.371 0.013 0.040
0 0.348 0.641 0.009 0.041
0 0.474 0.959 0.020 0.081
0 0.568 0.906 0.024 0.091
0 0.510 0.801 0.023 0.046
0 0.523 0.975 0.018 0.050
0 0.489 0.884 0.026 0.055
0 0.504 0.892 0.019 0.032
0 0.506 0.953 0.015 0.093
0 0.869 0.900 0.024 0.106
0 0.858 0.754 0.015 0.071
0 0.824 0.687 0.014 0.029
0 0.708 0.727 0.014 0.065
0 0.673 0.712 0.016 0.031
0 0.697 0.677 0.012 0.051
0 0.657 0.673 0.012 0.018
0 0.662 0.666 0.009 0.018
0 0.996 0.761 0.008 0.067
0 0.609 0.658 0.010 0.037
0 0.602 0.646 0.009 0.021
1 0.050 0.357 0.004 0.006
1 0.060 0.356 0.005 0.009
2 0.060 0.372 0.008 0.018
2 0.049 0.371 0.005 0.018
2 0.048 0.838 0.014 0.023
2 0.048 0.728 0.008 0.021
2 0.026 0.737 0.007 0.021
2 0.011 0.736 0.007 0.023
1 0.013 0.717 0.009 0.011
1 0.028 0.720 0.007 0.008
1 0.052 0.711 0.005 0.010
1 0.043 0.815 0.008 0.011
1 0.248 0.686 0.004 0.007
2 0.246 0.699 0.007 0.013
1 0.513 0.783 0.007 0.011
2 0.506 0.794 0.008 0.016
1 0.498 0.864 0.009 0.015
1 0.501 0.881 0.008 0.013
2 0.489 0.883 0.013 0.032
2 0.506 0.899 0.012 0.015
2 0.494 0.933 0.017 0.024
2 0.504 0.955 0.011 0.046
2 0.521 0.991 0.012 0.019
2 0.475 0.962 0.015 0.040
1 0.471 0.925 0.009 0.015
1 0.525 0.965 0.012 0.017
1 0.518 0.934 0.009 0.019
1 0.514 0.918 0.010 0.013
1 0.566 0.869 0.009 0.012
2 0.569 0.891 0.013 0.026
1 0.875 0.856 0.013 0.023
2 0.869 0.882 0.012 0.033
1 0.860 0.723 0.006 0.008
2 0.859 0.743 0.009 0.021
1 0.822 0.676 0.004 0.008
2 0.827 0.681 0.007 0.013
1 0.708 0.708 0.007 0.009
2 0.705 0.724 0.008 0.023
1 0.678 0.703 0.005 0.008
2 0.671 0.712 0.010 0.018
2 0.696 0.671 0.006 0.018
2 0.610 0.656 0.007 0.018
2 0.602 0.649 0.004 0.016
1 0.603 0.638 0.002 0.004
1 0.605 0.643 0.003 0.006
1 0.662 0.659 0.004 0.005
1 0.696 0.657 0.005 0.007
6 0.691 0.426 0.020 0.012
3 0.233 0.959 0.144 0.082
3 0.020 0.848 0.039 0.087
3 0.475 0.651 0.133 0.135
12 0.125 0.052 0.015 0.041
12 0.469 0.334 0.029 0.138
11 0.636 0.655 0.028 0.033
10 0.310 0.901 0.044 0.105
12 0.273 0.224 0.013 0.031
14 0.297 0.126 0.048 0.101
14 0.722 0.419 0.046 0.013
14 0.022 0.359 0.017 0.012
14 0.100 0.350 0.023 0.015
14 0.129 0.356 0.026 0.016
14 0.095 0.366 0.021 0.010
14 0.114 0.369 0.013 0.010
14 0.047 0.363 0.023 0.011
14 0.284 0.431 0.045 0.024
13 0.182 0.416 0.125 0.049
13 0.750 0.436 0.155 0.013
