0 0.493 0.478 0.016 0.082
0 0.562 0.288 0.013 0.031
0 0.881 0.499 0.017 0.056
0 0.111 0.875 0.037 0.087
0 0.068 0.568 0.019 0.064
0 0.123 0.643 0.017 0.063
0 0.144 0.242 0.013 0.049
0 0.082 0.227 0.016 0.022
0 0.735 0.532 0.027 0.096
1 0.104 0.838 0.009 0.014
1 0.066 0.544 0.010 0.014
1 0.141 0.222 0.005 0.007
1 0.084 0.220 0.005 0.009
1 0.493 0.444 0.009 0.012
1 0.560 0.277 0.007 0.009
1 0.741 0.496 0.011 0.015
1 0.882 0.478 0.007 0.009
2 0.111 0.867 0.018 0.035
2 0.738 0.526 0.014 0.041
2 0.881 0.502 0.012 0.029
2 0.900 0.442 0.015 0.022
2 0.493 0.467 0.011 0.030
2 0.563 0.293 0.010 0.017
2 0.144 0.238 0.009 0.016
3 0.674 0.725 0.085 0.117
4 0.644 0.666 0.110 0.088
4 0.903 0.870 0.122 0.158
9 0.089 0.240 0.027 0.019
0 0.166 0.226 0.010 0.040
2 0.165 0.221 0.005 0.014
0 0.711 0.447 0.016 0.052
1 0.707 0.428 0.008 0.011
2 0.711 0.448 0.009 0.027
10 0.857 0.569 0.021 0.061
3 0.597 0.300 0.027 0.055
3 0.673 0.340 0.040 0.045
14 0.846 0.095 0.066 0.033
14 0.720 0.074 0.040 0.029
14 0.650 0.061 0.057 0.025
14 0.490 0.033 0.033 0.016
