0 0.260 0.850 0.005 0.025
0 0.266 0.853 0.008 0.028
0 0.286 0.840 0.009 0.019
0 0.395 0.894 0.006 0.027
1 0.396 0.887 0.004 0.006
2 0.394 0.895 0.004 0.011
1 0.283 0.834 0.003 0.007
2 0.287 0.838 0.005 0.013
2 0.266 0.852 0.005 0.011
2 0.260 0.850 0.006 0.012
1 0.260 0.841 0.003 0.004
1 0.267 0.844 0.002 0.004
7 0.441 0.873 0.013 0.026
7 0.403 0.878 0.024 0.019
4 0.476 0.861 0.058 0.038
14 0.086 0.934 0.125 0.023
14 0.239 0.919 0.067 0.018
14 0.491 0.901 0.113 0.017
14 0.865 0.979 0.051 0.025
13 0.707 0.778 0.289 0.034
13 0.551 0.900 0.357 0.032
