0 0.354 0.324 0.003 0.006
0 0.360 0.323 0.002 0.005
0 0.364 0.324 0.002 0.006
0 0.637 0.316 0.003 0.007
0 0.643 0.316 0.001 0.003
0 0.768 0.556 0.006 0.030
0 0.778 0.570 0.008 0.019
0 0.597 0.620 0.008 0.051
0 0.591 0.612 0.009 0.046
0 0.574 0.619 0.009 0.053
0 0.548 0.567 0.009 0.041
0 0.533 0.566 0.009 0.034
0 0.553 0.489 0.004 0.027
0 0.540 0.495 0.005 0.028
0 0.510 0.480 0.004 0.011
0 0.346 0.448 0.004 0.017
0 0.366 0.442 0.002 0.015
0 0.370 0.488 0.003 0.015
0 0.245 0.490 0.004 0.017
0 0.231 0.552 0.005 0.019
0 0.077 0.530 0.010 0.041
0 0.201 0.657 0.014 0.041
0 0.063 0.849 0.018 0.086
0 0.215 0.769 0.022 0.040
0 0.326 0.655 0.006 0.025
0 0.387 0.657 0.006 0.021
0 0.711 0.695 0.015 0.061
0 0.672 0.849 0.021 0.084
0 0.743 0.735 0.014 0.053
0 0.900 0.751 0.022 0.040
0 0.764 0.969 0.029 0.063
0 0.497 0.903 0.023 0.085
0 0.387 0.826 0.017 0.060
0 0.528 0.753 0.010 0.044
0 0.846 0.713 0.014 0.028
1 0.068 0.810 0.006 0.013
1 0.207 0.756 0.005 0.010
1 0.327 0.645 0.002 0.007
1 0.493 0.868 0.008 0.013
1 0.536 0.550 0.003 0.007
1 0.547 0.550 0.005 0.006
1 0.526 0.737 0.007 0.010
1 0.582 0.719 0.006 0.012
0 0.586 0.736 0.022 0.047
1 0.598 0.599 0.003 0.007
1 0.713 0.668 0.004 0.009
1 0.745 0.713 0.005 0.010
1 0.668 0.810 0.004 0.008
1 0.846 0.708 0.008 0.010
1 0.754 0.944 0.010 0.017
2 0.064 0.836 0.009 0.031
2 0.218 0.757 0.014 0.011
2 0.231 0.553 0.003 0.012
2 0.326 0.653 0.004 0.011
2 0.510 0.481 0.002 0.005
2 0.540 0.490 0.002 0.009
2 0.552 0.488 0.002 0.014
2 0.532 0.560 0.004 0.013
2 0.547 0.559 0.005 0.014
2 0.598 0.615 0.004 0.021
2 0.529 0.758 0.007 0.024
2 0.493 0.891 0.012 0.029
2 0.589 0.731 0.012 0.026
2 0.767 0.971 0.019 0.043
2 0.672 0.837 0.015 0.036
2 0.743 0.728 0.009 0.024
2 0.712 0.685 0.008 0.023
2 0.898 0.736 0.014 0.012
2 0.848 0.704 0.008 0.010
12 0.514 0.434 0.035 0.061
3 0.019 0.518 0.013 0.013
4 0.208 0.498 0.026 0.015
4 0.173 0.694 0.054 0.042
4 0.018 0.914 0.032 0.045
3 0.506 0.821 0.026 0.083
4 0.560 0.795 0.076 0.042
4 0.564 0.708 0.060 0.027
4 0.641 0.776 0.028 0.057
3 0.505 0.577 0.014 0.040
3 0.398 0.557 0.021 0.031
4 0.373 0.524 0.031 0.019
4 0.435 0.547 0.021 0.024
4 0.601 0.581 0.034 0.020
4 0.517 0.498 0.031 0.018
4 0.745 0.539 0.033 0.024
3 0.735 0.688 0.025 0.054
3 0.827 0.591 0.019 0.038
4 0.833 0.943 0.122 0.080
4 0.948 0.871 0.082 0.052
3 0.069 0.922 0.042 0.031
10 0.050 0.503 0.006 0.017
10 0.040 0.622 0.011 0.034
5 0.018 0.639 0.030 0.025
10 0.765 0.741 0.007 0.026
11 0.685 0.810 0.040 0.047
14 0.009 0.306 0.015 0.009
14 0.049 0.308 0.028 0.008
14 0.105 0.311 0.013 0.006
14 0.121 0.312 0.018 0.005
14 0.168 0.489 0.024 0.006
14 0.236 0.312 0.012 0.005
14 0.251 0.312 0.009 0.004
14 0.357 0.330 0.018 0.007
14 0.418 0.316 0.008 0.005
14 0.536 0.326 0.061 0.005
14 0.653 0.317 0.016 0.005
14 0.814 0.306 0.025 0.007
14 0.851 0.306 0.008 0.006
14 0.821 0.319 0.012 0.010
14 0.864 0.319 0.033 0.011
14 0.902 0.488 0.015 0.014
9 0.340 0.482 0.009 0.010
9 0.574 0.755 0.028 0.037
9 0.657 0.868 0.017 0.025
