0 0.308 0.322 0.003 0.006
0 0.314 0.322 0.003 0.004
0 0.318 0.321 0.003 0.007
0 0.588 0.316 0.003 0.007
0 0.593 0.318 0.002 0.006
0 0.729 0.552 0.007 0.026
0 0.740 0.567 0.008 0.019
0 0.687 0.693 0.013 0.058
0 0.712 0.726 0.012 0.031
0 0.863 0.740 0.019 0.027
0 0.809 0.705 0.012 0.019
0 0.650 0.849 0.020 0.075
0 0.500 0.753 0.009 0.039
0 0.543 0.616 0.010 0.043
0 0.556 0.607 0.005 0.036
0 0.567 0.618 0.008 0.051
0 0.514 0.566 0.008 0.038
0 0.499 0.566 0.006 0.033
0 0.515 0.488 0.004 0.024
0 0.503 0.493 0.005 0.026
0 0.473 0.481 0.003 0.016
0 0.330 0.486 0.006 0.010
0 0.205 0.490 0.004 0.016
0 0.191 0.555 0.005 0.019
0 0.035 0.523 0.007 0.022
0 0.166 0.658 0.013 0.037
0 0.015 0.863 0.017 0.083
0 0.184 0.767 0.019 0.026
0 0.293 0.656 0.005 0.023
0 0.475 0.904 0.024 0.084
0 0.740 0.968 0.028 0.065
0 0.363 0.826 0.011 0.051
1 0.177 0.759 0.004 0.010
1 0.293 0.647 0.003 0.005
1 0.018 0.827 0.010 0.012
1 0.470 0.871 0.008 0.014
1 0.499 0.737 0.005 0.012
1 0.542 0.598 0.004 0.008
1 0.564 0.598 0.003 0.008
1 0.502 0.551 0.003 0.006
1 0.513 0.550 0.003 0.004
1 0.502 0.483 0.003 0.006
1 0.685 0.668 0.005 0.006
1 0.715 0.714 0.006 0.010
1 0.646 0.815 0.007 0.008
1 0.731 0.942 0.007 0.011
1 0.812 0.704 0.004 0.011
2 0.014 0.850 0.011 0.028
2 0.187 0.759 0.013 0.011
2 0.192 0.557 0.003 0.011
2 0.293 0.656 0.004 0.013
2 0.470 0.896 0.013 0.037
2 0.501 0.757 0.008 0.027
0 0.558 0.733 0.010 0.059
1 0.557 0.710 0.006 0.012
2 0.559 0.728 0.005 0.022
2 0.498 0.561 0.004 0.016
2 0.513 0.558 0.004 0.014
2 0.515 0.486 0.002 0.013
2 0.503 0.491 0.002 0.006
2 0.650 0.841 0.016 0.034
2 0.686 0.684 0.007 0.021
2 0.713 0.728 0.009 0.019
2 0.564 0.612 0.004 0.019
2 0.543 0.611 0.009 0.019
2 0.739 0.568 0.006 0.014
2 0.863 0.733 0.013 0.017
2 0.744 0.969 0.021 0.050
12 0.478 0.433 0.037 0.064
12 0.644 0.224 0.004 0.022
4 0.166 0.499 0.025 0.018
4 0.140 0.699 0.054 0.040
4 0.336 0.526 0.029 0.024
4 0.398 0.547 0.023 0.025
3 0.364 0.559 0.024 0.027
3 0.480 0.819 0.029 0.083
4 0.534 0.797 0.076 0.044
4 0.530 0.705 0.054 0.019
4 0.563 0.581 0.031 0.029
4 0.703 0.535 0.030 0.020
4 0.481 0.499 0.032 0.016
3 0.471 0.577 0.013 0.038
3 0.702 0.685 0.020 0.059
3 0.789 0.587 0.019 0.040
4 0.924 0.868 0.100 0.049
4 0.807 0.941 0.125 0.080
11 0.659 0.805 0.037 0.035
10 0.735 0.739 0.008 0.027
3 0.713 0.825 0.052 0.033
3 0.034 0.932 0.049 0.023
14 0.058 0.307 0.034 0.007
14 0.125 0.492 0.025 0.007
14 0.185 0.311 0.015 0.006
14 0.312 0.329 0.020 0.006
14 0.374 0.315 0.014 0.006
14 0.492 0.326 0.061 0.007
14 0.608 0.318 0.016 0.006
14 0.762 0.308 0.023 0.007
14 0.769 0.322 0.009 0.010
14 0.798 0.307 0.009 0.008
14 0.810 0.319 0.030 0.010
14 0.856 0.487 0.015 0.015
14 0.971 0.389 0.014 0.013
9 0.300 0.481 0.012 0.010
9 0.547 0.755 0.027 0.038
9 0.631 0.869 0.016 0.031
