0 0.204 0.247 0.018 0.030
0 0.246 0.146 0.007 0.035
0 0.270 0.137 0.004 0.019
0 0.275 0.138 0.007 0.018
0 0.320 0.166 0.007 0.040
0 0.361 0.168 0.009 0.038
0 0.482 0.233 0.004 0.026
0 0.497 0.316 0.010 0.034
0 0.629 0.124 0.004 0.023
0 0.765 0.088 0.004 0.018
0 0.974 0.164 0.013 0.047
0 0.990 0.254 0.014 0.046
0 0.724 0.464 0.010 0.066
0 0.705 0.379 0.007 0.033
0 0.528 0.431 0.020 0.052
0 0.476 0.422 0.015 0.031
0 0.302 0.201 0.009 0.044
0 0.062 0.553 0.037 0.069
0 0.059 0.598 0.028 0.114
0 0.136 0.666 0.050 0.118
0 0.381 0.719 0.042 0.141
0 0.564 0.697 0.049 0.092
0 0.980 0.938 0.038 0.124
1 0.197 0.237 0.004 0.011
1 0.499 0.301 0.003 0.006
1 0.628 0.118 0.002 0.006
1 0.979 0.145 0.004 0.006
1 0.990 0.237 0.007 0.009
1 0.724 0.434 0.006 0.011
1 0.707 0.368 0.003 0.010
1 0.552 0.661 0.009 0.020
1 0.472 0.412 0.005 0.009
1 0.064 0.526 0.013 0.016
1 0.067 0.550 0.012 0.016
1 0.143 0.616 0.013 0.021
1 0.371 0.657 0.015 0.018
1 0.988 0.893 0.019 0.029
2 0.205 0.238 0.010 0.010
2 0.274 0.141 0.004 0.008
2 0.054 0.542 0.010 0.025
2 0.057 0.582 0.018 0.049
2 0.132 0.649 0.023 0.056
2 0.373 0.710 0.022 0.038
2 0.572 0.677 0.028 0.037
2 0.531 0.425 0.007 0.024
2 0.496 0.310 0.005 0.013
2 0.628 0.127 0.002 0.010
2 0.726 0.452 0.005 0.021
2 0.765 0.085 0.003 0.009
2 0.989 0.254 0.010 0.021
2 0.977 0.159 0.006 0.015
12 0.180 0.050 0.019 0.044
4 0.486 0.143 0.028 0.021
4 0.454 0.465 0.084 0.086
4 0.710 0.191 0.038 0.028
4 0.830 0.237 0.036 0.031
4 0.920 0.164 0.054 0.025
3 0.777 0.249 0.035 0.044
3 0.868 0.173 0.024 0.037
4 0.806 0.130 0.035 0.012
5 0.292 0.291 0.156 0.099
10 0.268 0.301 0.016 0.049
10 0.309 0.134 0.009 0.016
7 0.525 0.375 0.017 0.033
14 0.439 0.138 0.017 0.010
7 0.306 0.158 0.018 0.025
7 0.554 0.361 0.014 0.024
