0 0.068 0.523 0.017 0.054
0 0.124 0.575 0.016 0.065
0 0.145 0.731 0.022 0.070
0 0.177 0.458 0.011 0.022
0 0.324 0.616 0.016 0.040
0 0.352 0.616 0.016 0.059
0 0.236 0.949 0.023 0.102
0 0.658 0.872 0.023 0.049
0 0.522 0.799 0.016 0.069
0 0.562 0.706 0.015 0.035
0 0.569 0.691 0.011 0.041
0 0.823 0.675 0.014 0.068
0 0.851 0.596 0.012 0.055
0 0.860 0.595 0.008 0.054
0 0.725 0.505 0.009 0.049
0 0.977 0.766 0.016 0.061
0 0.962 0.797 0.012 0.060
0 0.213 0.383 0.012 0.037
0 0.151 0.314 0.011 0.033
3 0.859 0.657 0.027 0.069
3 0.674 0.297 0.013 0.033
3 0.567 0.367 0.021 0.033
3 0.549 0.766 0.033 0.082
3 0.647 0.662 0.047 0.056
3 0.617 0.748 0.070 0.070
3 0.015 0.683 0.029 0.044
3 0.060 0.680 0.056 0.063
4 0.767 0.943 0.096 0.099
4 0.368 0.920 0.111 0.114
4 0.817 0.804 0.070 0.071
4 0.730 0.632 0.057 0.051
4 0.700 0.755 0.041 0.068
4 0.200 0.591 0.059 0.050
4 0.327 0.509 0.048 0.050
4 0.112 0.702 0.057 0.073
4 0.563 0.302 0.033 0.029
4 0.758 0.449 0.035 0.033
14 0.067 0.014 0.093 0.027
13 0.805 0.035 0.390 0.053
13 0.557 0.029 0.062 0.027
13 0.399 0.032 0.250 0.033
13 0.159 0.051 0.207 0.024
9 0.682 0.876 0.019 0.034
7 0.077 0.955 0.126 0.089
10 0.240 0.394 0.011 0.032
1 0.062 0.503 0.007 0.008
1 0.129 0.549 0.007 0.011
1 0.181 0.454 0.007 0.011
1 0.142 0.701 0.007 0.007
1 0.349 0.591 0.006 0.008
2 0.354 0.606 0.012 0.021
2 0.327 0.603 0.013 0.013
2 0.142 0.721 0.012 0.024
2 0.123 0.565 0.009 0.025
2 0.071 0.514 0.009 0.019
1 0.666 0.857 0.007 0.017
1 0.821 0.647 0.009 0.009
2 0.656 0.869 0.022 0.024
2 0.823 0.670 0.011 0.031
2 0.570 0.691 0.008 0.022
2 0.563 0.702 0.009 0.017
2 0.724 0.500 0.007 0.019
