0 0.052 0.247 0.011 0.018
0 0.141 0.355 0.013 0.054
0 0.143 0.455 0.015 0.026
0 0.160 0.443 0.011 0.053
0 0.420 0.484 0.016 0.039
0 0.378 0.461 0.022 0.034
0 0.358 0.935 0.026 0.095
0 0.612 0.917 0.023 0.091
0 0.512 0.916 0.026 0.075
0 0.753 0.917 0.020 0.059
0 0.694 0.725 0.028 0.048
0 0.611 0.553 0.018 0.052
0 0.626 0.562 0.011 0.023
0 0.852 0.790 0.023 0.084
0 0.313 0.217 0.009 0.033
0 0.357 0.144 0.006 0.033
0 0.922 0.474 0.013 0.051
0 0.908 0.477 0.013 0.056
0 0.798 0.392 0.012 0.049
3 0.918 0.533 0.041 0.085
3 0.590 0.623 0.049 0.087
3 0.087 0.501 0.065 0.059
3 0.743 0.169 0.018 0.037
3 0.625 0.233 0.017 0.036
4 0.861 0.679 0.081 0.093
4 0.836 0.928 0.120 0.144
4 0.800 0.799 0.077 0.094
4 0.751 0.622 0.035 0.056
4 0.778 0.508 0.060 0.064
4 0.401 0.740 0.096 0.119
4 0.191 0.545 0.045 0.052
4 0.380 0.360 0.043 0.052
4 0.623 0.171 0.026 0.028
4 0.821 0.325 0.019 0.031
4 0.262 0.429 0.044 0.063
10 0.053 0.451 0.027 0.040
9 0.717 0.727 0.018 0.036
7 0.412 0.899 0.098 0.141
7 0.296 0.871 0.054 0.106
7 0.110 0.785 0.168 0.137
7 0.107 0.913 0.125 0.107
1 0.139 0.333 0.007 0.009
1 0.357 0.899 0.015 0.021
2 0.356 0.928 0.018 0.044
1 0.507 0.887 0.012 0.019
1 0.617 0.880 0.012 0.020
1 0.704 0.708 0.008 0.016
2 0.692 0.720 0.019 0.024
2 0.613 0.907 0.018 0.037
2 0.518 0.915 0.016 0.030
2 0.755 0.920 0.016 0.035
2 0.855 0.786 0.017 0.034
1 0.859 0.758 0.009 0.013
1 0.749 0.895 0.011 0.010
2 0.800 0.386 0.010 0.020
