0 0.030 0.830 0.032 0.095
0 0.034 0.943 0.034 0.115
0 0.205 0.923 0.041 0.150
0 0.344 0.979 0.032 0.042
0 0.021 0.578 0.023 0.073
0 0.061 0.573 0.018 0.061
0 0.087 0.583 0.025 0.045
0 0.583 0.870 0.040 0.103
0 0.523 0.724 0.020 0.057
0 0.446 0.696 0.025 0.036
0 0.196 0.545 0.011 0.029
0 0.163 0.498 0.011 0.049
0 0.299 0.485 0.009 0.035
0 0.461 0.613 0.013 0.041
0 0.444 0.475 0.008 0.017
0 0.440 0.485 0.007 0.029
0 0.848 0.708 0.026 0.107
0 0.799 0.582 0.016 0.070
0 0.764 0.525 0.015 0.029
0 0.716 0.545 0.014 0.059
0 0.650 0.581 0.017 0.028
0 0.619 0.551 0.015 0.031
0 0.607 0.514 0.014 0.025
0 0.557 0.493 0.010 0.022
0 0.509 0.462 0.008 0.025
1 0.199 0.867 0.015 0.024
2 0.202 0.908 0.026 0.059
1 0.341 0.979 0.016 0.025
1 0.023 0.799 0.013 0.018
1 0.029 0.900 0.015 0.030
2 0.037 0.949 0.024 0.069
2 0.020 0.571 0.011 0.026
1 0.023 0.549 0.005 0.006
1 0.066 0.550 0.005 0.011
2 0.062 0.566 0.007 0.022
1 0.092 0.569 0.005 0.010
2 0.083 0.576 0.012 0.015
2 0.462 0.615 0.010 0.025
1 0.465 0.599 0.004 0.010
1 0.440 0.476 0.004 0.006
1 0.443 0.467 0.004 0.005
1 0.510 0.451 0.004 0.004
2 0.510 0.460 0.004 0.009
1 0.654 0.574 0.005 0.011
1 0.608 0.512 0.003 0.008
1 0.623 0.540 0.005 0.007
1 0.612 0.505 0.004 0.005
2 0.604 0.516 0.005 0.013
2 0.616 0.549 0.008 0.016
2 0.648 0.572 0.007 0.011
2 0.716 0.537 0.009 0.021
1 0.717 0.522 0.006 0.008
2 0.582 0.866 0.017 0.042
1 0.577 0.832 0.013 0.013
1 0.468 0.700 0.010 0.020
1 0.523 0.705 0.010 0.015
1 0.452 0.685 0.005 0.012
2 0.443 0.704 0.017 0.017
2 0.524 0.730 0.014 0.031
1 0.761 0.517 0.005 0.007
1 0.800 0.555 0.006 0.008
1 0.855 0.671 0.008 0.012
2 0.766 0.523 0.007 0.013
2 0.801 0.574 0.010 0.022
2 0.850 0.694 0.012 0.033
3 0.144 0.847 0.076 0.190
4 0.496 0.944 0.162 0.106
6 0.643 0.279 0.021 0.014
3 0.441 0.775 0.152 0.168
10 0.261 0.727 0.035 0.098
11 0.585 0.501 0.034 0.026
12 0.429 0.488 0.023 0.109
12 0.206 0.060 0.008 0.039
10 0.451 0.571 0.012 0.035
14 0.036 0.181 0.029 0.019
14 0.061 0.189 0.027 0.028
14 0.027 0.206 0.023 0.020
14 0.232 0.279 0.065 0.042
14 0.671 0.270 0.044 0.012
14 0.814 0.239 0.072 0.010
14 0.879 0.232 0.036 0.016
14 0.960 0.224 0.036 0.016
13 0.118 0.254 0.115 0.050
13 0.637 0.292 0.105 0.013
