0 0.760 0.892 0.022 0.047
0 0.861 0.921 0.018 0.056
0 0.665 0.921 0.018 0.072
0 0.676 0.860 0.010 0.057
0 0.666 0.863 0.010 0.051
0 0.639 0.791 0.008 0.031
0 0.621 0.810 0.011 0.034
0 0.471 0.846 0.011 0.043
0 0.237 0.840 0.012 0.039
0 0.107 0.754 0.012 0.040
0 0.271 0.723 0.012 0.017
0 0.380 0.692 0.011 0.023
0 0.475 0.715 0.008 0.027
0 0.594 0.713 0.010 0.027
0 0.586 0.717 0.009 0.031
1 0.107 0.739 0.004 0.005
1 0.237 0.824 0.003 0.006
1 0.469 0.829 0.005 0.008
1 0.475 0.705 0.003 0.005
1 0.377 0.685 0.003 0.006
1 0.594 0.702 0.003 0.006
1 0.584 0.705 0.003 0.004
1 0.621 0.797 0.004 0.007
1 0.638 0.781 0.004 0.007
1 0.664 0.842 0.004 0.006
1 0.674 0.834 0.005 0.005
1 0.666 0.889 0.005 0.006
1 0.765 0.875 0.004 0.008
1 0.860 0.903 0.007 0.010
2 0.107 0.749 0.006 0.015
2 0.236 0.836 0.006 0.016
2 0.665 0.907 0.009 0.025
2 0.665 0.857 0.008 0.019
2 0.674 0.850 0.007 0.021
2 0.620 0.807 0.008 0.016
2 0.640 0.794 0.007 0.014
2 0.757 0.881 0.013 0.020
2 0.380 0.690 0.003 0.007
2 0.475 0.715 0.005 0.011
4 0.227 0.945 0.063 0.055
4 0.414 0.745 0.030 0.031
4 0.239 0.714 0.030 0.028
4 0.485 0.774 0.026 0.027
4 0.816 0.770 0.025 0.025
5 0.088 0.848 0.118 0.072
9 0.599 0.803 0.028 0.022
10 0.077 0.716 0.007 0.023
10 0.679 0.740 0.007 0.021
10 0.075 0.856 0.017 0.041
12 0.560 0.231 0.034 0.064
12 0.610 0.390 0.011 0.016
