0 0.093 0.270 0.036 0.074
0 0.191 0.389 0.066 0.134
0 0.215 0.354 0.032 0.134
0 0.746 0.186 0.012 0.072
0 0.819 0.224 0.017 0.081
0 0.823 0.040 0.012 0.058
0 0.841 0.778 0.046 0.180
0 0.711 0.722 0.049 0.186
0 0.294 0.533 0.064 0.141
0 0.113 0.507 0.034 0.086
1 0.092 0.243 0.011 0.025
1 0.107 0.471 0.012 0.019
1 0.200 0.332 0.017 0.019
1 0.206 0.300 0.015 0.024
1 0.296 0.474 0.018 0.024
1 0.718 0.643 0.023 0.026
1 0.844 0.703 0.015 0.028
1 0.825 0.190 0.008 0.013
2 0.092 0.266 0.019 0.028
2 0.114 0.509 0.026 0.054
2 0.201 0.373 0.028 0.057
2 0.213 0.336 0.016 0.044
2 0.287 0.515 0.034 0.065
2 0.700 0.699 0.023 0.062
2 0.819 0.216 0.010 0.034
2 0.824 0.036 0.006 0.028
2 0.853 0.756 0.033 0.075
3 0.014 0.916 0.024 0.094
4 0.709 0.305 0.117 0.144
5 0.458 0.018 0.048 0.034
7 0.813 0.129 0.027 0.041
7 0.861 0.116 0.021 0.042
