0 0.290 0.019 0.014 0.037
0 0.297 0.166 0.017 0.081
0 0.298 0.148 0.030 0.083
0 0.340 0.027 0.013 0.052
0 0.401 0.048 0.019 0.035
0 0.399 0.094 0.016 0.081
0 0.461 0.253 0.028 0.101
0 0.553 0.025 0.016 0.046
0 0.737 0.106 0.014 0.033
0 0.889 0.072 0.025 0.040
0 0.969 0.061 0.025 0.078
1 0.286 0.113 0.006 0.012
1 0.292 0.131 0.008 0.015
1 0.457 0.209 0.009 0.011
1 0.400 0.058 0.006 0.011
1 0.399 0.036 0.007 0.010
1 0.548 0.010 0.006 0.011
1 0.965 0.028 0.007 0.011
1 0.881 0.059 0.008 0.014
2 0.296 0.155 0.009 0.031
2 0.297 0.130 0.014 0.033
2 0.398 0.051 0.008 0.014
2 0.399 0.082 0.011 0.031
2 0.462 0.241 0.016 0.040
2 0.556 0.020 0.009 0.014
2 0.892 0.061 0.009 0.015
2 0.970 0.047 0.012 0.027
3 0.184 0.098 0.055 0.043
3 0.277 0.098 0.046 0.049
3 0.853 0.136 0.037 0.089
4 0.927 0.111 0.093 0.052
4 0.930 0.020 0.079 0.034
4 0.333 0.128 0.071 0.068
7 0.044 0.482 0.086 0.106
7 0.082 0.628 0.092 0.105
7 0.348 0.371 0.172 0.152
7 0.451 0.489 0.044 0.103
7 0.627 0.414 0.079 0.116
7 0.791 0.415 0.126 0.139
7 0.646 0.734 0.063 0.141
7 0.487 0.906 0.078 0.152
7 0.703 0.917 0.157 0.162
7 0.915 0.525 0.062 0.098
10 0.108 0.058 0.018 0.044
10 0.138 0.051 0.032 0.066
9 0.258 0.151 0.047 0.050
9 0.943 0.074 0.040 0.060
3 0.414 0.155 0.042 0.041
