7 0.267 0.636 0.087 0.079
7 0.472 0.555 0.102 0.110
7 0.662 0.601 0.061 0.091
7 0.776 0.611 0.096 0.111
7 0.714 0.938 0.121 0.124
7 0.335 0.733 0.048 0.053
7 0.554 0.642 0.028 0.058
3 0.061 0.513 0.052 0.067
3 0.132 0.496 0.052 0.081
3 0.826 0.378 0.028 0.087
4 0.438 0.336 0.076 0.075
4 0.449 0.236 0.052 0.056
4 0.950 0.369 0.030 0.065
4 0.946 0.268 0.055 0.061
7 0.926 0.775 0.058 0.230
4 0.704 0.502 0.134 0.137
0 0.429 0.363 0.016 0.072
0 0.290 0.345 0.017 0.076
0 0.312 0.178 0.020 0.044
0 0.174 0.219 0.023 0.062
0 0.382 0.249 0.011 0.078
0 0.386 0.181 0.011 0.038
0 0.429 0.083 0.014 0.049
0 0.584 0.236 0.017 0.048
7 0.688 0.822 0.052 0.076
7 0.601 0.923 0.043 0.099
7 0.858 0.701 0.035 0.073
0 0.179 0.051 0.012 0.046
0 0.084 0.063 0.016 0.025
0 0.045 0.051 0.011 0.021
10 0.012 0.194 0.018 0.043
0 0.552 0.230 0.013 0.051
4 0.539 0.154 0.045 0.050
10 0.285 0.267 0.026 0.045
4 0.934 0.094 0.042 0.039
4 0.883 0.267 0.056 0.045
0 0.741 0.330 0.015 0.052
0 0.745 0.371 0.013 0.059
