0 0.372 0.471 0.014 0.052
0 0.396 0.486 0.013 0.056
0 0.045 0.634 0.019 0.064
0 0.094 0.211 0.011 0.030
0 0.160 0.172 0.007 0.027
0 0.192 0.167 0.007 0.023
0 0.736 0.748 0.039 0.072
0 0.886 0.756 0.025 0.040
0 0.923 0.605 0.020 0.058
0 0.658 0.327 0.013 0.067
0 0.615 0.319 0.011 0.037
0 0.626 0.327 0.009 0.057
0 0.639 0.303 0.012 0.063
0 0.795 0.285 0.009 0.043
0 0.843 0.272 0.018 0.022
0 0.921 0.311 0.023 0.029
0 0.920 0.283 0.013 0.045
0 0.471 0.260 0.011 0.024
0 0.956 0.587 0.018 0.055
3 0.233 0.344 0.019 0.050
4 0.487 0.752 0.104 0.113
4 0.907 0.875 0.147 0.116
4 0.986 0.475 0.029 0.082
4 0.854 0.950 0.193 0.100
14 0.843 0.029 0.080 0.042
7 0.037 0.780 0.032 0.071
7 0.035 0.683 0.039 0.050
7 0.171 0.745 0.041 0.074
7 0.264 0.663 0.069 0.083
7 0.217 0.771 0.046 0.049
7 0.271 0.721 0.037 0.037
7 0.303 0.564 0.021 0.033
7 0.377 0.530 0.015 0.042
1 0.958 0.566 0.007 0.011
1 0.927 0.582 0.011 0.014
1 0.885 0.755 0.012 0.018
1 0.753 0.725 0.008 0.017
2 0.886 0.747 0.016 0.020
2 0.954 0.584 0.013 0.024
2 0.923 0.603 0.013 0.034
2 0.737 0.725 0.020 0.026
10 0.917 0.343 0.010 0.027
1 0.929 0.305 0.005 0.012
2 0.919 0.310 0.013 0.013
2 0.922 0.274 0.010 0.022
1 0.848 0.272 0.004 0.008
2 0.842 0.270 0.009 0.012
1 0.796 0.269 0.005 0.008
2 0.795 0.285 0.009 0.019
1 0.658 0.297 0.004 0.006
1 0.636 0.276 0.005 0.007
1 0.625 0.303 0.006 0.009
2 0.616 0.316 0.008 0.017
2 0.627 0.318 0.008 0.018
2 0.639 0.291 0.008 0.018
2 0.657 0.314 0.008 0.022
1 0.396 0.466 0.005 0.011
1 0.373 0.455 0.008 0.012
2 0.396 0.482 0.006 0.019
2 0.374 0.471 0.008 0.021
2 0.093 0.203 0.007 0.012
2 0.160 0.171 0.005 0.013
2 0.045 0.625 0.012 0.029
1 0.044 0.604 0.009 0.012
