7 0.353 0.555 0.109 0.099
7 0.428 0.678 0.061 0.102
7 0.592 0.480 0.122 0.133
7 0.655 0.597 0.156 0.102
7 0.847 0.562 0.083 0.100
7 0.968 0.574 0.065 0.104
7 0.779 0.949 0.067 0.101
7 0.899 0.841 0.062 0.115
7 0.954 0.962 0.091 0.075
4 0.555 0.141 0.088 0.071
4 0.554 0.246 0.086 0.064
4 0.877 0.448 0.178 0.143
3 0.117 0.396 0.071 0.091
3 0.196 0.375 0.070 0.101
0 0.213 0.100 0.014 0.058
0 0.432 0.113 0.013 0.069
0 0.496 0.073 0.015 0.036
0 0.497 0.119 0.014 0.060
0 0.510 0.252 0.016 0.056
0 0.672 0.137 0.017 0.070
0 0.734 0.161 0.013 0.058
