0 0.193 0.775 0.030 0.065
0 0.296 0.611 0.027 0.074
0 0.281 0.195 0.023 0.028
0 0.380 0.327 0.024 0.041
0 0.408 0.256 0.023 0.061
0 0.430 0.237 0.014 0.039
0 0.055 0.341 0.030 0.097
0 0.041 0.145 0.020 0.029
0 0.075 0.069 0.019 0.059
0 0.775 0.700 0.039 0.082
0 0.812 0.159 0.024 0.047
3 0.273 0.920 0.127 0.160
3 0.077 0.673 0.060 0.118
3 0.115 0.613 0.129 0.105
3 0.250 0.302 0.031 0.090
3 0.474 0.514 0.063 0.099
3 0.389 0.673 0.085 0.086
4 0.790 0.582 0.131 0.221
3 0.865 0.508 0.071 0.081
3 0.649 0.359 0.064 0.110
4 0.520 0.556 0.065 0.073
4 0.606 0.591 0.131 0.184
4 0.391 0.453 0.133 0.138
4 0.275 0.562 0.084 0.120
4 0.315 0.579 0.079 0.117
4 0.266 0.770 0.149 0.231
11 0.401 0.550 0.075 0.086
9 0.498 0.709 0.034 0.072
1 0.770 0.671 0.014 0.023
1 0.186 0.757 0.014 0.027
1 0.292 0.585 0.012 0.020
2 0.300 0.617 0.020 0.058
1 0.811 0.146 0.010 0.020
1 0.047 0.303 0.009 0.017
10 0.349 0.359 0.016 0.049
1 0.414 0.231 0.008 0.013
1 0.429 0.225 0.007 0.013
1 0.272 0.198 0.006 0.015
2 0.192 0.768 0.023 0.036
2 0.408 0.251 0.014 0.029
