0 0.115 0.660 0.021 0.039
0 0.167 0.672 0.022 0.057
0 0.318 0.884 0.023 0.075
0 0.379 0.710 0.012 0.038
0 0.382 0.688 0.010 0.034
0 0.475 0.846 0.024 0.044
0 0.636 0.547 0.011 0.051
0 0.646 0.550 0.009 0.050
0 0.520 0.487 0.010 0.043
0 0.171 0.522 0.007 0.033
0 0.041 0.286 0.008 0.034
0 0.024 0.287 0.010 0.029
0 0.161 0.300 0.007 0.025
3 0.791 0.462 0.027 0.047
3 0.645 0.606 0.022 0.067
3 0.469 0.292 0.017 0.035
3 0.366 0.771 0.035 0.089
3 0.368 0.369 0.018 0.036
3 0.460 0.650 0.057 0.069
3 0.432 0.741 0.075 0.060
4 0.572 0.893 0.070 0.112
4 0.770 0.895 0.080 0.085
4 0.606 0.744 0.102 0.075
4 0.519 0.729 0.042 0.058
4 0.359 0.305 0.033 0.024
4 0.107 0.539 0.054 0.041
4 0.179 0.954 0.154 0.093
4 0.893 0.485 0.035 0.050
14 0.062 0.009 0.053 0.018
13 0.563 0.034 0.452 0.064
13 0.276 0.031 0.114 0.021
13 0.112 0.039 0.197 0.026
9 0.497 0.847 0.019 0.036
2 0.117 0.652 0.016 0.015
2 0.168 0.660 0.014 0.014
1 0.315 0.852 0.010 0.011
2 0.313 0.880 0.013 0.036
2 0.476 0.847 0.018 0.025
2 0.380 0.704 0.015 0.019
2 0.384 0.691 0.009 0.023
1 0.482 0.828 0.008 0.010
0 0.654 0.698 0.016 0.060
1 0.743 0.708 0.004 0.012
1 0.652 0.669 0.006 0.007
2 0.654 0.691 0.010 0.024
2 0.731 0.711 0.013 0.020
2 0.521 0.482 0.009 0.021
2 0.635 0.544 0.008 0.018
4 0.513 0.278 0.032 0.024
10 0.584 0.684 0.020 0.042
