0 0.765 0.528 0.011 0.038
0 0.673 0.527 0.008 0.026
0 0.828 0.693 0.017 0.031
0 0.772 0.699 0.017 0.027
0 0.775 0.662 0.013 0.022
0 0.698 0.697 0.018 0.032
0 0.646 0.654 0.013 0.060
0 0.537 0.594 0.006 0.046
0 0.521 0.596 0.009 0.043
0 0.529 0.586 0.009 0.046
0 0.473 0.547 0.005 0.041
0 0.460 0.479 0.007 0.026
0 0.449 0.479 0.006 0.022
0 0.458 0.545 0.008 0.034
0 0.084 0.600 0.008 0.034
0 0.063 0.594 0.006 0.025
0 0.104 0.653 0.007 0.033
0 0.105 0.769 0.012 0.066
0 0.171 0.751 0.017 0.046
0 0.352 0.798 0.026 0.049
0 0.503 0.720 0.012 0.036
0 0.551 0.709 0.020 0.045
0 0.502 0.865 0.017 0.087
0 0.667 0.884 0.022 0.113
0 0.762 0.895 0.023 0.070
0 0.013 0.625 0.014 0.060
1 0.108 0.741 0.006 0.013
1 0.104 0.641 0.004 0.006
1 0.165 0.732 0.006 0.009
1 0.348 0.781 0.008 0.011
1 0.501 0.827 0.008 0.013
1 0.503 0.706 0.005 0.009
1 0.544 0.693 0.004 0.009
1 0.522 0.578 0.002 0.004
1 0.535 0.573 0.002 0.004
1 0.472 0.528 0.003 0.003
1 0.461 0.531 0.002 0.003
1 0.462 0.468 0.002 0.003
1 0.672 0.518 0.002 0.003
1 0.646 0.627 0.005 0.006
1 0.703 0.683 0.004 0.006
1 0.777 0.661 0.004 0.008
1 0.667 0.834 0.009 0.011
1 0.755 0.870 0.007 0.013
1 0.836 0.692 0.003 0.009
2 0.105 0.652 0.004 0.015
2 0.104 0.758 0.008 0.025
2 0.173 0.746 0.011 0.019
2 0.356 0.794 0.011 0.025
2 0.501 0.852 0.012 0.038
2 0.502 0.724 0.007 0.025
2 0.554 0.696 0.011 0.019
2 0.519 0.590 0.004 0.015
2 0.458 0.542 0.004 0.014
2 0.473 0.540 0.004 0.010
2 0.449 0.477 0.003 0.011
2 0.764 0.523 0.003 0.012
2 0.647 0.643 0.006 0.019
2 0.696 0.685 0.007 0.013
2 0.669 0.868 0.012 0.037
2 0.767 0.892 0.015 0.040
2 0.827 0.683 0.010 0.010
2 0.773 0.695 0.007 0.017
12 0.566 0.392 0.037 0.059
12 0.692 0.214 0.008 0.020
3 0.046 0.929 0.062 0.036
4 0.107 0.693 0.057 0.040
4 0.092 0.495 0.029 0.025
4 0.249 0.469 0.012 0.015
4 0.281 0.517 0.028 0.022
4 0.352 0.533 0.021 0.022
4 0.438 0.485 0.006 0.020
4 0.527 0.555 0.026 0.020
4 0.652 0.512 0.022 0.026
4 0.828 0.879 0.107 0.108
4 0.900 0.795 0.084 0.048
4 0.540 0.758 0.073 0.034
4 0.521 0.681 0.062 0.023
3 0.315 0.544 0.024 0.030
3 0.387 0.492 0.012 0.026
3 0.677 0.647 0.023 0.049
3 0.740 0.555 0.018 0.037
3 0.489 0.784 0.032 0.086
7 0.780 0.978 0.053 0.043
4 0.610 0.730 0.027 0.050
10 0.715 0.697 0.008 0.025
11 0.655 0.757 0.035 0.044
14 0.089 0.301 0.010 0.004
14 0.114 0.300 0.010 0.006
14 0.150 0.270 0.006 0.020
14 0.245 0.319 0.013 0.007
14 0.299 0.305 0.011 0.005
14 0.370 0.316 0.017 0.008
14 0.443 0.316 0.020 0.007
14 0.550 0.309 0.040 0.005
14 0.575 0.300 0.011 0.005
14 0.605 0.227 0.006 0.025
14 0.700 0.299 0.048 0.007
14 0.710 0.310 0.037 0.009
14 0.958 0.304 0.023 0.007
14 0.991 0.397 0.018 0.013
14 0.768 0.468 0.015 0.011
9 0.541 0.718 0.027 0.030
3 0.706 0.774 0.047 0.029
