0 0.253 0.562 0.005 0.024
0 0.149 0.587 0.008 0.037
0 0.280 0.841 0.012 0.036
0 0.327 0.899 0.010 0.032
0 0.329 0.864 0.013 0.039
0 0.353 0.811 0.009 0.017
0 0.390 0.796 0.008 0.020
0 0.421 0.772 0.006 0.027
0 0.509 0.790 0.009 0.037
0 0.481 0.718 0.006 0.020
0 0.535 0.736 0.007 0.025
0 0.549 0.738 0.005 0.011
0 0.634 0.736 0.005 0.024
0 0.677 0.831 0.015 0.025
0 0.743 0.945 0.013 0.053
0 0.748 0.904 0.011 0.026
0 0.727 0.885 0.009 0.019
0 0.734 0.869 0.017 0.018
0 0.907 0.913 0.015 0.026
0 0.989 0.937 0.013 0.057
0 0.988 0.872 0.018 0.031
0 0.052 0.994 0.011 0.012
0 0.639 0.541 0.005 0.013
0 0.702 0.548 0.007 0.010
0 0.717 0.548 0.005 0.011
0 0.972 0.550 0.006 0.012
1 0.150 0.572 0.004 0.006
2 0.148 0.587 0.008 0.018
1 0.253 0.552 0.003 0.004
2 0.253 0.559 0.004 0.009
1 0.053 0.992 0.007 0.009
1 0.329 0.888 0.003 0.006
1 0.334 0.850 0.004 0.007
2 0.279 0.839 0.007 0.015
1 0.283 0.826 0.004 0.005
2 0.329 0.861 0.007 0.014
2 0.324 0.894 0.007 0.013
2 0.353 0.812 0.006 0.008
1 0.351 0.804 0.003 0.006
1 0.508 0.773 0.004 0.006
2 0.508 0.783 0.005 0.012
1 0.482 0.710 0.003 0.006
2 0.481 0.717 0.003 0.009
1 0.535 0.727 0.003 0.004
2 0.535 0.734 0.004 0.010
2 0.549 0.738 0.003 0.006
2 0.639 0.543 0.003 0.007
1 0.640 0.537 0.002 0.004
1 0.702 0.544 0.003 0.004
1 0.691 0.543 0.002 0.004
2 0.703 0.549 0.003 0.007
1 0.634 0.727 0.004 0.004
2 0.634 0.733 0.003 0.009
1 0.678 0.825 0.004 0.007
2 0.674 0.832 0.006 0.013
1 0.733 0.864 0.004 0.007
2 0.729 0.869 0.006 0.013
1 0.729 0.881 0.005 0.007
2 0.725 0.881 0.004 0.008
1 0.749 0.894 0.004 0.006
2 0.748 0.906 0.007 0.015
1 0.746 0.924 0.005 0.006
2 0.742 0.937 0.008 0.020
1 0.904 0.903 0.004 0.007
2 0.910 0.910 0.008 0.015
1 0.986 0.911 0.005 0.008
2 0.989 0.927 0.008 0.018
1 0.992 0.867 0.004 0.011
2 0.986 0.866 0.010 0.015
4 0.763 0.806 0.022 0.050
7 0.784 0.824 0.019 0.037
7 0.650 0.791 0.017 0.025
6 0.764 0.542 0.028 0.022
3 0.584 0.516 0.105 0.132
12 0.206 0.221 0.008 0.029
12 0.604 0.098 0.018 0.029
12 0.585 0.235 0.021 0.119
12 0.340 0.315 0.006 0.021
11 0.708 0.850 0.037 0.043
10 0.571 0.985 0.013 0.030
14 0.036 0.585 0.030 0.028
14 0.112 0.552 0.015 0.011
14 0.135 0.551 0.025 0.009
14 0.185 0.550 0.018 0.012
14 0.209 0.551 0.021 0.007
14 0.196 0.571 0.011 0.006
14 0.180 0.572 0.015 0.006
14 0.346 0.582 0.022 0.020
14 0.385 0.571 0.051 0.118
14 0.793 0.533 0.048 0.017
14 0.925 0.513 0.032 0.013
13 0.266 0.603 0.138 0.035
13 0.835 0.566 0.211 0.023
