0 0.024 0.838 0.029 0.084
0 0.016 0.972 0.029 0.056
0 0.062 0.954 0.050 0.092
0 0.442 0.757 0.023 0.106
0 0.483 0.758 0.021 0.101
0 0.524 0.758 0.029 0.075
0 0.578 0.909 0.040 0.105
0 0.037 0.588 0.014 0.072
0 0.084 0.594 0.021 0.073
0 0.195 0.553 0.017 0.031
0 0.169 0.509 0.014 0.056
0 0.348 0.486 0.015 0.040
0 0.384 0.491 0.013 0.050
0 0.450 0.618 0.015 0.083
0 0.650 0.588 0.022 0.038
0 0.619 0.559 0.016 0.034
0 0.828 0.723 0.025 0.110
0 0.801 0.596 0.018 0.075
0 0.770 0.575 0.018 0.067
0 0.767 0.534 0.017 0.025
0 0.802 0.546 0.015 0.039
0 0.472 0.500 0.009 0.045
0 0.559 0.503 0.013 0.022
0 0.511 0.468 0.011 0.030
0 0.424 0.464 0.008 0.022
0 0.438 0.474 0.009 0.015
0 0.606 0.526 0.010 0.015
0 0.612 0.517 0.007 0.013
1 0.007 0.963 0.011 0.026
1 0.056 0.922 0.020 0.020
1 0.021 0.811 0.014 0.016
2 0.023 0.838 0.021 0.038
2 0.060 0.969 0.027 0.058
2 0.016 0.987 0.021 0.026
2 0.577 0.910 0.022 0.050
1 0.569 0.872 0.016 0.022
1 0.479 0.814 0.011 0.019
1 0.460 0.799 0.011 0.016
1 0.525 0.730 0.011 0.014
1 0.480 0.725 0.011 0.010
1 0.456 0.717 0.009 0.013
1 0.444 0.713 0.008 0.013
2 0.441 0.742 0.014 0.036
2 0.526 0.752 0.013 0.036
2 0.484 0.758 0.016 0.034
2 0.461 0.743 0.015 0.025
2 0.460 0.817 0.015 0.019
0 0.460 0.809 0.019 0.046
2 0.449 0.607 0.008 0.024
1 0.450 0.584 0.005 0.010
2 0.824 0.719 0.014 0.035
1 0.831 0.689 0.009 0.017
2 0.801 0.590 0.007 0.028
1 0.804 0.572 0.004 0.013
2 0.771 0.564 0.009 0.020
1 0.774 0.548 0.007 0.012
2 0.770 0.531 0.009 0.013
1 0.763 0.525 0.004 0.006
2 0.647 0.585 0.008 0.019
1 0.655 0.581 0.007 0.011
2 0.619 0.560 0.010 0.017
1 0.622 0.551 0.006 0.010
2 0.605 0.524 0.005 0.012
1 0.609 0.522 0.004 0.009
1 0.614 0.515 0.003 0.008
2 0.558 0.503 0.006 0.015
2 0.084 0.580 0.010 0.021
2 0.167 0.503 0.009 0.019
2 0.035 0.582 0.011 0.026
1 0.036 0.560 0.006 0.008
1 0.081 0.556 0.009 0.015
1 0.195 0.550 0.007 0.008
1 0.167 0.489 0.005 0.008
2 0.471 0.493 0.005 0.016
1 0.471 0.481 0.005 0.006
2 0.510 0.465 0.005 0.010
1 0.510 0.456 0.002 0.004
3 0.425 0.916 0.137 0.168
3 0.168 0.870 0.129 0.184
4 0.538 0.962 0.072 0.076
6 0.646 0.282 0.021 0.012
12 0.427 0.600 0.024 0.133
12 0.209 0.058 0.014 0.029
10 0.266 0.755 0.044 0.102
11 0.588 0.511 0.033 0.025
14 0.060 0.202 0.029 0.013
14 0.033 0.198 0.022 0.019
14 0.027 0.214 0.023 0.011
14 0.047 0.219 0.015 0.014
14 0.233 0.289 0.054 0.023
13 0.141 0.276 0.124 0.062
13 0.727 0.291 0.110 0.019
