0 0.296 0.171 0.016 0.079
0 0.298 0.154 0.027 0.082
0 0.289 0.025 0.017 0.048
0 0.338 0.033 0.012 0.065
0 0.398 0.055 0.019 0.036
0 0.397 0.100 0.017 0.082
0 0.473 0.258 0.027 0.100
0 0.557 0.036 0.019 0.050
0 0.735 0.116 0.016 0.044
0 0.886 0.068 0.013 0.045
0 0.958 0.077 0.029 0.075
1 0.288 0.119 0.008 0.015
1 0.292 0.138 0.010 0.016
1 0.398 0.065 0.006 0.012
1 0.398 0.041 0.007 0.011
1 0.469 0.216 0.008 0.012
1 0.550 0.016 0.007 0.010
1 0.886 0.051 0.007 0.013
1 0.956 0.042 0.006 0.012
2 0.337 0.014 0.007 0.019
2 0.300 0.137 0.014 0.032
2 0.296 0.163 0.011 0.031
2 0.395 0.057 0.009 0.013
2 0.398 0.086 0.010 0.025
2 0.475 0.244 0.014 0.035
2 0.558 0.027 0.011 0.019
2 0.964 0.059 0.014 0.025
4 0.337 0.130 0.070 0.066
4 0.925 0.028 0.082 0.031
4 0.917 0.116 0.083 0.062
3 0.853 0.146 0.034 0.089
3 0.410 0.156 0.054 0.047
3 0.273 0.107 0.040 0.033
3 0.187 0.109 0.057 0.055
7 0.045 0.485 0.087 0.105
7 0.079 0.631 0.084 0.102
7 0.348 0.377 0.172 0.160
7 0.453 0.486 0.046 0.090
7 0.486 0.902 0.067 0.141
7 0.644 0.734 0.065 0.137
7 0.626 0.422 0.081 0.113
7 0.787 0.425 0.122 0.143
7 0.698 0.913 0.151 0.175
7 0.912 0.533 0.062 0.109
10 0.111 0.072 0.022 0.061
10 0.142 0.061 0.032 0.071
9 0.259 0.157 0.043 0.057
9 0.943 0.085 0.033 0.052
