0 0.531 0.851 0.019 0.082
0 0.638 0.688 0.019 0.040
0 0.622 0.522 0.010 0.055
0 0.752 0.546 0.013 0.045
0 0.802 0.939 0.031 0.063
0 0.282 0.593 0.016 0.060
0 0.176 0.535 0.019 0.048
0 0.398 0.459 0.011 0.019
0 0.216 0.438 0.011 0.046
0 0.380 0.470 0.011 0.025
3 0.881 0.343 0.034 0.036
3 0.533 0.551 0.029 0.074
4 0.688 0.701 0.083 0.117
4 0.619 0.482 0.049 0.053
4 0.688 0.566 0.115 0.081
4 0.362 0.404 0.039 0.044
1 0.531 0.819 0.007 0.013
1 0.631 0.675 0.005 0.010
1 0.623 0.500 0.006 0.010
1 0.811 0.919 0.007 0.024
1 0.278 0.569 0.009 0.013
1 0.170 0.515 0.005 0.007
1 0.213 0.417 0.004 0.008
1 0.110 0.509 0.007 0.014
7 0.289 0.819 0.039 0.070
7 0.341 0.689 0.038 0.060
7 0.423 0.689 0.063 0.075
7 0.458 0.743 0.035 0.060
7 0.572 0.766 0.034 0.098
7 0.468 0.847 0.043 0.053
7 0.514 0.756 0.038 0.075
7 0.489 0.801 0.034 0.060
7 0.299 0.894 0.069 0.062
7 0.220 0.636 0.053 0.039
2 0.280 0.587 0.013 0.026
2 0.528 0.843 0.019 0.041
