0 0.051 0.040 0.019 0.056
0 0.061 0.097 0.028 0.111
0 0.136 0.164 0.034 0.131
0 0.369 0.263 0.044 0.167
0 0.564 0.201 0.042 0.085
0 0.952 0.431 0.049 0.129
0 0.388 0.661 0.065 0.098
1 0.390 0.631 0.021 0.039
1 0.055 0.022 0.012 0.019
1 0.066 0.049 0.012 0.016
1 0.138 0.108 0.013 0.019
1 0.356 0.188 0.014 0.018
1 0.548 0.169 0.009 0.019
1 0.957 0.380 0.017 0.027
2 0.051 0.044 0.015 0.025
2 0.003 0.202 0.004 0.021
2 0.057 0.082 0.018 0.055
2 0.130 0.144 0.016 0.053
2 0.359 0.241 0.022 0.042
2 0.398 0.675 0.030 0.054
2 0.570 0.181 0.027 0.033
2 0.956 0.406 0.029 0.055
4 0.085 0.568 0.167 0.235
3 0.228 0.685 0.115 0.149
