0 0.246 0.803 0.049 0.120
0 0.401 0.485 0.019 0.055
0 0.290 0.448 0.019 0.082
0 0.056 0.479 0.029 0.060
0 0.075 0.508 0.024 0.042
0 0.030 0.592 0.022 0.077
0 0.661 0.584 0.013 0.070
0 0.666 0.303 0.007 0.058
0 0.692 0.306 0.018 0.050
3 0.863 0.389 0.041 0.070
3 0.742 0.539 0.045 0.102
3 0.445 0.205 0.059 0.040
3 0.102 0.634 0.091 0.113
4 0.212 0.659 0.146 0.074
4 0.272 0.369 0.068 0.053
4 0.754 0.401 0.062 0.045
4 0.704 0.749 0.184 0.155
1 0.264 0.760 0.012 0.034
1 0.286 0.413 0.008 0.016
1 0.029 0.559 0.014 0.014
1 0.068 0.457 0.007 0.014
1 0.067 0.494 0.009 0.017
7 0.422 0.944 0.139 0.112
7 0.749 0.936 0.120 0.128
7 0.889 0.870 0.136 0.135
2 0.240 0.794 0.032 0.085
2 0.053 0.469 0.021 0.033
2 0.077 0.506 0.014 0.024
