0 0.907 0.642 0.004 0.021
0 0.914 0.645 0.004 0.023
0 0.917 0.744 0.008 0.014
0 0.747 0.709 0.011 0.018
0 0.617 0.764 0.005 0.032
0 0.624 0.771 0.005 0.031
0 0.630 0.763 0.003 0.027
0 0.635 0.767 0.004 0.029
0 0.419 0.656 0.007 0.014
0 0.416 0.672 0.005 0.016
0 0.390 0.663 0.005 0.024
0 0.370 0.663 0.003 0.020
0 0.366 0.676 0.006 0.029
0 0.303 0.783 0.009 0.061
0 0.233 0.662 0.003 0.009
0 0.035 0.823 0.013 0.062
0 0.665 0.883 0.013 0.040
0 0.674 0.987 0.013 0.026
1 0.035 0.795 0.005 0.007
1 0.303 0.756 0.004 0.006
1 0.367 0.666 0.003 0.004
1 0.371 0.654 0.002 0.004
1 0.674 0.978 0.005 0.007
1 0.670 0.865 0.004 0.006
1 0.625 0.758 0.004 0.006
2 0.036 0.813 0.011 0.022
2 0.304 0.772 0.006 0.019
2 0.665 0.876 0.007 0.019
2 0.624 0.767 0.003 0.009
2 0.674 0.991 0.010 0.015
2 0.917 0.744 0.005 0.009
12 0.654 0.605 0.018 0.037
3 0.924 0.859 0.039 0.057
4 0.983 0.850 0.033 0.041
4 0.850 0.768 0.041 0.036
4 0.620 0.680 0.029 0.025
5 0.431 0.842 0.163 0.097
7 0.598 0.978 0.021 0.034
7 0.655 0.950 0.014 0.027
10 0.406 0.862 0.018 0.053
10 0.092 0.658 0.012 0.024
10 0.451 0.654 0.008 0.020
11 0.448 0.727 0.025 0.020
14 0.022 0.429 0.025 0.009
14 0.060 0.472 0.010 0.042
14 0.149 0.435 0.015 0.006
14 0.228 0.436 0.064 0.015
14 0.359 0.455 0.023 0.009
14 0.399 0.452 0.039 0.008
14 0.465 0.450 0.036 0.008
14 0.572 0.647 0.029 0.010
14 0.528 0.456 0.028 0.007
7 0.450 0.681 0.015 0.026
