0 0.106 0.523 0.007 0.044
0 0.115 0.761 0.011 0.046
0 0.092 0.803 0.010 0.049
0 0.118 0.876 0.010 0.044
0 0.436 0.778 0.008 0.057
0 0.402 0.628 0.006 0.036
0 0.676 0.719 0.015 0.025
0 0.706 0.706 0.007 0.025
0 0.842 0.718 0.006 0.015
0 0.750 0.493 0.003 0.011
0 0.744 0.496 0.004 0.013
0 0.559 0.551 0.004 0.025
0 0.548 0.536 0.005 0.012
0 0.534 0.531 0.004 0.023
0 0.503 0.506 0.004 0.012
0 0.469 0.522 0.004 0.011
0 0.488 0.524 0.004 0.020
0 0.504 0.555 0.005 0.028
0 0.526 0.563 0.005 0.022
0 0.518 0.569 0.004 0.019
0 0.492 0.565 0.006 0.028
0 0.486 0.566 0.005 0.027
0 0.495 0.588 0.005 0.030
0 0.500 0.588 0.004 0.031
0 0.484 0.600 0.005 0.030
0 0.593 0.610 0.004 0.029
0 0.424 0.524 0.006 0.008
0 0.405 0.505 0.006 0.010
0 0.390 0.504 0.004 0.010
0 0.383 0.519 0.005 0.010
0 0.389 0.613 0.007 0.030
0 0.302 0.489 0.003 0.015
0 0.321 0.512 0.004 0.019
0 0.311 0.514 0.004 0.021
0 0.306 0.564 0.005 0.028
0 0.300 0.562 0.005 0.028
0 0.277 0.581 0.009 0.021
0 0.295 0.550 0.004 0.023
0 0.289 0.522 0.005 0.023
0 0.274 0.508 0.006 0.007
0 0.270 0.530 0.004 0.020
0 0.264 0.524 0.005 0.020
0 0.238 0.541 0.005 0.025
0 0.234 0.517 0.004 0.009
0 0.237 0.487 0.002 0.015
0 0.096 0.378 0.004 0.011
1 0.097 0.390 0.002 0.004
1 0.745 0.491 0.003 0.003
1 0.749 0.488 0.002 0.004
1 0.708 0.697 0.002 0.006
1 0.670 0.710 0.003 0.006
1 0.843 0.715 0.005 0.009
1 0.593 0.600 0.002 0.006
1 0.558 0.540 0.001 0.004
1 0.548 0.532 0.003 0.006
1 0.525 0.555 0.003 0.005
1 0.503 0.502 0.001 0.003
1 0.487 0.517 0.002 0.005
1 0.503 0.544 0.002 0.005
1 0.467 0.519 0.002 0.004
1 0.486 0.556 0.003 0.006
1 0.492 0.553 0.003 0.003
1 0.485 0.586 0.002 0.004
1 0.403 0.613 0.004 0.004
1 0.389 0.602 0.004 0.006
1 0.389 0.501 0.001 0.003
1 0.306 0.552 0.003 0.005
1 0.312 0.506 0.002 0.004
1 0.321 0.504 0.003 0.004
1 0.302 0.483 0.002 0.003
1 0.289 0.513 0.002 0.003
1 0.300 0.550 0.003 0.005
1 0.295 0.540 0.004 0.004
1 0.275 0.574 0.003 0.004
1 0.264 0.516 0.002 0.003
1 0.239 0.531 0.002 0.005
1 0.232 0.515 0.002 0.004
1 0.116 0.742 0.004 0.008
1 0.094 0.781 0.005 0.006
1 0.120 0.857 0.006 0.008
1 0.437 0.753 0.004 0.007
2 0.097 0.375 0.003 0.007
2 0.113 0.756 0.007 0.020
2 0.117 0.871 0.007 0.018
2 0.389 0.610 0.005 0.012
2 0.433 0.633 0.005 0.014
2 0.279 0.577 0.004 0.008
2 0.306 0.560 0.003 0.010
2 0.300 0.558 0.004 0.010
2 0.296 0.547 0.002 0.007
2 0.270 0.530 0.003 0.009
2 0.311 0.511 0.002 0.007
2 0.321 0.510 0.003 0.008
2 0.404 0.506 0.003 0.007
2 0.384 0.518 0.002 0.004
2 0.423 0.524 0.003 0.004
2 0.484 0.594 0.004 0.010
2 0.486 0.562 0.003 0.007
2 0.492 0.561 0.004 0.011
2 0.504 0.506 0.003 0.006
2 0.504 0.552 0.003 0.012
2 0.526 0.562 0.004 0.011
2 0.533 0.529 0.002 0.006
2 0.559 0.548 0.002 0.010
2 0.678 0.719 0.009 0.018
2 0.593 0.609 0.003 0.012
2 0.715 0.705 0.007 0.015
2 0.707 0.709 0.005 0.017
12 0.007 0.182 0.005 0.014
12 0.095 0.153 0.005 0.022
12 0.343 0.190 0.009 0.018
12 0.535 0.436 0.005 0.018
3 0.249 0.592 0.017 0.021
3 0.320 0.583 0.020 0.019
3 0.468 0.591 0.019 0.021
3 0.578 0.669 0.026 0.031
4 0.524 0.728 0.026 0.057
4 0.523 0.592 0.019 0.023
4 0.705 0.676 0.017 0.033
4 0.624 0.591 0.014 0.023
7 0.287 0.670 0.012 0.025
7 0.298 0.634 0.013 0.017
7 0.320 0.615 0.013 0.025
7 0.303 0.697 0.036 0.013
7 0.329 0.676 0.012 0.020
7 0.364 0.651 0.013 0.022
7 0.360 0.712 0.022 0.017
7 0.385 0.706 0.014 0.022
7 0.406 0.692 0.012 0.030
7 0.408 0.664 0.020 0.018
7 0.428 0.671 0.018 0.041
7 0.419 0.700 0.017 0.019
7 0.430 0.722 0.039 0.035
13 0.190 0.959 0.377 0.083
13 0.124 0.422 0.109 0.040
6 0.388 0.372 0.013 0.011
10 0.168 0.386 0.004 0.005
11 0.429 0.506 0.016 0.014
10 0.611 0.477 0.006 0.010
10 0.640 0.546 0.004 0.019
10 0.454 0.568 0.008 0.017
6 0.471 0.616 0.011 0.028
10 0.261 0.719 0.006 0.019
14 0.002 0.384 0.004 0.019
14 0.009 0.384 0.006 0.013
14 0.025 0.381 0.006 0.015
14 0.048 0.380 0.006 0.015
14 0.019 0.362 0.005 0.011
14 0.077 0.359 0.005 0.011
14 0.133 0.415 0.028 0.016
14 0.151 0.381 0.012 0.009
14 0.158 0.364 0.013 0.007
14 0.404 0.363 0.028 0.006
14 0.444 0.355 0.017 0.032
14 0.473 0.350 0.007 0.005
14 0.501 0.348 0.008 0.004
14 0.501 0.375 0.006 0.008
14 0.551 0.346 0.002 0.005
14 0.565 0.346 0.002 0.006
14 0.597 0.380 0.010 0.016
14 0.674 0.349 0.007 0.003
14 0.695 0.345 0.003 0.005
14 0.745 0.345 0.005 0.006
11 0.639 0.714 0.021 0.023
14 0.461 0.501 0.005 0.008
14 0.414 0.497 0.005 0.005
14 0.332 0.504 0.005 0.009
14 0.252 0.506 0.006 0.006
14 0.037 0.381 0.017 0.013
