0 0.112 0.321 0.014 0.082
0 0.203 0.283 0.020 0.077
0 0.180 0.138 0.009 0.032
0 0.215 0.140 0.011 0.043
0 0.241 0.122 0.011 0.021
0 0.263 0.172 0.010 0.051
0 0.350 0.160 0.008 0.037
0 0.438 0.177 0.010 0.046
0 0.525 0.297 0.010 0.028
0 0.525 0.268 0.006 0.044
0 0.532 0.267 0.003 0.035
0 0.539 0.262 0.006 0.040
0 0.568 0.107 0.004 0.024
0 0.666 0.151 0.011 0.034
0 0.629 0.397 0.014 0.055
0 0.863 0.181 0.009 0.020
0 0.918 0.548 0.013 0.080
0 0.883 0.545 0.019 0.094
0 0.725 0.502 0.016 0.081
0 0.651 0.609 0.015 0.094
0 0.728 0.688 0.019 0.094
0 0.051 0.441 0.032 0.107
1 0.046 0.396 0.009 0.017
1 0.111 0.285 0.005 0.012
1 0.201 0.250 0.006 0.014
1 0.179 0.126 0.003 0.007
1 0.261 0.152 0.005 0.009
1 0.348 0.142 0.002 0.005
1 0.438 0.159 0.003 0.006
1 0.539 0.245 0.004 0.006
1 0.632 0.376 0.005 0.008
1 0.861 0.174 0.003 0.008
1 0.725 0.467 0.006 0.011
1 0.889 0.506 0.008 0.014
1 0.921 0.516 0.007 0.015
1 0.733 0.651 0.009 0.014
1 0.652 0.564 0.006 0.011
2 0.179 0.137 0.004 0.017
2 0.242 0.126 0.005 0.011
2 0.203 0.272 0.013 0.030
2 0.111 0.309 0.009 0.026
2 0.043 0.427 0.013 0.044
2 0.264 0.168 0.007 0.020
2 0.439 0.173 0.006 0.016
2 0.524 0.262 0.004 0.018
2 0.527 0.298 0.006 0.019
2 0.731 0.678 0.010 0.038
2 0.652 0.593 0.011 0.031
2 0.727 0.491 0.007 0.030
2 0.628 0.396 0.009 0.025
2 0.863 0.185 0.004 0.012
2 0.884 0.527 0.012 0.028
12 0.162 0.026 0.021 0.051
3 0.247 0.147 0.016 0.025
3 0.559 0.129 0.018 0.016
4 0.507 0.138 0.036 0.027
4 0.703 0.126 0.032 0.022
4 0.815 0.223 0.042 0.042
4 0.868 0.134 0.042 0.017
3 0.986 0.341 0.026 0.078
4 0.806 0.913 0.184 0.174
7 0.690 0.483 0.048 0.035
7 0.642 0.494 0.019 0.047
7 0.586 0.555 0.029 0.046
7 0.636 0.599 0.022 0.050
7 0.678 0.633 0.040 0.061
7 0.692 0.703 0.043 0.056
7 0.825 0.675 0.098 0.096
7 0.776 0.720 0.027 0.049
5 0.321 0.411 0.207 0.188
10 0.320 0.452 0.028 0.078
10 0.284 0.122 0.009 0.028
11 0.311 0.218 0.025 0.029
14 0.061 0.140 0.013 0.022
10 0.092 0.135 0.008 0.012
14 0.385 0.109 0.020 0.014
14 0.408 0.113 0.022 0.011
9 0.699 0.128 0.014 0.012
7 0.291 0.159 0.025 0.033
