0 0.545 0.764 0.012 0.064
0 0.637 0.769 0.016 0.039
0 0.798 0.936 0.028 0.067
0 0.533 0.504 0.012 0.044
0 0.613 0.548 0.013 0.058
0 0.736 0.514 0.011 0.048
0 0.846 0.530 0.012 0.041
0 0.285 0.590 0.013 0.061
0 0.376 0.468 0.009 0.029
0 0.391 0.461 0.011 0.040
0 0.177 0.531 0.020 0.048
0 0.210 0.439 0.009 0.044
0 0.167 0.416 0.011 0.030
0 0.107 0.515 0.010 0.034
0 0.241 0.369 0.008 0.021
0 0.225 0.313 0.011 0.034
0 0.208 0.266 0.006 0.031
3 0.884 0.341 0.033 0.045
3 0.534 0.549 0.029 0.064
3 0.761 0.491 0.024 0.054
4 0.620 0.480 0.051 0.045
4 0.681 0.695 0.078 0.110
1 0.284 0.565 0.007 0.009
1 0.169 0.511 0.004 0.009
1 0.210 0.421 0.004 0.008
1 0.545 0.738 0.007 0.015
1 0.613 0.524 0.007 0.008
1 0.530 0.488 0.006 0.006
1 0.375 0.459 0.007 0.010
1 0.392 0.444 0.004 0.009
1 0.243 0.366 0.007 0.012
1 0.109 0.507 0.005 0.010
7 0.292 0.891 0.072 0.076
7 0.338 0.687 0.039 0.063
7 0.418 0.688 0.069 0.077
7 0.458 0.739 0.036 0.061
7 0.486 0.798 0.028 0.057
7 0.469 0.842 0.040 0.051
7 0.575 0.762 0.030 0.106
7 0.512 0.748 0.043 0.071
7 0.288 0.811 0.035 0.055
2 0.286 0.586 0.008 0.030
