0 0.847 0.973 0.038 0.053
0 0.824 0.676 0.039 0.083
0 0.683 0.610 0.026 0.103
0 0.193 0.556 0.024 0.093
0 0.199 0.393 0.016 0.071
0 0.366 0.335 0.014 0.059
0 0.230 0.237 0.011 0.050
0 0.379 0.196 0.010 0.047
12 0.191 0.083 0.022 0.042
4 0.982 0.207 0.036 0.041
5 0.141 0.390 0.176 0.137
5 0.396 0.414 0.053 0.102
5 0.340 0.396 0.040 0.115
5 0.334 0.213 0.028 0.068
5 0.531 0.406 0.146 0.059
5 0.706 0.403 0.039 0.182
10 0.789 0.456 0.025 0.084
10 0.118 0.186 0.014 0.035
7 0.381 0.266 0.030 0.029
7 0.386 0.294 0.035 0.025
1 0.858 0.959 0.021 0.025
1 0.845 0.653 0.013 0.022
1 0.681 0.568 0.009 0.017
2 0.688 0.597 0.023 0.043
2 0.822 0.656 0.026 0.037
2 0.191 0.542 0.016 0.031
2 0.199 0.389 0.014 0.033
1 0.192 0.518 0.009 0.016
1 0.198 0.366 0.010 0.014
1 0.367 0.307 0.007 0.011
2 0.365 0.328 0.014 0.023
1 0.230 0.216 0.005 0.008
1 0.583 0.231 0.005 0.009
1 0.377 0.175 0.003 0.006
1 0.379 0.163 0.006 0.007
