0 0.829 0.920 0.039 0.101
0 0.808 0.628 0.042 0.068
0 0.674 0.574 0.026 0.110
0 0.201 0.519 0.022 0.077
0 0.213 0.376 0.014 0.072
0 0.358 0.317 0.017 0.059
0 0.876 0.461 0.012 0.037
0 0.892 0.350 0.009 0.047
0 0.012 0.588 0.024 0.052
0 0.384 0.190 0.010 0.046
12 0.205 0.084 0.022 0.048
4 0.968 0.202 0.034 0.037
5 0.701 0.394 0.042 0.165
5 0.521 0.398 0.142 0.055
5 0.408 0.393 0.062 0.088
5 0.343 0.378 0.039 0.094
5 0.338 0.211 0.018 0.056
5 0.137 0.402 0.150 0.087
10 0.129 0.188 0.017 0.036
10 0.775 0.433 0.024 0.082
7 0.985 0.541 0.031 0.056
7 0.386 0.262 0.035 0.025
7 0.391 0.284 0.033 0.020
1 0.833 0.877 0.016 0.026
2 0.830 0.909 0.027 0.048
1 0.825 0.609 0.008 0.019
1 0.672 0.533 0.009 0.014
2 0.807 0.617 0.025 0.042
2 0.676 0.566 0.017 0.046
2 0.360 0.315 0.011 0.025
1 0.357 0.292 0.007 0.010
1 0.875 0.458 0.010 0.026
1 0.581 0.225 0.006 0.010
1 0.203 0.489 0.009 0.016
1 0.211 0.350 0.009 0.013
2 0.210 0.370 0.011 0.027
2 0.201 0.510 0.013 0.034
1 0.006 0.575 0.011 0.017
1 0.239 0.213 0.007 0.012
