0 0.056 0.593 0.023 0.069
0 0.661 0.506 0.009 0.021
0 0.653 0.528 0.015 0.033
0 0.636 0.529 0.015 0.031
0 0.502 0.943 0.036 0.056
1 0.503 0.928 0.011 0.016
1 0.061 0.573 0.006 0.014
1 0.636 0.520 0.008 0.010
1 0.652 0.516 0.006 0.009
2 0.661 0.509 0.005 0.010
2 0.637 0.538 0.011 0.014
2 0.653 0.536 0.012 0.019
2 0.056 0.584 0.011 0.019
10 0.983 0.539 0.012 0.026
14 0.427 0.452 0.056 0.036
14 0.528 0.453 0.061 0.031
14 0.668 0.461 0.064 0.018
14 0.644 0.480 0.036 0.016
14 0.573 0.493 0.032 0.018
14 0.534 0.487 0.029 0.016
13 0.555 0.569 0.134 0.065
13 0.683 0.577 0.117 0.062
13 0.804 0.582 0.125 0.069
13 0.934 0.594 0.132 0.067
13 0.251 0.571 0.058 0.049
13 0.188 0.584 0.074 0.051
13 0.112 0.604 0.079 0.059
13 0.037 0.626 0.071 0.060
13 0.144 0.520 0.286 0.037
7 0.135 0.491 0.031 0.026
7 0.166 0.491 0.026 0.025
7 0.204 0.494 0.017 0.026
7 0.269 0.493 0.027 0.025
7 0.247 0.491 0.018 0.020
7 0.225 0.489 0.026 0.029
