0 0.133 0.384 0.026 0.072
0 0.176 0.344 0.016 0.061
0 0.397 0.690 0.024 0.103
0 0.407 0.637 0.024 0.092
0 0.478 0.582 0.022 0.087
0 0.219 0.151 0.015 0.035
3 0.892 0.928 0.088 0.121
3 0.223 0.750 0.039 0.068
3 0.429 0.947 0.068 0.092
4 0.265 0.874 0.090 0.180
4 0.101 0.303 0.036 0.068
4 0.206 0.499 0.104 0.081
14 0.075 0.171 0.149 0.061
13 0.178 0.048 0.350 0.096
7 0.418 0.581 0.090 0.060
7 0.441 0.468 0.035 0.057
7 0.431 0.378 0.024 0.053
7 0.229 0.325 0.051 0.057
7 0.283 0.364 0.028 0.047
7 0.304 0.330 0.024 0.049
7 0.335 0.332 0.032 0.041
7 0.329 0.459 0.039 0.068
7 0.270 0.401 0.044 0.076
1 0.395 0.644 0.012 0.015
1 0.402 0.605 0.009 0.014
1 0.476 0.544 0.009 0.011
2 0.477 0.568 0.012 0.030
2 0.404 0.629 0.013 0.030
2 0.396 0.669 0.017 0.036
1 0.174 0.317 0.006 0.009
1 0.131 0.353 0.007 0.011
2 0.176 0.336 0.010 0.021
2 0.133 0.372 0.010 0.021
