0 0.027 0.579 0.013 0.066
0 0.070 0.577 0.016 0.061
0 0.084 0.585 0.017 0.037
0 0.025 0.837 0.024 0.077
0 0.188 0.933 0.032 0.125
0 0.036 0.948 0.034 0.103
0 0.570 0.877 0.033 0.081
0 0.523 0.728 0.021 0.056
0 0.478 0.718 0.024 0.041
0 0.444 0.722 0.013 0.035
0 0.448 0.693 0.024 0.023
0 0.462 0.613 0.016 0.055
0 0.854 0.707 0.022 0.118
0 0.764 0.528 0.015 0.027
0 0.798 0.585 0.015 0.068
0 0.718 0.551 0.013 0.064
0 0.799 0.539 0.013 0.029
0 0.445 0.485 0.008 0.043
0 0.423 0.460 0.005 0.015
0 0.509 0.464 0.007 0.025
0 0.556 0.496 0.010 0.022
0 0.607 0.517 0.011 0.018
0 0.619 0.552 0.016 0.032
0 0.651 0.581 0.015 0.031
0 0.165 0.501 0.013 0.047
0 0.195 0.547 0.015 0.025
0 0.300 0.491 0.009 0.037
0 0.308 0.485 0.009 0.038
1 0.339 0.984 0.032 0.026
1 0.180 0.889 0.011 0.022
1 0.027 0.907 0.015 0.021
1 0.029 0.809 0.012 0.021
1 0.444 0.709 0.009 0.009
1 0.474 0.704 0.008 0.014
1 0.523 0.713 0.010 0.017
1 0.452 0.688 0.008 0.008
2 0.480 0.726 0.011 0.022
2 0.443 0.733 0.012 0.022
2 0.523 0.735 0.009 0.030
2 0.461 0.614 0.009 0.025
1 0.464 0.593 0.008 0.007
2 0.188 0.932 0.018 0.054
2 0.040 0.953 0.025 0.049
2 0.021 0.819 0.011 0.027
2 0.027 0.568 0.009 0.027
2 0.068 0.569 0.011 0.023
2 0.085 0.577 0.008 0.010
2 0.163 0.492 0.008 0.016
2 0.196 0.548 0.009 0.012
1 0.167 0.481 0.005 0.005
1 0.195 0.537 0.005 0.010
1 0.562 0.844 0.013 0.010
2 0.575 0.868 0.019 0.031
2 0.856 0.699 0.010 0.030
2 0.767 0.525 0.008 0.011
2 0.800 0.578 0.010 0.021
2 0.719 0.542 0.009 0.023
1 0.720 0.525 0.007 0.007
1 0.862 0.674 0.008 0.015
1 0.804 0.558 0.006 0.008
1 0.761 0.519 0.004 0.009
1 0.653 0.575 0.006 0.012
1 0.624 0.541 0.006 0.013
1 0.609 0.514 0.004 0.012
2 0.618 0.550 0.007 0.019
4 0.495 0.959 0.140 0.081
3 0.138 0.846 0.065 0.223
6 0.643 0.281 0.021 0.014
3 0.437 0.821 0.123 0.176
10 0.258 0.731 0.040 0.088
11 0.587 0.501 0.039 0.054
12 0.428 0.512 0.026 0.100
12 0.208 0.061 0.009 0.024
10 0.451 0.570 0.012 0.036
14 0.030 0.188 0.023 0.018
14 0.062 0.193 0.029 0.021
14 0.028 0.207 0.019 0.015
14 0.047 0.210 0.015 0.013
14 0.232 0.283 0.051 0.027
14 0.671 0.271 0.045 0.013
14 0.814 0.238 0.072 0.014
14 0.878 0.232 0.035 0.010
14 0.959 0.226 0.036 0.010
13 0.125 0.261 0.077 0.046
13 0.600 0.299 0.090 0.024
