7 0.350 0.722 0.121 0.111
7 0.641 0.639 0.161 0.213
7 0.437 0.934 0.082 0.119
7 0.785 0.832 0.050 0.093
7 0.947 0.767 0.106 0.152
4 0.595 0.200 0.101 0.072
4 0.588 0.330 0.097 0.091
4 0.942 0.585 0.116 0.142
3 0.086 0.512 0.088 0.105
3 0.183 0.484 0.075 0.125
0 0.274 0.859 0.034 0.103
0 0.521 0.410 0.016 0.058
0 0.532 0.352 0.029 0.067
0 0.805 0.248 0.020 0.060
0 0.739 0.199 0.018 0.078
0 0.515 0.183 0.025 0.038
0 0.524 0.133 0.014 0.050
0 0.480 0.136 0.023 0.075
0 0.419 0.096 0.018 0.070
0 0.227 0.138 0.019 0.067
