0 0.470 0.964 0.041 0.072
0 0.517 0.963 0.048 0.073
0 0.291 0.394 0.018 0.075
0 0.592 0.394 0.027 0.131
0 0.640 0.382 0.038 0.063
0 0.756 0.475 0.049 0.097
0 0.948 0.075 0.020 0.046
0 0.982 0.063 0.015 0.084
0 0.926 0.024 0.025 0.039
0 0.882 0.017 0.018 0.025
1 0.467 0.948 0.022 0.030
1 0.504 0.941 0.018 0.025
1 0.289 0.364 0.007 0.012
1 0.592 0.342 0.010 0.018
1 0.655 0.375 0.008 0.017
1 0.773 0.440 0.011 0.021
1 0.986 0.034 0.007 0.013
1 0.883 0.011 0.007 0.007
2 0.465 0.982 0.036 0.033
2 0.520 0.978 0.037 0.036
2 0.289 0.385 0.013 0.025
2 0.592 0.377 0.020 0.046
2 0.639 0.375 0.026 0.031
2 0.763 0.467 0.025 0.056
2 0.948 0.061 0.013 0.011
2 0.984 0.055 0.013 0.034
2 0.879 0.019 0.010 0.011
2 0.927 0.015 0.011 0.011
3 0.499 0.449 0.098 0.127
3 0.755 0.063 0.030 0.081
4 0.833 0.618 0.179 0.139
4 0.684 0.619 0.098 0.219
4 0.532 0.190 0.077 0.067
4 0.540 0.043 0.073 0.063
4 0.885 0.050 0.092 0.067
7 0.274 0.579 0.046 0.053
7 0.230 0.496 0.041 0.056
7 0.019 0.503 0.038 0.039
7 0.078 0.485 0.066 0.123
7 0.023 0.414 0.043 0.046
7 0.041 0.379 0.037 0.037
7 0.044 0.335 0.034 0.037
7 0.156 0.299 0.035 0.035
9 0.684 0.439 0.104 0.106
6 0.576 0.090 0.038 0.081
