0 0.017 0.967 0.020 0.061
0 0.041 0.953 0.018 0.061
0 0.230 0.722 0.011 0.031
0 0.250 0.690 0.011 0.031
0 0.361 0.735 0.011 0.021
0 0.428 0.724 0.011 0.024
0 0.522 0.725 0.009 0.034
0 0.514 0.736 0.009 0.037
0 0.576 0.893 0.014 0.037
0 0.628 0.894 0.011 0.040
0 0.644 0.879 0.014 0.043
0 0.841 0.846 0.017 0.040
0 0.865 0.914 0.019 0.040
0 0.341 0.967 0.020 0.058
1 0.022 0.941 0.004 0.006
1 0.042 0.930 0.006 0.007
1 0.231 0.713 0.003 0.005
1 0.249 0.682 0.003 0.004
1 0.364 0.727 0.004 0.004
1 0.428 0.718 0.004 0.005
1 0.340 0.944 0.006 0.010
1 0.575 0.881 0.007 0.008
1 0.627 0.879 0.006 0.007
1 0.514 0.720 0.004 0.005
1 0.523 0.710 0.004 0.003
2 0.018 0.961 0.009 0.022
2 0.041 0.948 0.009 0.025
2 0.575 0.897 0.011 0.021
2 0.629 0.897 0.009 0.023
2 0.515 0.732 0.006 0.013
2 0.521 0.720 0.005 0.012
2 0.427 0.729 0.007 0.013
2 0.229 0.724 0.006 0.014
2 0.251 0.688 0.008 0.011
3 0.316 0.866 0.040 0.058
3 0.427 0.752 0.026 0.037
4 0.370 0.845 0.043 0.047
4 0.281 0.781 0.046 0.044
4 0.799 0.829 0.047 0.037
4 0.054 0.726 0.040 0.032
4 0.633 0.934 0.047 0.065
10 0.630 0.769 0.008 0.025
9 0.535 0.903 0.036 0.042
