0 0.113 0.532 0.020 0.038
0 0.166 0.538 0.018 0.044
0 0.540 0.883 0.028 0.071
0 0.408 0.942 0.019 0.087
0 0.316 0.789 0.021 0.081
0 0.377 0.578 0.018 0.037
0 0.383 0.563 0.014 0.041
0 0.473 0.707 0.019 0.044
0 0.652 0.594 0.016 0.063
0 0.634 0.423 0.009 0.039
0 0.643 0.416 0.007 0.044
0 0.519 0.365 0.013 0.050
0 0.156 0.165 0.008 0.037
0 0.772 0.479 0.009 0.040
0 0.738 0.558 0.009 0.049
0 0.730 0.586 0.025 0.022
0 0.743 0.522 0.014 0.025
3 0.641 0.479 0.024 0.064
3 0.791 0.340 0.026 0.057
3 0.468 0.161 0.018 0.033
3 0.363 0.237 0.023 0.039
3 0.429 0.609 0.073 0.058
3 0.365 0.638 0.028 0.091
3 0.457 0.516 0.059 0.063
4 0.175 0.818 0.121 0.101
4 0.571 0.761 0.077 0.093
4 0.603 0.885 0.102 0.135
4 0.792 0.767 0.132 0.077
4 0.603 0.614 0.086 0.062
4 0.514 0.598 0.041 0.068
4 0.526 0.479 0.056 0.051
4 0.110 0.415 0.049 0.046
4 0.551 0.299 0.026 0.035
4 0.356 0.171 0.032 0.021
9 0.493 0.705 0.025 0.037
7 0.206 0.962 0.112 0.076
7 0.062 0.974 0.067 0.053
1 0.127 0.971 0.010 0.014
1 0.312 0.759 0.013 0.017
1 0.411 0.898 0.011 0.014
1 0.531 0.857 0.009 0.013
1 0.479 0.692 0.009 0.015
2 0.470 0.705 0.017 0.030
2 0.543 0.877 0.018 0.042
2 0.411 0.927 0.015 0.040
2 0.316 0.784 0.017 0.031
2 0.116 0.519 0.014 0.015
2 0.169 0.527 0.013 0.020
2 0.379 0.568 0.012 0.016
2 0.385 0.560 0.011 0.019
1 0.652 0.569 0.008 0.009
1 0.739 0.537 0.005 0.009
1 0.771 0.464 0.006 0.008
2 0.727 0.584 0.013 0.015
2 0.650 0.592 0.011 0.027
4 0.890 0.368 0.035 0.051
