0 0.246 0.557 0.008 0.023
0 0.149 0.582 0.008 0.041
0 0.053 0.991 0.014 0.019
0 0.281 0.844 0.015 0.037
0 0.323 0.906 0.015 0.034
0 0.326 0.860 0.017 0.038
0 0.352 0.805 0.013 0.021
0 0.743 0.945 0.017 0.059
0 0.748 0.901 0.017 0.031
0 0.726 0.879 0.013 0.022
0 0.730 0.860 0.014 0.016
0 0.678 0.829 0.018 0.022
0 0.507 0.783 0.011 0.038
0 0.535 0.729 0.010 0.017
0 0.480 0.713 0.008 0.020
0 0.551 0.735 0.011 0.014
0 0.634 0.730 0.009 0.028
0 0.677 0.700 0.010 0.022
0 0.665 0.784 0.009 0.030
0 0.675 0.776 0.010 0.019
0 0.989 0.937 0.014 0.055
0 0.905 0.909 0.015 0.029
0 0.983 0.865 0.015 0.044
0 0.705 0.543 0.007 0.011
0 0.715 0.544 0.008 0.011
0 0.640 0.538 0.008 0.015
0 0.692 0.544 0.006 0.008
0 0.683 0.543 0.005 0.008
0 0.920 0.547 0.009 0.011
0 0.973 0.548 0.008 0.010
1 0.149 0.567 0.004 0.007
2 0.149 0.581 0.007 0.019
1 0.245 0.549 0.004 0.003
2 0.246 0.556 0.004 0.011
1 0.285 0.831 0.004 0.005
2 0.280 0.836 0.008 0.009
1 0.326 0.897 0.004 0.007
1 0.332 0.845 0.003 0.007
2 0.328 0.858 0.007 0.017
2 0.320 0.900 0.008 0.010
1 0.351 0.800 0.005 0.004
2 0.353 0.807 0.007 0.010
1 0.508 0.767 0.003 0.006
2 0.480 0.712 0.004 0.009
2 0.535 0.729 0.003 0.008
2 0.549 0.735 0.003 0.009
2 0.508 0.779 0.004 0.014
1 0.482 0.705 0.003 0.005
1 0.534 0.722 0.004 0.005
1 0.549 0.730 0.002 0.003
1 0.635 0.723 0.003 0.006
2 0.634 0.731 0.004 0.009
1 0.665 0.775 0.004 0.005
2 0.663 0.785 0.005 0.012
2 0.678 0.699 0.004 0.007
1 0.676 0.692 0.004 0.005
2 0.673 0.829 0.006 0.016
1 0.675 0.820 0.004 0.007
1 0.729 0.857 0.004 0.006
1 0.729 0.873 0.005 0.007
2 0.727 0.864 0.003 0.009
2 0.724 0.876 0.005 0.008
2 0.745 0.901 0.006 0.018
1 0.746 0.890 0.005 0.006
1 0.747 0.925 0.007 0.010
2 0.741 0.936 0.008 0.020
1 0.775 0.994 0.008 0.010
1 0.972 0.546 0.004 0.007
1 0.640 0.533 0.003 0.003
1 0.682 0.541 0.004 0.004
1 0.692 0.541 0.002 0.004
1 0.705 0.540 0.002 0.004
2 0.705 0.546 0.002 0.006
2 0.714 0.545 0.002 0.005
1 0.714 0.539 0.003 0.005
2 0.639 0.540 0.003 0.008
4 0.763 0.805 0.022 0.044
7 0.784 0.817 0.019 0.030
7 0.637 0.785 0.040 0.037
6 0.763 0.538 0.023 0.017
3 0.573 0.508 0.109 0.126
12 0.566 0.238 0.028 0.113
12 0.599 0.092 0.018 0.040
12 0.206 0.217 0.008 0.033
12 0.343 0.307 0.006 0.023
11 0.706 0.849 0.033 0.042
10 0.566 0.985 0.021 0.030
14 0.379 0.572 0.054 0.113
14 0.033 0.579 0.021 0.012
14 0.112 0.547 0.018 0.014
14 0.136 0.546 0.021 0.010
14 0.184 0.545 0.020 0.012
14 0.210 0.543 0.021 0.010
14 0.181 0.570 0.019 0.012
14 0.197 0.570 0.014 0.013
14 0.341 0.579 0.034 0.019
14 0.792 0.529 0.047 0.021
13 0.819 0.562 0.122 0.029
13 0.141 0.616 0.139 0.034
