0 0.033 0.563 0.011 0.036
0 0.052 0.559 0.011 0.040
0 0.143 0.542 0.009 0.020
0 0.236 0.895 0.015 0.030
0 0.242 0.844 0.012 0.050
0 0.203 0.826 0.013 0.046
0 0.267 0.789 0.007 0.016
0 0.345 0.764 0.013 0.029
0 0.430 0.763 0.013 0.037
0 0.402 0.696 0.008 0.025
0 0.410 0.722 0.007 0.014
0 0.425 0.718 0.010 0.014
0 0.456 0.711 0.013 0.019
0 0.470 0.713 0.007 0.011
0 0.694 0.956 0.016 0.055
0 0.657 0.927 0.016 0.035
0 0.661 0.866 0.014 0.031
0 0.643 0.853 0.015 0.020
0 0.647 0.838 0.012 0.013
0 0.593 0.803 0.015 0.021
0 0.767 0.847 0.010 0.046
0 0.807 0.872 0.014 0.022
0 0.897 0.525 0.009 0.020
0 0.630 0.527 0.006 0.011
0 0.601 0.525 0.006 0.007
0 0.614 0.526 0.006 0.010
0 0.560 0.520 0.005 0.011
0 0.577 0.523 0.005 0.008
1 0.205 0.808 0.004 0.007
1 0.033 0.548 0.004 0.005
1 0.051 0.544 0.004 0.004
1 0.143 0.534 0.003 0.006
2 0.032 0.563 0.005 0.018
2 0.053 0.558 0.009 0.021
2 0.145 0.544 0.004 0.013
2 0.203 0.821 0.006 0.019
2 0.242 0.838 0.008 0.017
2 0.234 0.894 0.005 0.012
1 0.238 0.884 0.004 0.007
1 0.244 0.823 0.004 0.007
1 0.268 0.782 0.005 0.006
1 0.429 0.749 0.003 0.006
2 0.429 0.758 0.005 0.012
1 0.403 0.686 0.002 0.004
2 0.403 0.694 0.004 0.009
2 0.410 0.723 0.004 0.007
2 0.458 0.710 0.003 0.009
2 0.470 0.715 0.003 0.006
1 0.471 0.710 0.002 0.004
1 0.456 0.702 0.003 0.003
2 0.590 0.805 0.007 0.015
1 0.593 0.796 0.003 0.005
2 0.640 0.849 0.005 0.007
1 0.644 0.849 0.004 0.008
1 0.650 0.836 0.004 0.007
1 0.660 0.854 0.005 0.005
1 0.658 0.913 0.005 0.009
1 0.696 0.934 0.006 0.010
2 0.655 0.927 0.010 0.017
2 0.695 0.949 0.008 0.020
2 0.660 0.865 0.006 0.018
2 0.644 0.837 0.006 0.008
2 0.768 0.842 0.006 0.015
2 0.810 0.872 0.009 0.012
1 0.765 0.830 0.005 0.007
1 0.804 0.865 0.003 0.006
1 0.843 0.992 0.004 0.011
1 0.345 0.754 0.003 0.006
1 0.560 0.516 0.002 0.003
1 0.578 0.521 0.003 0.005
1 0.602 0.524 0.002 0.003
1 0.630 0.523 0.003 0.005
2 0.631 0.528 0.004 0.006
2 0.560 0.522 0.004 0.006
4 0.676 0.778 0.026 0.037
7 0.695 0.791 0.012 0.033
7 0.555 0.767 0.039 0.024
6 0.677 0.523 0.021 0.020
3 0.465 0.634 0.129 0.133
12 0.115 0.177 0.014 0.035
12 0.469 0.316 0.032 0.129
11 0.623 0.824 0.037 0.040
10 0.486 0.969 0.013 0.055
14 0.091 0.519 0.021 0.018
14 0.117 0.519 0.024 0.015
14 0.295 0.550 0.048 0.109
14 0.010 0.519 0.016 0.015
14 0.035 0.519 0.027 0.011
14 0.707 0.514 0.048 0.015
13 0.176 0.566 0.155 0.030
13 0.732 0.545 0.171 0.024
12 0.263 0.281 0.005 0.019
