0 0.066 0.536 0.016 0.039
0 0.142 0.736 0.018 0.074
0 0.247 0.916 0.031 0.086
0 0.212 0.390 0.009 0.025
0 0.178 0.459 0.013 0.023
0 0.151 0.312 0.009 0.032
0 0.350 0.618 0.013 0.053
0 0.325 0.614 0.015 0.036
0 0.520 0.794 0.015 0.067
0 0.560 0.706 0.011 0.042
0 0.570 0.693 0.009 0.043
0 0.661 0.863 0.020 0.078
0 0.815 0.656 0.015 0.072
0 0.971 0.765 0.014 0.059
0 0.851 0.601 0.011 0.054
0 0.861 0.597 0.010 0.057
0 0.725 0.511 0.013 0.056
3 0.048 0.682 0.095 0.063
3 0.551 0.773 0.037 0.079
3 0.860 0.656 0.025 0.075
3 0.675 0.299 0.017 0.031
3 0.569 0.366 0.024 0.034
3 0.613 0.753 0.070 0.066
3 0.646 0.666 0.052 0.067
4 0.201 0.588 0.046 0.045
4 0.380 0.928 0.138 0.134
4 0.769 0.946 0.099 0.108
4 0.817 0.811 0.070 0.090
4 0.707 0.759 0.039 0.064
4 0.724 0.630 0.044 0.045
4 0.763 0.452 0.032 0.033
4 0.328 0.508 0.042 0.049
4 0.563 0.305 0.036 0.032
14 0.071 0.014 0.092 0.027
13 0.080 0.054 0.134 0.032
13 0.221 0.049 0.100 0.029
13 0.274 0.034 0.000 0.001
13 0.352 0.039 0.157 0.032
13 0.491 0.031 0.087 0.020
13 0.660 0.033 0.098 0.039
13 0.869 0.046 0.261 0.052
9 0.681 0.884 0.021 0.039
7 0.071 0.959 0.122 0.082
2 0.143 0.728 0.016 0.032
1 0.140 0.707 0.011 0.014
1 0.245 0.885 0.010 0.014
2 0.244 0.911 0.014 0.039
2 0.349 0.612 0.013 0.026
2 0.328 0.606 0.012 0.017
2 0.070 0.538 0.014 0.025
1 0.182 0.453 0.005 0.008
10 0.242 0.393 0.013 0.035
1 0.516 0.764 0.009 0.012
2 0.572 0.692 0.010 0.025
2 0.560 0.704 0.011 0.026
2 0.522 0.787 0.014 0.031
1 0.664 0.832 0.009 0.014
2 0.660 0.850 0.016 0.033
2 0.815 0.651 0.012 0.032
1 0.817 0.624 0.007 0.009
2 0.725 0.504 0.010 0.024
