0 0.361 0.591 0.026 0.126
0 0.396 0.524 0.029 0.082
0 0.353 0.519 0.019 0.044
0 0.336 0.317 0.012 0.028
0 0.381 0.334 0.023 0.098
0 0.423 0.309 0.017 0.045
0 0.685 0.544 0.023 0.048
0 0.822 0.504 0.022 0.056
0 0.941 0.406 0.027 0.053
0 0.876 0.343 0.033 0.059
0 0.980 0.952 0.041 0.087
0 0.696 0.151 0.006 0.024
0 0.655 0.322 0.016 0.031
0 0.395 0.161 0.011 0.021
0 0.495 0.069 0.007 0.023
0 0.507 0.065 0.006 0.022
0 0.015 0.353 0.017 0.027
0 0.299 0.131 0.009 0.025
0 0.309 0.119 0.007 0.030
0 0.314 0.135 0.009 0.020
1 0.969 0.923 0.014 0.023
1 0.355 0.539 0.013 0.022
1 0.354 0.504 0.010 0.011
1 0.336 0.305 0.008 0.009
1 0.383 0.296 0.007 0.009
1 0.426 0.290 0.007 0.015
1 0.017 0.344 0.005 0.009
1 0.681 0.528 0.009 0.010
1 0.825 0.489 0.010 0.021
1 0.649 0.314 0.005 0.012
1 0.929 0.707 0.010 0.016
1 0.886 0.317 0.007 0.014
1 0.932 0.387 0.008 0.012
1 0.603 0.136 0.004 0.010
1 0.393 0.156 0.005 0.009
1 0.494 0.060 0.003 0.004
1 0.506 0.058 0.002 0.004
1 0.299 0.120 0.004 0.006
1 0.315 0.127 0.004 0.007
1 0.313 0.109 0.003 0.006
2 0.360 0.569 0.021 0.051
2 0.395 0.506 0.025 0.029
2 0.382 0.320 0.014 0.041
2 0.421 0.307 0.012 0.025
2 0.336 0.326 0.016 0.026
2 0.686 0.549 0.014 0.026
2 0.944 0.402 0.020 0.027
2 0.872 0.323 0.020 0.025
2 0.987 0.958 0.026 0.050
2 0.495 0.070 0.005 0.013
2 0.506 0.066 0.004 0.012
3 0.457 0.179 0.024 0.055
4 0.893 0.287 0.078 0.053
4 0.531 0.393 0.083 0.079
4 0.311 0.263 0.060 0.048
9 0.440 0.347 0.071 0.054
10 0.291 0.658 0.026 0.033
3 0.326 0.366 0.062 0.081
4 0.453 0.404 0.055 0.095
