0 0.017 0.791 0.030 0.106
0 0.037 0.927 0.034 0.126
0 0.332 0.965 0.036 0.069
0 0.266 0.839 0.035 0.155
0 0.583 0.856 0.030 0.097
0 0.812 0.687 0.022 0.093
0 0.459 0.812 0.022 0.121
0 0.523 0.711 0.030 0.052
0 0.458 0.590 0.017 0.048
0 0.799 0.573 0.017 0.070
0 0.765 0.517 0.018 0.029
0 0.649 0.573 0.021 0.033
0 0.692 0.533 0.015 0.061
0 0.617 0.547 0.019 0.036
0 0.556 0.490 0.013 0.020
0 0.471 0.492 0.015 0.043
0 0.445 0.478 0.010 0.043
0 0.422 0.457 0.010 0.014
0 0.437 0.465 0.009 0.009
0 0.512 0.463 0.007 0.019
0 0.609 0.503 0.012 0.022
0 0.078 0.563 0.021 0.075
0 0.026 0.568 0.018 0.068
0 0.004 0.577 0.008 0.067
0 0.194 0.533 0.011 0.033
0 0.153 0.493 0.015 0.032
0 0.295 0.481 0.011 0.031
0 0.525 0.282 0.006 0.008
0 0.520 0.284 0.007 0.011
1 0.324 0.951 0.015 0.023
1 0.256 0.780 0.013 0.024
1 0.011 0.751 0.015 0.023
1 0.079 0.537 0.007 0.011
1 0.029 0.541 0.008 0.011
1 0.194 0.528 0.003 0.007
1 0.031 0.872 0.018 0.025
2 0.072 0.551 0.009 0.021
2 0.024 0.559 0.009 0.028
2 0.034 0.919 0.022 0.050
2 0.264 0.822 0.024 0.050
2 0.333 0.985 0.023 0.028
2 0.012 0.778 0.018 0.031
2 0.460 0.792 0.016 0.047
2 0.582 0.849 0.016 0.040
1 0.584 0.812 0.011 0.013
1 0.523 0.693 0.010 0.016
2 0.525 0.716 0.016 0.026
2 0.459 0.594 0.012 0.025
1 0.459 0.572 0.007 0.009
1 0.655 0.565 0.009 0.011
1 0.693 0.511 0.008 0.011
2 0.693 0.526 0.008 0.020
2 0.646 0.565 0.009 0.010
2 0.615 0.542 0.012 0.017
1 0.621 0.535 0.005 0.010
2 0.603 0.508 0.005 0.010
1 0.607 0.507 0.004 0.007
1 0.611 0.499 0.004 0.007
2 0.555 0.491 0.006 0.011
1 0.555 0.480 0.003 0.005
2 0.471 0.487 0.006 0.017
1 0.469 0.473 0.004 0.006
2 0.444 0.473 0.005 0.013
1 0.443 0.463 0.004 0.006
1 0.761 0.510 0.005 0.009
2 0.767 0.519 0.007 0.016
1 0.802 0.550 0.005 0.009
2 0.798 0.566 0.007 0.021
1 0.816 0.660 0.010 0.018
2 0.811 0.685 0.011 0.033
4 0.488 0.939 0.167 0.121
3 0.161 0.822 0.141 0.159
6 0.642 0.279 0.020 0.010
3 0.424 0.700 0.124 0.154
10 0.258 0.717 0.041 0.087
12 0.419 0.372 0.030 0.130
12 0.209 0.065 0.015 0.026
11 0.585 0.498 0.033 0.032
10 0.450 0.563 0.009 0.033
14 0.034 0.178 0.032 0.034
14 0.066 0.191 0.042 0.029
14 0.024 0.202 0.038 0.035
14 0.227 0.278 0.070 0.037
14 0.670 0.269 0.047 0.014
14 0.814 0.236 0.070 0.008
14 0.877 0.229 0.033 0.013
14 0.958 0.222 0.033 0.011
13 0.127 0.258 0.123 0.048
13 0.718 0.287 0.117 0.018
