7 0.431 0.397 0.082 0.089
7 0.703 0.438 0.068 0.091
7 0.905 0.531 0.051 0.111
7 0.536 0.669 0.044 0.081
7 0.611 0.601 0.040 0.079
7 0.832 0.527 0.047 0.103
7 0.637 0.710 0.060 0.094
7 0.241 0.453 0.061 0.061
4 0.403 0.226 0.073 0.061
4 0.427 0.143 0.061 0.058
4 0.644 0.351 0.113 0.105
4 0.814 0.246 0.065 0.052
4 0.884 0.244 0.041 0.056
4 0.964 0.273 0.073 0.070
4 0.958 0.395 0.084 0.149
4 0.882 0.166 0.062 0.060
3 0.761 0.260 0.026 0.069
0 0.757 0.720 0.025 0.103
0 0.756 0.845 0.026 0.087
0 0.629 0.944 0.027 0.112
1 0.619 0.904 0.015 0.028
0 0.300 0.086 0.011 0.070
0 0.355 0.143 0.010 0.062
0 0.548 0.151 0.023 0.050
0 0.166 0.142 0.012 0.068
0 0.369 0.113 0.012 0.043
0 0.420 0.239 0.018 0.073
0 0.937 0.433 0.023 0.062
7 0.293 0.544 0.048 0.064
7 0.503 0.472 0.030 0.059
7 0.605 0.432 0.055 0.071
7 0.815 0.623 0.054 0.075
7 0.771 0.502 0.041 0.057
3 0.048 0.364 0.050 0.060
3 0.112 0.341 0.050 0.079
10 0.263 0.169 0.028 0.069
4 0.508 0.069 0.042 0.050
