0 0.096 0.739 0.007 0.025
0 0.107 0.769 0.005 0.019
0 0.128 0.772 0.005 0.012
0 0.135 0.764 0.008 0.015
0 0.140 0.807 0.011 0.023
0 0.140 0.695 0.008 0.018
0 0.094 0.530 0.005 0.011
0 0.143 0.534 0.004 0.008
0 0.157 0.532 0.004 0.010
0 0.165 0.533 0.004 0.008
0 0.173 0.532 0.004 0.009
0 0.208 0.851 0.009 0.048
0 0.196 0.838 0.011 0.024
0 0.202 0.826 0.009 0.023
0 0.236 0.891 0.013 0.031
0 0.257 0.917 0.009 0.054
0 0.307 0.803 0.007 0.041
0 0.356 0.801 0.011 0.029
0 0.365 0.854 0.009 0.050
0 0.325 0.858 0.008 0.041
0 0.332 0.873 0.008 0.053
0 0.654 0.948 0.011 0.068
0 0.665 0.960 0.013 0.067
0 0.811 0.768 0.008 0.033
0 0.896 0.785 0.007 0.026
0 0.904 0.791 0.011 0.013
1 0.095 0.526 0.004 0.004
2 0.094 0.532 0.004 0.005
1 0.143 0.531 0.003 0.003
1 0.157 0.529 0.002 0.004
1 0.164 0.530 0.002 0.003
1 0.173 0.529 0.003 0.003
2 0.173 0.535 0.004 0.005
2 0.143 0.535 0.003 0.004
2 0.157 0.534 0.003 0.004
2 0.096 0.735 0.006 0.007
2 0.108 0.770 0.004 0.008
2 0.135 0.765 0.005 0.008
2 0.138 0.809 0.006 0.013
2 0.194 0.836 0.004 0.012
2 0.200 0.823 0.005 0.004
2 0.209 0.843 0.007 0.014
2 0.238 0.892 0.010 0.017
2 0.256 0.916 0.008 0.029
2 0.325 0.854 0.005 0.022
2 0.307 0.798 0.005 0.015
2 0.357 0.800 0.006 0.011
2 0.365 0.846 0.006 0.021
1 0.140 0.689 0.004 0.004
1 0.096 0.729 0.005 0.005
1 0.108 0.762 0.003 0.004
1 0.128 0.770 0.003 0.008
1 0.141 0.799 0.004 0.006
1 0.201 0.817 0.003 0.005
1 0.199 0.828 0.004 0.007
1 0.206 0.831 0.005 0.009
1 0.232 0.880 0.004 0.010
1 0.259 0.894 0.006 0.010
1 0.309 0.785 0.004 0.009
1 0.326 0.841 0.005 0.007
1 0.333 0.851 0.004 0.006
1 0.327 0.840 0.005 0.006
1 0.352 0.790 0.004 0.007
1 0.366 0.833 0.005 0.005
1 0.654 0.921 0.008 0.009
1 0.668 0.933 0.009 0.007
1 0.809 0.755 0.003 0.008
2 0.656 0.944 0.010 0.031
2 0.666 0.951 0.009 0.028
2 0.813 0.767 0.007 0.016
3 0.902 0.814 0.025 0.036
4 0.862 0.842 0.053 0.032
4 0.857 0.812 0.028 0.028
4 0.824 0.817 0.023 0.024
7 0.248 0.780 0.015 0.021
7 0.104 0.784 0.026 0.018
4 0.233 0.777 0.018 0.033
3 0.902 0.368 0.036 0.111
12 0.108 0.122 0.018 0.029
11 0.176 0.821 0.032 0.044
14 0.545 0.540 0.020 0.042
14 0.496 0.486 0.023 0.009
14 0.436 0.490 0.024 0.009
14 0.253 0.516 0.051 0.016
14 0.734 0.484 0.046 0.008
14 0.679 0.490 0.015 0.009
13 0.365 0.541 0.307 0.029
10 0.023 0.981 0.016 0.037
