0 0.216 0.409 0.023 0.056
0 0.408 0.503 0.026 0.066
0 0.470 0.470 0.028 0.135
0 0.502 0.503 0.026 0.068
0 0.452 0.347 0.019 0.055
0 0.377 0.450 0.008 0.060
0 0.576 0.334 0.020 0.085
0 0.662 0.318 0.021 0.082
0 0.936 0.409 0.028 0.094
0 0.986 0.519 0.028 0.102
0 0.794 0.295 0.019 0.071
0 0.830 0.284 0.021 0.080
0 0.907 0.255 0.020 0.076
0 0.939 0.263 0.024 0.056
0 0.740 0.138 0.020 0.035
0 0.667 0.157 0.015 0.050
0 0.640 0.215 0.016 0.075
0 0.514 0.163 0.016 0.058
0 0.462 0.181 0.017 0.065
0 0.436 0.188 0.019 0.079
0 0.228 0.141 0.019 0.052
0 0.567 0.303 0.021 0.078
1 0.215 0.386 0.007 0.011
1 0.409 0.476 0.010 0.012
1 0.474 0.417 0.008 0.011
1 0.458 0.332 0.006 0.010
1 0.506 0.481 0.008 0.015
1 0.574 0.275 0.008 0.012
1 0.576 0.300 0.009 0.011
1 0.667 0.289 0.008 0.011
1 0.365 0.477 0.020 0.001
1 0.226 0.120 0.004 0.007
1 0.798 0.272 0.006 0.006
1 0.832 0.251 0.007 0.009
1 0.989 0.482 0.012 0.017
1 0.939 0.371 0.010 0.010
2 0.219 0.408 0.014 0.028
2 0.410 0.500 0.015 0.027
2 0.474 0.448 0.015 0.030
2 0.495 0.501 0.016 0.035
2 0.577 0.327 0.011 0.031
2 0.937 0.398 0.015 0.033
5 0.089 0.637 0.028 0.160
5 0.171 0.631 0.099 0.102
5 0.200 0.681 0.054 0.127
11 0.939 0.675 0.107 0.102
