12 0.543 0.047 0.213 0.092
12 0.489 0.378 0.029 0.018
14 0.088 0.520 0.175 0.014
14 0.033 0.566 0.064 0.013
0 0.081 0.666 0.043 0.041
0 0.125 0.663 0.038 0.034
0 0.150 0.706 0.083 0.070
0 0.259 0.655 0.036 0.026
0 0.401 0.729 0.092 0.033
0 0.512 0.698 0.073 0.054
0 0.574 0.712 0.109 0.046
1 0.007 0.599 0.013 0.007
1 0.925 0.552 0.009 0.006
1 0.079 0.651 0.022 0.011
1 0.113 0.652 0.014 0.011
1 0.122 0.651 0.019 0.009
1 0.182 0.683 0.017 0.017
1 0.254 0.646 0.019 0.009
1 0.377 0.724 0.042 0.023
1 0.585 0.705 0.060 0.032
1 0.485 0.677 0.017 0.012
2 0.577 0.723 0.083 0.019
2 0.522 0.684 0.050 0.022
2 0.422 0.737 0.049 0.017
2 0.260 0.660 0.029 0.016
2 0.140 0.685 0.056 0.027
2 0.119 0.668 0.028 0.020
2 0.081 0.670 0.030 0.023
7 0.068 0.703 0.098 0.044
7 0.266 0.685 0.096 0.040
7 0.773 0.709 0.193 0.055
3 0.901 0.751 0.197 0.045
3 0.606 0.802 0.536 0.169
11 0.250 0.763 0.230 0.048
11 0.037 0.799 0.071 0.125
