5 0.572 0.556 0.111 0.026
5 0.640 0.883 0.718 0.130
5 0.882 0.558 0.168 0.034
0 0.492 0.547 0.058 0.119
0 0.488 0.451 0.022 0.074
0 0.503 0.444 0.010 0.063
0 0.515 0.442 0.013 0.060
0 0.534 0.402 0.022 0.049
0 0.550 0.470 0.019 0.139
0 0.569 0.469 0.023 0.151
0 0.635 0.501 0.019 0.042
0 0.633 0.466 0.021 0.025
0 0.664 0.503 0.030 0.068
0 0.664 0.436 0.017 0.079
0 0.651 0.421 0.011 0.045
2 0.663 0.440 0.013 0.049
2 0.651 0.441 0.006 0.042
2 0.667 0.504 0.021 0.041
2 0.636 0.500 0.018 0.032
2 0.548 0.465 0.018 0.069
2 0.566 0.450 0.011 0.060
2 0.537 0.456 0.016 0.026
2 0.536 0.412 0.017 0.022
2 0.521 0.448 0.013 0.043
2 0.505 0.451 0.016 0.028
2 0.493 0.454 0.010 0.048
2 0.486 0.536 0.040 0.071
1 0.510 0.508 0.019 0.044
1 0.492 0.422 0.009 0.011
1 0.502 0.424 0.008 0.013
1 0.512 0.416 0.007 0.009
1 0.531 0.394 0.008 0.011
1 0.539 0.434 0.010 0.010
1 0.552 0.414 0.013 0.024
1 0.565 0.405 0.014 0.017
1 0.636 0.463 0.012 0.016
1 0.634 0.480 0.015 0.009
1 0.655 0.476 0.013 0.014
1 0.652 0.408 0.007 0.015
1 0.661 0.409 0.006 0.014
3 0.452 0.482 0.039 0.047
9 0.041 0.566 0.060 0.092
10 0.028 0.592 0.017 0.041
10 0.467 0.475 0.013 0.040
12 0.709 0.285 0.009 0.044
