12 0.144 0.006 0.008 0.009
10 0.256 0.621 0.022 0.050
10 0.456 0.509 0.023 0.102
10 0.118 0.131 0.026 0.025
14 0.443 0.101 0.054 0.023
14 0.801 0.191 0.139 0.035
0 0.215 0.703 0.066 0.150
0 0.513 0.626 0.093 0.273
0 0.411 0.539 0.020 0.099
0 0.579 0.497 0.010 0.050
0 0.593 0.500 0.015 0.042
0 0.727 0.496 0.011 0.031
1 0.194 0.650 0.023 0.044
1 0.510 0.503 0.024 0.027
1 0.410 0.497 0.009 0.012
1 0.580 0.478 0.006 0.009
1 0.589 0.484 0.004 0.009
1 0.726 0.486 0.007 0.008
2 0.225 0.692 0.045 0.066
2 0.523 0.588 0.036 0.116
2 0.409 0.523 0.013 0.037
2 0.579 0.499 0.010 0.026
2 0.594 0.502 0.012 0.023
