0 0.072 0.680 0.072 0.087
0 0.139 0.643 0.048 0.035
0 0.573 0.662 0.056 0.055
0 0.282 0.752 0.158 0.083
0 0.370 0.844 0.251 0.146
1 0.574 0.642 0.028 0.011
1 0.459 0.794 0.059 0.044
1 0.224 0.726 0.042 0.025
1 0.136 0.634 0.028 0.017
1 0.090 0.646 0.028 0.017
2 0.066 0.672 0.058 0.041
2 0.142 0.649 0.038 0.018
2 0.575 0.669 0.044 0.036
2 0.299 0.738 0.086 0.046
2 0.354 0.797 0.164 0.048
3 0.779 0.745 0.346 0.068
3 0.575 0.819 0.278 0.130
7 0.655 0.707 0.201 0.072
7 0.148 0.675 0.097 0.040
11 0.126 0.754 0.227 0.057
12 0.517 0.143 0.260 0.179
12 0.419 0.359 0.048 0.022
