0 0.253 0.471 0.028 0.083
0 0.211 0.496 0.023 0.096
0 0.780 0.544 0.024 0.098
0 0.022 0.034 0.023 0.038
0 0.074 0.033 0.019 0.061
0 0.322 0.046 0.021 0.052
0 0.354 0.042 0.015 0.044
0 0.378 0.042 0.014 0.044
1 0.210 0.459 0.006 0.011
1 0.252 0.433 0.009 0.011
1 0.778 0.504 0.010 0.014
1 0.767 0.335 0.008 0.013
2 0.209 0.487 0.013 0.041
2 0.253 0.462 0.016 0.034
3 0.841 0.591 0.065 0.066
4 0.682 0.537 0.054 0.137
4 0.899 0.606 0.055 0.124
7 0.285 0.649 0.123 0.101
7 0.493 0.633 0.049 0.105
7 0.542 0.740 0.075 0.092
7 0.590 0.686 0.057 0.164
7 0.564 0.552 0.051 0.066
7 0.515 0.440 0.075 0.073
7 0.064 0.384 0.035 0.073
7 0.162 0.619 0.060 0.116
7 0.304 0.362 0.034 0.066
7 0.368 0.405 0.035 0.047
7 0.544 0.288 0.067 0.050
7 0.545 0.361 0.065 0.075
