0 0.375 0.618 0.037 0.041
0 0.455 0.672 0.055 0.051
0 0.487 0.714 0.090 0.074
0 0.596 0.666 0.050 0.036
0 0.909 0.706 0.073 0.091
0 0.756 0.777 0.169 0.101
0 0.950 0.793 0.101 0.062
1 0.372 0.605 0.017 0.009
1 0.455 0.658 0.024 0.017
1 0.598 0.657 0.020 0.013
1 0.511 0.688 0.029 0.020
1 0.896 0.669 0.031 0.017
1 0.714 0.745 0.055 0.028
1 0.978 0.777 0.044 0.027
2 0.951 0.804 0.062 0.023
2 0.771 0.774 0.101 0.053
2 0.912 0.697 0.045 0.039
2 0.597 0.671 0.035 0.015
2 0.473 0.695 0.058 0.031
2 0.458 0.674 0.044 0.023
2 0.373 0.618 0.033 0.015
3 0.818 0.880 0.364 0.135
7 0.227 0.704 0.108 0.059
7 0.403 0.712 0.083 0.047
7 0.598 0.697 0.099 0.043
9 0.199 0.931 0.395 0.137
11 0.188 0.817 0.373 0.145
11 0.569 0.777 0.227 0.063
12 0.840 0.385 0.038 0.021
14 0.381 0.524 0.072 0.011
14 0.367 0.573 0.103 0.014
