0 0.280 0.714 0.027 0.115
0 0.968 0.678 0.032 0.053
0 0.922 0.298 0.020 0.049
0 0.934 0.306 0.023 0.039
0 0.755 0.189 0.013 0.054
0 0.722 0.201 0.013 0.053
0 0.708 0.204 0.013 0.054
0 0.659 0.219 0.014 0.057
0 0.670 0.190 0.013 0.053
0 0.680 0.191 0.009 0.054
0 0.577 0.325 0.017 0.076
0 0.540 0.315 0.013 0.072
0 0.553 0.318 0.014 0.074
0 0.536 0.242 0.015 0.053
0 0.411 0.285 0.019 0.038
0 0.377 0.280 0.014 0.056
0 0.304 0.316 0.020 0.047
0 0.227 0.306 0.020 0.043
0 0.174 0.330 0.014 0.028
0 0.150 0.311 0.018 0.046
0 0.185 0.222 0.016 0.061
0 0.212 0.200 0.013 0.031
0 0.224 0.190 0.013 0.045
0 0.430 0.202 0.012 0.049
0 0.475 0.232 0.014 0.051
1 0.280 0.675 0.014 0.026
1 0.978 0.663 0.012 0.022
1 0.738 0.545 0.009 0.021
1 0.882 0.898 0.013 0.028
1 0.927 0.282 0.006 0.011
1 0.939 0.295 0.007 0.014
1 0.757 0.169 0.006 0.013
1 0.722 0.183 0.007 0.011
1 0.711 0.182 0.006 0.012
1 0.680 0.171 0.004 0.010
1 0.671 0.171 0.006 0.010
1 0.660 0.199 0.008 0.012
1 0.576 0.295 0.008 0.013
1 0.552 0.288 0.007 0.014
1 0.542 0.288 0.007 0.016
1 0.307 0.302 0.005 0.013
1 0.232 0.292 0.006 0.014
2 0.280 0.704 0.019 0.043
2 0.973 0.673 0.014 0.030
2 0.920 0.294 0.007 0.027
2 0.932 0.300 0.013 0.020
2 0.659 0.213 0.009 0.021
2 0.671 0.185 0.008 0.019
2 0.680 0.184 0.007 0.018
2 0.709 0.198 0.007 0.022
2 0.723 0.200 0.009 0.018
2 0.577 0.315 0.011 0.028
2 0.553 0.309 0.012 0.031
2 0.540 0.307 0.009 0.023
2 0.413 0.279 0.009 0.018
2 0.377 0.274 0.009 0.023
2 0.150 0.312 0.010 0.020
7 0.235 0.635 0.048 0.113
7 0.399 0.915 0.105 0.102
7 0.293 0.864 0.071 0.118
7 0.401 0.672 0.045 0.093
7 0.452 0.631 0.035 0.076
7 0.506 0.683 0.043 0.071
7 0.605 0.931 0.052 0.110
7 0.647 0.752 0.082 0.083
7 0.688 0.675 0.064 0.105
7 0.696 0.598 0.084 0.090
7 0.687 0.891 0.052 0.096
7 0.708 0.963 0.060 0.075
11 0.348 0.350 0.052 0.057
12 0.979 0.054 0.043 0.090
