0 0.110 0.503 0.031 0.140
0 0.172 0.473 0.033 0.135
0 0.552 0.168 0.017 0.113
0 0.634 0.119 0.026 0.077
0 0.669 0.063 0.018 0.078
0 0.956 0.314 0.023 0.120
1 0.112 0.450 0.012 0.012
1 0.170 0.420 0.013 0.013
1 0.954 0.268 0.015 0.019
2 0.112 0.496 0.018 0.052
2 0.171 0.464 0.023 0.048
4 0.822 0.578 0.081 0.217
7 0.044 0.702 0.087 0.153
7 0.216 0.730 0.170 0.127
7 0.533 0.717 0.072 0.151
7 0.606 0.882 0.127 0.137
7 0.672 0.809 0.081 0.245
7 0.645 0.617 0.063 0.143
7 0.567 0.425 0.105 0.103
7 0.616 0.306 0.090 0.107
7 0.617 0.186 0.098 0.076
7 0.250 0.307 0.038 0.096
7 0.356 0.295 0.045 0.071
7 0.155 0.297 0.055 0.068
7 0.345 0.368 0.053 0.081
