0 0.060 0.394 0.022 0.063
0 0.061 0.367 0.026 0.078
0 0.407 0.522 0.020 0.124
0 0.794 0.831 0.053 0.127
0 0.647 0.946 0.035 0.107
0 0.323 0.052 0.030 0.102
1 0.405 0.471 0.010 0.014
1 0.651 0.899 0.018 0.028
1 0.073 0.339 0.013 0.016
1 0.062 0.372 0.011 0.016
2 0.790 0.808 0.032 0.045
2 0.646 0.947 0.025 0.064
2 0.406 0.514 0.018 0.056
2 0.323 0.037 0.017 0.048
3 0.539 0.854 0.093 0.089
4 0.304 0.825 0.085 0.231
4 0.637 0.830 0.083 0.128
7 0.064 0.590 0.101 0.107
7 0.066 0.463 0.116 0.080
7 0.040 0.717 0.078 0.117
7 0.113 0.920 0.072 0.138
7 0.660 0.764 0.101 0.117
7 0.264 0.516 0.042 0.073
7 0.317 0.537 0.024 0.071
7 0.174 0.987 0.071 0.027
