0 0.467 0.787 0.051 0.338
0 0.495 0.364 0.060 0.320
0 0.272 0.628 0.019 0.111
0 0.307 0.475 0.011 0.056
0 0.239 0.120 0.011 0.052
0 0.251 0.121 0.010 0.069
2 0.484 0.276 0.048 0.102
2 0.471 0.752 0.041 0.134
2 0.275 0.620 0.012 0.044
2 0.305 0.479 0.012 0.041
2 0.239 0.123 0.008 0.036
2 0.251 0.126 0.008 0.043
1 0.478 0.653 0.034 0.053
1 0.274 0.587 0.007 0.019
1 0.308 0.460 0.005 0.014
1 0.250 0.098 0.005 0.013
1 0.239 0.101 0.005 0.010
3 0.362 0.714 0.091 0.073
13 0.768 0.057 0.224 0.113
14 0.379 0.031 0.080 0.056
14 0.442 0.064 0.078 0.009
14 0.298 0.022 0.064 0.032
13 0.516 0.118 0.208 0.127
