0 0.966 0.928 0.049 0.144
0 0.926 0.774 0.047 0.182
0 0.905 0.050 0.020 0.082
0 0.491 0.724 0.045 0.110
0 0.522 0.706 0.042 0.161
0 0.265 0.469 0.048 0.135
0 0.277 0.447 0.033 0.132
0 0.030 0.356 0.031 0.117
1 0.029 0.315 0.014 0.021
1 0.259 0.424 0.015 0.027
1 0.272 0.394 0.014 0.023
1 0.483 0.694 0.021 0.034
1 0.516 0.650 0.018 0.031
1 0.910 0.019 0.007 0.013
1 0.924 0.702 0.023 0.028
1 0.959 0.885 0.022 0.035
2 0.926 0.756 0.026 0.072
2 0.966 0.938 0.030 0.077
2 0.905 0.035 0.013 0.034
2 0.488 0.726 0.028 0.040
2 0.522 0.698 0.020 0.064
2 0.270 0.463 0.022 0.056
2 0.278 0.434 0.021 0.048
2 0.030 0.353 0.023 0.058
10 0.913 0.938 0.092 0.094
10 0.117 0.509 0.032 0.075
10 0.447 0.719 0.042 0.061
