0 0.405 0.781 0.049 0.247
0 0.477 0.826 0.037 0.264
0 0.768 0.702 0.015 0.033
4 0.534 0.836 0.085 0.149
4 0.593 0.879 0.069 0.178
4 0.853 0.705 0.114 0.093
6 0.975 0.875 0.049 0.213
7 0.964 0.714 0.073 0.083
14 0.132 0.421 0.263 0.180
14 0.072 0.062 0.110 0.123
14 0.226 0.203 0.099 0.135
12 0.465 0.142 0.082 0.136
10 0.464 0.681 0.030 0.072
14 0.188 0.880 0.092 0.229
1 0.406 0.670 0.015 0.031
1 0.484 0.709 0.030 0.037
2 0.403 0.708 0.029 0.049
10 0.656 0.691 0.016 0.054
10 0.672 0.692 0.009 0.033
13 0.340 0.403 0.114 0.072
13 0.429 0.425 0.059 0.049
