12 0.409 0.283 0.031 0.024
14 0.970 0.334 0.060 0.039
14 0.897 0.427 0.046 0.016
0 0.035 0.465 0.051 0.106
0 0.506 0.526 0.094 0.053
0 0.743 0.540 0.045 0.098
0 0.960 0.555 0.049 0.074
0 0.989 0.550 0.021 0.084
1 0.013 0.444 0.024 0.027
1 0.033 0.421 0.029 0.017
1 0.539 0.511 0.027 0.021
1 0.700 0.496 0.027 0.015
1 0.746 0.498 0.033 0.012
1 0.958 0.528 0.037 0.016
2 0.991 0.543 0.018 0.035
2 0.960 0.560 0.042 0.048
2 0.742 0.523 0.038 0.035
2 0.688 0.518 0.040 0.029
2 0.489 0.523 0.061 0.043
2 0.028 0.449 0.033 0.035
7 0.397 0.530 0.123 0.069
7 0.859 0.569 0.164 0.078
7 0.936 0.647 0.128 0.128
7 0.580 0.649 0.512 0.099
3 0.776 0.744 0.447 0.131
11 0.141 0.610 0.280 0.082
7 0.655 0.554 0.127 0.062
