0 0.315 0.597 0.022 0.101
0 0.115 0.356 0.020 0.056
0 0.086 0.267 0.016 0.056
0 0.130 0.138 0.009 0.034
0 0.156 0.123 0.011 0.031
0 0.222 0.187 0.008 0.033
0 0.340 0.281 0.013 0.056
0 0.602 0.223 0.011 0.065
0 0.595 0.216 0.008 0.062
0 0.727 0.300 0.013 0.075
0 0.703 0.269 0.022 0.035
0 0.732 0.430 0.021 0.089
0 0.849 0.278 0.022 0.044
0 0.930 0.246 0.016 0.062
0 0.952 0.254 0.019 0.055
0 0.839 0.209 0.013 0.048
0 0.816 0.222 0.022 0.041
0 0.911 0.103 0.017 0.052
0 0.807 0.074 0.014 0.045
0 0.868 0.129 0.017 0.038
0 0.458 0.044 0.005 0.028
0 0.518 0.035 0.005 0.032
1 0.088 0.244 0.007 0.014
1 0.116 0.336 0.010 0.015
1 0.313 0.556 0.013 0.021
1 0.601 0.199 0.007 0.013
1 0.729 0.272 0.009 0.014
1 0.710 0.258 0.006 0.014
1 0.947 0.237 0.007 0.013
1 0.858 0.263 0.004 0.018
2 0.315 0.591 0.021 0.051
2 0.601 0.218 0.010 0.032
2 0.700 0.269 0.016 0.023
2 0.727 0.294 0.011 0.031
2 0.814 0.218 0.013 0.020
2 0.840 0.205 0.009 0.031
2 0.930 0.240 0.014 0.032
2 0.955 0.253 0.011 0.036
3 0.163 0.352 0.041 0.073
3 0.618 0.376 0.034 0.069
3 0.916 0.574 0.061 0.063
3 0.189 0.314 0.047 0.072
4 0.247 0.254 0.053 0.038
4 0.239 0.306 0.054 0.044
4 0.206 0.050 0.031 0.031
4 0.403 0.086 0.035 0.036
4 0.485 0.113 0.036 0.036
4 0.829 0.103 0.039 0.033
4 0.851 0.417 0.073 0.071
4 0.935 0.468 0.116 0.112
4 0.523 0.495 0.108 0.071
4 0.667 0.353 0.086 0.042
4 0.150 0.432 0.067 0.044
7 0.480 0.593 0.080 0.073
7 0.608 0.559 0.103 0.102
7 0.545 0.780 0.069 0.113
7 0.714 0.607 0.048 0.100
7 0.879 0.584 0.086 0.137
7 0.804 0.661 0.069 0.087
7 0.451 0.911 0.073 0.104
7 0.026 0.864 0.052 0.086
10 0.083 0.183 0.018 0.062
12 0.790 0.362 0.043 0.039
