0 0.157 0.304 0.024 0.070
0 0.239 0.307 0.026 0.098
0 0.206 0.346 0.021 0.040
0 0.141 0.474 0.034 0.118
0 0.209 0.464 0.027 0.134
0 0.237 0.466 0.030 0.121
0 0.432 0.574 0.036 0.147
0 0.472 0.561 0.037 0.157
0 0.177 0.508 0.035 0.101
0 0.253 0.553 0.034 0.104
0 0.681 0.847 0.039 0.094
0 0.702 0.829 0.034 0.131
1 0.696 0.782 0.021 0.034
1 0.673 0.821 0.018 0.032
1 0.467 0.500 0.016 0.023
1 0.425 0.516 0.017 0.024
1 0.253 0.517 0.017 0.026
1 0.234 0.419 0.013 0.019
1 0.210 0.411 0.015 0.024
1 0.172 0.472 0.015 0.020
1 0.141 0.434 0.018 0.027
1 0.157 0.285 0.013 0.023
1 0.207 0.335 0.011 0.019
1 0.237 0.271 0.010 0.018
2 0.235 0.299 0.017 0.042
2 0.156 0.314 0.017 0.044
2 0.211 0.354 0.012 0.022
2 0.142 0.467 0.024 0.051
2 0.209 0.447 0.015 0.046
2 0.237 0.446 0.020 0.040
2 0.173 0.506 0.027 0.044
2 0.251 0.552 0.018 0.056
2 0.430 0.560 0.024 0.058
2 0.467 0.544 0.023 0.064
2 0.681 0.858 0.026 0.042
2 0.705 0.838 0.021 0.081
10 0.315 0.604 0.027 0.075
10 0.637 0.840 0.047 0.061
