0 0.348 0.529 0.039 0.027
0 0.443 0.587 0.057 0.046
0 0.577 0.580 0.049 0.036
0 0.472 0.629 0.083 0.072
0 0.693 0.685 0.180 0.101
0 0.944 0.689 0.112 0.075
1 0.971 0.668 0.058 0.029
1 0.658 0.651 0.053 0.028
1 0.572 0.570 0.021 0.013
1 0.439 0.574 0.033 0.014
1 0.503 0.603 0.020 0.018
1 0.341 0.524 0.016 0.010
2 0.354 0.532 0.020 0.016
2 0.438 0.591 0.036 0.026
2 0.461 0.608 0.050 0.031
2 0.579 0.584 0.040 0.019
2 0.691 0.677 0.098 0.046
2 0.944 0.702 0.098 0.033
3 0.829 0.774 0.342 0.122
7 0.228 0.628 0.113 0.059
7 0.396 0.626 0.093 0.040
7 0.588 0.610 0.101 0.041
9 0.175 0.891 0.349 0.211
11 0.563 0.685 0.190 0.054
11 0.199 0.724 0.395 0.139
12 0.800 0.294 0.042 0.020
14 0.351 0.448 0.070 0.011
14 0.342 0.496 0.102 0.011
