10 0.582 0.519 0.042 0.131
14 0.839 0.087 0.187 0.079
0 0.933 0.674 0.122 0.631
0 0.797 0.575 0.080 0.102
0 0.820 0.491 0.028 0.129
0 0.854 0.490 0.024 0.129
0 0.407 0.468 0.013 0.031
0 0.377 0.471 0.008 0.020
0 0.364 0.431 0.008 0.031
1 0.945 0.394 0.047 0.066
1 0.788 0.535 0.017 0.020
1 0.819 0.438 0.010 0.019
1 0.853 0.437 0.013 0.017
1 0.406 0.458 0.008 0.009
1 0.379 0.464 0.004 0.006
1 0.365 0.420 0.004 0.006
2 0.934 0.577 0.084 0.215
2 0.786 0.571 0.024 0.044
2 0.820 0.470 0.018 0.045
2 0.854 0.468 0.017 0.045
2 0.378 0.475 0.006 0.013
2 0.407 0.476 0.009 0.015
2 0.364 0.436 0.008 0.021
3 0.377 0.525 0.091 0.083
5 0.465 0.898 0.431 0.204
5 0.699 0.758 0.393 0.093
5 0.833 0.938 0.132 0.125
