0 0.020 0.315 0.022 0.079
0 0.050 0.385 0.014 0.098
0 0.065 0.400 0.020 0.094
0 0.102 0.402 0.017 0.093
0 0.159 0.444 0.017 0.086
0 0.346 0.278 0.013 0.058
0 0.363 0.275 0.019 0.045
0 0.402 0.276 0.011 0.054
0 0.418 0.833 0.020 0.115
0 0.540 0.699 0.019 0.099
0 0.696 0.512 0.019 0.084
0 0.888 0.844 0.024 0.114
0 0.513 0.431 0.014 0.065
0 0.979 0.556 0.016 0.091
1 0.016 0.282 0.011 0.014
1 0.051 0.345 0.010 0.016
1 0.064 0.362 0.009 0.016
1 0.101 0.363 0.008 0.016
1 0.100 0.348 0.011 0.008
1 0.161 0.407 0.011 0.016
1 0.402 0.253 0.007 0.013
1 0.357 0.256 0.008 0.009
1 0.540 0.656 0.015 0.014
1 0.513 0.403 0.007 0.014
1 0.695 0.481 0.013 0.012
1 0.980 0.518 0.013 0.017
1 0.417 0.784 0.017 0.022
2 0.050 0.371 0.013 0.036
2 0.064 0.391 0.016 0.043
2 0.103 0.385 0.015 0.033
2 0.402 0.271 0.011 0.025
2 0.364 0.268 0.014 0.024
2 0.416 0.818 0.019 0.058
2 0.541 0.687 0.017 0.047
2 0.980 0.547 0.013 0.042
2 0.695 0.501 0.011 0.029
2 0.891 0.831 0.021 0.050
1 0.886 0.798 0.014 0.019
3 0.223 0.787 0.086 0.047
3 0.723 0.863 0.048 0.146
7 0.224 0.846 0.108 0.060
7 0.414 0.575 0.067 0.088
7 0.348 0.712 0.082 0.101
7 0.511 0.610 0.083 0.050
7 0.591 0.641 0.048 0.093
7 0.407 0.752 0.045 0.079
7 0.625 0.845 0.087 0.096
7 0.710 0.784 0.067 0.124
7 0.843 0.672 0.058 0.093
7 0.749 0.660 0.048 0.070
7 0.937 0.715 0.126 0.093
7 0.771 0.963 0.136 0.073
9 0.327 0.784 0.080 0.056
9 0.344 0.834 0.071 0.097
9 0.479 0.878 0.076 0.092
9 0.542 0.912 0.074 0.097
