0 0.542 0.805 0.075 0.194
0 0.581 0.732 0.053 0.264
0 0.717 0.669 0.023 0.138
4 0.418 0.801 0.167 0.191
4 0.901 0.605 0.112 0.056
12 0.473 0.375 0.095 0.157
10 0.495 0.638 0.037 0.123
14 0.116 0.394 0.230 0.248
14 0.118 0.854 0.157 0.293
14 0.099 0.057 0.127 0.112
14 0.234 0.172 0.094 0.108
1 0.564 0.621 0.029 0.052
1 0.573 0.733 0.023 0.047
1 0.717 0.613 0.017 0.034
1 0.811 0.608 0.010 0.024
2 0.543 0.751 0.042 0.053
2 0.578 0.672 0.029 0.050
2 0.715 0.654 0.019 0.058
10 0.692 0.609 0.021 0.061
13 0.331 0.342 0.194 0.101
