0 0.438 0.835 0.129 0.040
0 0.311 0.741 0.044 0.031
0 0.167 0.744 0.061 0.037
0 0.194 0.791 0.096 0.077
1 0.168 0.731 0.027 0.013
1 0.310 0.731 0.022 0.011
1 0.228 0.765 0.022 0.018
1 0.399 0.832 0.038 0.028
2 0.165 0.751 0.041 0.023
2 0.180 0.769 0.060 0.030
2 0.312 0.745 0.034 0.019
2 0.463 0.839 0.071 0.024
3 0.598 0.916 0.619 0.165
3 0.921 0.866 0.158 0.068
7 0.842 0.814 0.214 0.072
7 0.101 0.786 0.088 0.056
7 0.314 0.776 0.101 0.052
11 0.278 0.858 0.214 0.058
12 0.572 0.456 0.035 0.016
14 0.099 0.591 0.081 0.012
14 0.075 0.641 0.109 0.015
