0 0.044 0.375 0.013 0.044
0 0.096 0.440 0.011 0.043
0 0.131 0.421 0.006 0.044
0 0.274 0.214 0.011 0.021
0 0.326 0.214 0.009 0.023
0 0.154 0.219 0.010 0.022
0 0.145 0.199 0.009 0.031
0 0.745 0.391 0.019 0.038
0 0.793 0.273 0.009 0.039
0 0.701 0.252 0.010 0.042
0 0.658 0.270 0.010 0.050
0 0.646 0.350 0.010 0.050
0 0.636 0.349 0.008 0.053
0 0.638 0.410 0.023 0.040
0 0.520 0.444 0.012 0.059
0 0.530 0.435 0.013 0.046
0 0.424 0.379 0.010 0.058
0 0.417 0.370 0.009 0.058
0 0.148 0.470 0.015 0.039
0 0.156 0.394 0.011 0.042
0 0.228 0.155 0.007 0.030
1 0.043 0.358 0.005 0.013
1 0.094 0.424 0.007 0.010
1 0.132 0.405 0.006 0.013
1 0.145 0.189 0.004 0.006
1 0.151 0.210 0.003 0.006
1 0.418 0.346 0.009 0.011
1 0.424 0.356 0.007 0.011
1 0.647 0.407 0.006 0.017
1 0.637 0.330 0.007 0.013
1 0.646 0.333 0.006 0.011
1 0.659 0.251 0.006 0.007
1 0.740 0.377 0.008 0.013
1 0.145 0.460 0.007 0.015
1 0.153 0.380 0.005 0.010
2 0.045 0.372 0.009 0.020
2 0.095 0.440 0.011 0.023
2 0.424 0.374 0.008 0.028
2 0.636 0.349 0.009 0.032
2 0.646 0.349 0.008 0.026
3 0.447 0.525 0.031 0.063
3 0.733 0.688 0.051 0.051
4 0.046 0.495 0.059 0.054
4 0.056 0.441 0.059 0.048
4 0.223 0.257 0.033 0.038
4 0.307 0.280 0.035 0.037
4 0.492 0.497 0.076 0.044
4 0.738 0.588 0.109 0.094
4 0.665 0.549 0.071 0.075
4 0.832 0.525 0.084 0.047
4 0.355 0.657 0.104 0.095
4 0.013 0.237 0.026 0.048
3 0.342 0.230 0.020 0.032
7 0.309 0.756 0.078 0.080
7 0.439 0.711 0.098 0.095
7 0.383 0.936 0.076 0.129
7 0.542 0.739 0.045 0.106
7 0.635 0.778 0.059 0.091
7 0.690 0.704 0.081 0.132
14 0.320 0.013 0.026 0.019
14 0.403 0.011 0.032 0.019
14 0.733 0.010 0.065 0.019
12 0.036 0.131 0.015 0.029
12 0.606 0.488 0.036 0.039
