0 0.085 0.767 0.051 0.212
0 0.284 0.570 0.037 0.124
0 0.266 0.432 0.023 0.116
0 0.219 0.444 0.033 0.142
0 0.947 0.320 0.021 0.092
0 0.988 0.454 0.024 0.133
0 0.620 0.315 0.017 0.076
0 0.283 0.442 0.011 0.081
1 0.088 0.679 0.020 0.026
1 0.123 0.436 0.010 0.013
1 0.148 0.438 0.009 0.012
1 0.277 0.517 0.015 0.019
1 0.210 0.394 0.013 0.019
1 0.266 0.387 0.015 0.024
1 0.282 0.410 0.011 0.017
1 0.617 0.281 0.009 0.012
1 0.605 0.282 0.008 0.011
2 0.083 0.738 0.043 0.081
2 0.216 0.424 0.021 0.046
2 0.265 0.419 0.021 0.043
2 0.282 0.437 0.009 0.031
2 0.280 0.550 0.029 0.049
2 0.619 0.305 0.014 0.034
2 0.605 0.304 0.012 0.030
2 0.946 0.320 0.018 0.045
2 0.990 0.441 0.019 0.046
2 0.918 0.344 0.011 0.033
0 0.918 0.341 0.016 0.054
1 0.920 0.321 0.009 0.012
1 0.943 0.287 0.013 0.016
11 0.484 0.554 0.051 0.127
7 0.075 0.585 0.111 0.099
7 0.217 0.559 0.038 0.097
5 0.324 0.949 0.172 0.103
