0 0.704 0.657 0.045 0.046
0 0.297 0.756 0.149 0.086
0 0.321 0.860 0.245 0.155
0 0.100 0.690 0.073 0.090
0 0.017 0.681 0.032 0.087
1 0.704 0.643 0.032 0.017
1 0.403 0.806 0.059 0.043
1 0.245 0.730 0.041 0.032
1 0.116 0.658 0.038 0.023
1 0.010 0.646 0.019 0.015
2 0.010 0.671 0.019 0.032
2 0.093 0.683 0.059 0.047
2 0.317 0.743 0.086 0.051
2 0.306 0.811 0.197 0.045
2 0.704 0.666 0.040 0.028
3 0.790 0.746 0.337 0.068
3 0.556 0.826 0.390 0.134
7 0.161 0.678 0.083 0.041
7 0.662 0.710 0.203 0.068
11 0.123 0.760 0.238 0.065
12 0.377 0.188 0.249 0.162
