12 0.585 0.088 0.240 0.134
14 0.092 0.430 0.182 0.019
14 0.032 0.478 0.062 0.013
0 0.331 0.505 0.022 0.018
0 0.301 0.509 0.023 0.018
0 0.101 0.574 0.034 0.036
0 0.154 0.609 0.077 0.086
0 0.411 0.654 0.129 0.111
1 0.438 0.613 0.059 0.027
1 0.321 0.662 0.037 0.025
1 0.132 0.572 0.023 0.013
1 0.155 0.560 0.021 0.010
1 0.107 0.562 0.022 0.010
1 0.297 0.504 0.008 0.005
1 0.334 0.498 0.009 0.005
2 0.334 0.506 0.015 0.013
2 0.101 0.579 0.032 0.023
2 0.147 0.598 0.044 0.036
2 0.155 0.576 0.025 0.015
2 0.213 0.579 0.032 0.009
2 0.406 0.660 0.119 0.076
7 0.064 0.612 0.109 0.045
7 0.252 0.597 0.094 0.040
7 0.567 0.657 0.213 0.037
7 0.750 0.632 0.194 0.070
3 0.856 0.667 0.287 0.042
3 0.551 0.746 0.518 0.130
11 0.219 0.674 0.229 0.046
