0 0.228 0.304 0.015 0.047
0 0.417 0.305 0.013 0.036
0 0.439 0.325 0.013 0.026
0 0.491 0.305 0.016 0.041
0 0.445 0.192 0.008 0.046
0 0.458 0.186 0.010 0.044
0 0.573 0.316 0.011 0.032
0 0.633 0.274 0.010 0.053
0 0.676 0.285 0.016 0.028
0 0.681 0.199 0.009 0.042
0 0.737 0.235 0.012 0.053
0 0.781 0.256 0.013 0.053
0 0.798 0.229 0.008 0.050
0 0.821 0.250 0.007 0.056
0 0.837 0.325 0.009 0.066
0 0.851 0.320 0.010 0.059
0 0.876 0.322 0.012 0.078
0 0.885 0.110 0.006 0.031
0 0.333 0.211 0.010 0.051
0 0.306 0.388 0.016 0.044
0 0.602 0.743 0.015 0.084
0 0.594 0.718 0.011 0.054
0 0.931 0.271 0.015 0.058
0 0.952 0.196 0.006 0.052
0 0.964 0.198 0.006 0.051
7 0.763 0.968 0.112 0.064
7 0.839 0.734 0.040 0.063
7 0.767 0.670 0.031 0.074
7 0.629 0.904 0.058 0.096
7 0.529 0.640 0.041 0.093
