5 0.426 0.648 0.288 0.179
0 0.349 0.334 0.015 0.096
0 0.358 0.308 0.011 0.040
0 0.389 0.266 0.017 0.017
0 0.388 0.329 0.018 0.108
0 0.412 0.350 0.017 0.053
0 0.439 0.350 0.028 0.033
0 0.468 0.303 0.017 0.054
0 0.853 0.262 0.011 0.074
2 0.858 0.264 0.015 0.033
1 0.856 0.234 0.009 0.010
2 0.466 0.310 0.009 0.035
2 0.436 0.354 0.018 0.021
2 0.407 0.352 0.018 0.016
2 0.389 0.320 0.016 0.049
2 0.350 0.331 0.014 0.055
2 0.359 0.319 0.006 0.033
1 0.348 0.289 0.014 0.024
1 0.360 0.295 0.007 0.017
1 0.388 0.269 0.008 0.009
1 0.390 0.282 0.014 0.016
1 0.368 0.286 0.008 0.011
1 0.416 0.339 0.009 0.016
1 0.428 0.340 0.006 0.014
1 0.466 0.284 0.008 0.014
2 0.371 0.319 0.010 0.044
0 0.371 0.333 0.014 0.094
9 0.589 0.384 0.107 0.109
