0 0.953 0.534 0.072 0.133
0 0.855 0.527 0.067 0.102
0 0.891 0.403 0.021 0.118
0 0.929 0.380 0.017 0.093
1 0.838 0.495 0.019 0.042
1 0.945 0.489 0.040 0.040
1 0.928 0.341 0.009 0.018
1 0.660 0.263 0.009 0.018
1 0.493 0.374 0.007 0.012
2 0.866 0.528 0.043 0.068
2 0.965 0.537 0.047 0.081
14 0.153 0.221 0.144 0.084
14 0.068 0.321 0.133 0.069
13 0.342 0.227 0.240 0.042
13 0.883 0.050 0.177 0.093
10 0.620 0.419 0.063 0.158
11 0.313 0.837 0.354 0.322
5 0.089 0.718 0.176 0.071
5 0.649 0.683 0.124 0.151
