0 0.254 0.452 0.036 0.099
0 0.332 0.519 0.031 0.093
0 0.359 0.487 0.027 0.118
0 0.392 0.460 0.023 0.078
0 0.375 0.328 0.015 0.088
0 0.388 0.330 0.015 0.089
0 0.080 0.354 0.018 0.044
0 0.430 0.597 0.024 0.070
0 0.481 0.636 0.023 0.053
0 0.617 0.586 0.028 0.148
0 0.767 0.827 0.039 0.094
0 0.878 0.906 0.028 0.117
0 0.899 0.931 0.028 0.108
0 0.586 0.188 0.015 0.032
4 0.704 0.570 0.094 0.074
4 0.575 0.476 0.099 0.064
5 0.668 0.738 0.167 0.152
5 0.267 0.331 0.055 0.081
10 0.786 0.875 0.036 0.061
1 0.617 0.528 0.015 0.029
1 0.762 0.804 0.020 0.040
1 0.489 0.618 0.010 0.020
1 0.435 0.574 0.018 0.021
1 0.266 0.420 0.014 0.022
1 0.324 0.481 0.017 0.031
1 0.394 0.428 0.013 0.016
1 0.364 0.432 0.013 0.021
1 0.379 0.297 0.013 0.022
1 0.386 0.294 0.011 0.024
1 0.079 0.339 0.009 0.014
1 0.583 0.180 0.008 0.016
2 0.877 0.916 0.017 0.068
2 0.900 0.936 0.015 0.053
2 0.618 0.569 0.024 0.061
2 0.481 0.647 0.018 0.034
2 0.429 0.610 0.018 0.044
2 0.332 0.516 0.024 0.049
2 0.357 0.467 0.021 0.049
2 0.392 0.456 0.018 0.048
2 0.248 0.431 0.020 0.033
2 0.079 0.362 0.011 0.021
2 0.589 0.193 0.007 0.020
1 0.874 0.868 0.016 0.026
1 0.895 0.893 0.018 0.031
1 0.693 0.395 0.010 0.021
1 0.713 0.399 0.011 0.016
2 0.716 0.421 0.014 0.028
0 0.714 0.413 0.023 0.061
