0 0.028 0.541 0.017 0.079
0 0.725 0.581 0.020 0.094
0 0.638 0.358 0.012 0.061
0 0.620 0.354 0.013 0.066
0 0.858 0.333 0.012 0.044
0 0.837 0.351 0.019 0.036
0 0.731 0.430 0.016 0.060
0 0.718 0.417 0.018 0.043
0 0.690 0.198 0.008 0.039
0 0.655 0.119 0.012 0.037
0 0.845 0.417 0.011 0.069
0 0.858 0.397 0.015 0.065
0 0.994 0.354 0.011 0.069
0 0.994 0.267 0.010 0.048
0 0.128 0.329 0.014 0.042
0 0.170 0.297 0.015 0.039
0 0.257 0.351 0.011 0.047
0 0.268 0.352 0.015 0.046
0 0.354 0.190 0.009 0.019
0 0.362 0.205 0.007 0.018
0 0.246 0.413 0.007 0.040
0 0.235 0.419 0.013 0.055
1 0.028 0.513 0.006 0.014
0 0.107 0.422 0.009 0.044
1 0.126 0.315 0.006 0.010
1 0.105 0.409 0.007 0.012
1 0.246 0.402 0.007 0.012
1 0.724 0.543 0.010 0.016
1 0.638 0.333 0.005 0.012
1 0.622 0.329 0.006 0.012
1 0.353 0.184 0.004 0.006
1 0.258 0.339 0.006 0.006
2 0.147 0.698 0.016 0.062
1 0.141 0.663 0.009 0.022
0 0.146 0.704 0.026 0.105
2 0.128 0.331 0.009 0.024
2 0.246 0.415 0.006 0.020
2 0.733 0.423 0.011 0.031
2 0.717 0.419 0.011 0.021
2 0.621 0.349 0.009 0.028
2 0.638 0.353 0.009 0.027
2 0.857 0.332 0.009 0.028
2 0.845 0.410 0.008 0.030
2 0.834 0.345 0.011 0.024
2 0.996 0.341 0.008 0.026
3 0.191 0.514 0.037 0.069
3 0.642 0.509 0.030 0.062
3 0.957 0.694 0.056 0.043
4 0.265 0.466 0.054 0.051
4 0.276 0.412 0.051 0.037
4 0.953 0.589 0.093 0.117
4 0.691 0.480 0.081 0.039
3 0.217 0.471 0.049 0.053
4 0.502 0.260 0.026 0.030
4 0.845 0.230 0.037 0.029
4 0.424 0.242 0.034 0.037
4 0.878 0.544 0.073 0.081
4 0.547 0.627 0.096 0.058
4 0.173 0.597 0.082 0.044
4 0.229 0.220 0.030 0.031
7 0.509 0.740 0.079 0.090
7 0.641 0.698 0.110 0.083
7 0.746 0.744 0.039 0.098
7 0.580 0.926 0.063 0.131
7 0.845 0.789 0.052 0.085
7 0.908 0.711 0.100 0.137
11 0.078 0.108 0.032 0.032
10 0.112 0.350 0.015 0.034
12 0.252 0.119 0.018 0.041
12 0.355 0.352 0.021 0.027
