12 0.326 0.259 0.097 0.212
0 0.255 0.824 0.026 0.125
0 0.273 0.802 0.024 0.115
0 0.286 0.698 0.041 0.121
0 0.409 0.586 0.025 0.083
0 0.437 0.692 0.015 0.062
0 0.460 0.727 0.020 0.114
0 0.498 0.738 0.024 0.093
0 0.558 0.751 0.042 0.099
0 0.518 0.668 0.033 0.099
0 0.512 0.900 0.044 0.108
0 0.565 0.628 0.017 0.044
0 0.598 0.676 0.021 0.098
0 0.949 0.537 0.020 0.106
0 0.767 0.693 0.019 0.033
1 0.283 0.651 0.013 0.021
1 0.268 0.758 0.014 0.018
1 0.255 0.770 0.008 0.017
1 0.441 0.675 0.007 0.017
1 0.403 0.554 0.007 0.013
1 0.460 0.681 0.010 0.016
1 0.502 0.866 0.017 0.032
1 0.548 0.719 0.016 0.029
1 0.495 0.702 0.017 0.019
1 0.515 0.628 0.016 0.019
1 0.598 0.637 0.011 0.016
1 0.766 0.684 0.010 0.012
1 0.953 0.491 0.013 0.015
11 0.790 0.889 0.162 0.144
7 0.458 0.881 0.067 0.130
7 0.292 0.913 0.094 0.110
2 0.261 0.810 0.032 0.074
2 0.508 0.918 0.022 0.057
2 0.567 0.757 0.021 0.057
2 0.594 0.667 0.018 0.052
2 0.461 0.715 0.021 0.044
2 0.517 0.676 0.020 0.055
2 0.565 0.635 0.008 0.020
2 0.951 0.521 0.014 0.042
13 0.560 0.083 0.093 0.063
