0 0.030 0.868 0.025 0.088
0 0.159 0.967 0.025 0.066
0 0.722 0.643 0.011 0.044
0 0.713 0.641 0.010 0.046
0 0.820 0.617 0.008 0.051
0 0.829 0.575 0.016 0.054
0 0.736 0.559 0.013 0.036
0 0.592 0.738 0.015 0.056
0 0.497 0.668 0.010 0.062
0 0.500 0.657 0.010 0.050
0 0.646 0.524 0.008 0.041
0 0.472 0.504 0.008 0.023
0 0.123 0.660 0.016 0.036
0 0.107 0.640 0.013 0.038
0 0.030 0.604 0.013 0.047
0 0.041 0.600 0.012 0.031
0 0.109 0.725 0.013 0.040
0 0.232 0.491 0.008 0.027
0 0.708 0.707 0.021 0.043
0 0.854 0.687 0.017 0.042
1 0.030 0.586 0.005 0.009
1 0.107 0.633 0.005 0.010
1 0.122 0.647 0.005 0.008
1 0.110 0.711 0.006 0.011
1 0.028 0.836 0.008 0.017
1 0.158 0.950 0.010 0.018
1 0.588 0.713 0.007 0.011
1 0.715 0.705 0.006 0.021
1 0.724 0.625 0.007 0.008
1 0.714 0.623 0.006 0.008
1 0.496 0.642 0.007 0.008
1 0.499 0.636 0.006 0.008
2 0.042 0.601 0.008 0.019
2 0.029 0.862 0.016 0.036
2 0.162 0.981 0.017 0.039
2 0.592 0.733 0.011 0.027
2 0.707 0.704 0.011 0.024
2 0.714 0.638 0.006 0.025
2 0.722 0.641 0.008 0.024
2 0.737 0.554 0.008 0.017
3 0.046 0.831 0.042 0.071
3 0.519 0.819 0.033 0.069
3 0.074 0.784 0.056 0.060
4 0.127 0.777 0.055 0.056
4 0.139 0.723 0.054 0.044
4 0.302 0.546 0.037 0.039
4 0.382 0.565 0.031 0.034
4 0.708 0.544 0.038 0.030
4 0.827 0.894 0.115 0.110
4 0.923 0.828 0.085 0.048
4 0.749 0.851 0.072 0.083
4 0.425 0.950 0.107 0.084
4 0.566 0.788 0.081 0.039
4 0.032 0.925 0.062 0.038
4 0.104 0.520 0.035 0.048
3 0.419 0.519 0.020 0.029
0 0.405 0.504 0.009 0.017
7 0.518 0.976 0.111 0.047
7 0.772 0.967 0.086 0.066
14 0.804 0.305 0.060 0.012
14 0.775 0.289 0.035 0.008
14 0.400 0.317 0.022 0.009
14 0.479 0.313 0.028 0.011
12 0.136 0.425 0.016 0.047
12 0.687 0.791 0.041 0.050
