5 0.839 0.722 0.322 0.136
0 0.121 0.406 0.024 0.028
0 0.409 0.397 0.011 0.038
0 0.423 0.393 0.012 0.052
0 0.606 0.372 0.009 0.014
0 0.628 0.319 0.009 0.025
0 0.741 0.333 0.018 0.066
0 0.556 0.370 0.019 0.024
0 0.655 0.361 0.014 0.012
2 0.120 0.412 0.013 0.019
2 0.410 0.400 0.009 0.029
2 0.421 0.399 0.011 0.031
2 0.558 0.376 0.012 0.012
2 0.608 0.373 0.006 0.007
2 0.740 0.344 0.017 0.044
2 0.629 0.323 0.005 0.010
1 0.119 0.392 0.010 0.010
1 0.410 0.380 0.007 0.012
1 0.421 0.376 0.010 0.015
1 0.558 0.365 0.006 0.010
1 0.605 0.365 0.005 0.007
1 0.629 0.314 0.005 0.005
1 0.655 0.361 0.009 0.012
3 0.524 0.440 0.127 0.095
3 0.673 0.430 0.134 0.124
10 0.791 0.424 0.068 0.141
13 0.751 0.037 0.096 0.067
