0 0.049 0.233 0.024 0.094
0 0.103 0.231 0.018 0.077
0 0.130 0.220 0.022 0.058
0 0.216 0.784 0.031 0.119
0 0.317 0.681 0.026 0.109
0 0.635 0.848 0.041 0.104
0 0.593 0.538 0.015 0.100
0 0.470 0.449 0.016 0.087
0 0.265 0.369 0.013 0.079
1 0.046 0.194 0.009 0.018
1 0.262 0.348 0.010 0.021
1 0.218 0.735 0.016 0.027
1 0.319 0.640 0.010 0.023
1 0.469 0.413 0.008 0.016
1 0.593 0.499 0.009 0.017
1 0.648 0.806 0.013 0.027
2 0.048 0.215 0.011 0.028
2 0.104 0.212 0.011 0.027
2 0.127 0.211 0.015 0.021
2 0.264 0.366 0.010 0.025
2 0.212 0.767 0.018 0.054
2 0.320 0.669 0.021 0.043
2 0.633 0.823 0.026 0.046
2 0.593 0.525 0.015 0.038
3 0.493 0.811 0.046 0.152
3 0.740 0.942 0.103 0.060
3 0.011 0.747 0.022 0.057
4 0.886 0.977 0.100 0.045
7 0.092 0.690 0.047 0.071
7 0.130 0.660 0.038 0.082
7 0.187 0.520 0.079 0.085
7 0.169 0.712 0.040 0.079
7 0.391 0.804 0.102 0.103
7 0.537 0.920 0.128 0.081
7 0.364 0.597 0.049 0.091
7 0.281 0.565 0.093 0.053
7 0.517 0.614 0.053 0.074
7 0.614 0.627 0.083 0.108
7 0.674 0.667 0.078 0.097
7 0.728 0.677 0.085 0.097
9 0.090 0.741 0.080 0.065
9 0.105 0.791 0.080 0.081
9 0.247 0.829 0.079 0.081
9 0.310 0.854 0.067 0.081
