14 0.677 0.063 0.072 0.041
14 0.793 0.104 0.072 0.013
14 0.778 0.160 0.115 0.018
0 0.781 0.255 0.025 0.043
0 0.804 0.256 0.034 0.044
0 0.867 0.280 0.062 0.095
0 0.915 0.271 0.050 0.090
0 0.537 0.276 0.097 0.108
1 0.535 0.236 0.051 0.024
1 0.784 0.239 0.017 0.010
1 0.801 0.240 0.023 0.013
1 0.875 0.241 0.029 0.014
1 0.904 0.234 0.022 0.013
1 0.768 0.193 0.014 0.010
2 0.524 0.287 0.072 0.070
2 0.778 0.258 0.018 0.027
2 0.802 0.258 0.028 0.023
2 0.860 0.269 0.049 0.039
2 0.910 0.256 0.037 0.031
7 0.812 0.293 0.084 0.047
7 0.623 0.284 0.094 0.034
11 0.930 0.351 0.141 0.056
11 0.481 0.395 0.495 0.147
9 0.346 0.567 0.690 0.390
