12 0.419 0.212 0.239 0.158
14 0.065 0.556 0.128 0.016
14 0.983 0.495 0.033 0.034
0 0.294 0.628 0.016 0.016
0 0.064 0.637 0.021 0.015
0 0.073 0.747 0.077 0.083
0 0.109 0.726 0.054 0.086
0 0.360 0.804 0.148 0.091
0 0.572 0.771 0.140 0.121
0 0.619 0.720 0.048 0.080
1 0.616 0.686 0.026 0.013
1 0.576 0.729 0.058 0.033
1 0.307 0.773 0.044 0.024
1 0.105 0.715 0.015 0.017
1 0.100 0.691 0.024 0.013
1 0.067 0.634 0.010 0.006
1 0.296 0.623 0.007 0.004
2 0.621 0.711 0.038 0.034
2 0.561 0.785 0.115 0.087
2 0.367 0.798 0.106 0.046
2 0.061 0.728 0.054 0.039
2 0.107 0.710 0.040 0.030
2 0.296 0.629 0.008 0.010
7 0.026 0.744 0.051 0.049
7 0.210 0.726 0.095 0.042
7 0.447 0.791 0.145 0.046
7 0.736 0.759 0.197 0.079
3 0.854 0.792 0.292 0.047
3 0.548 0.887 0.560 0.149
11 0.188 0.809 0.240 0.053
