0 0.137 0.873 0.039 0.095
0 0.197 0.860 0.023 0.064
0 0.319 0.867 0.017 0.072
0 0.598 0.970 0.020 0.055
0 0.703 0.975 0.022 0.051
0 0.734 0.987 0.030 0.027
0 0.850 0.952 0.027 0.035
1 0.843 0.945 0.010 0.016
1 0.739 0.975 0.013 0.031
1 0.726 0.983 0.015 0.021
1 0.708 0.963 0.010 0.021
1 0.599 0.950 0.012 0.020
1 0.321 0.841 0.010 0.019
1 0.198 0.838 0.014 0.023
1 0.143 0.845 0.026 0.037
2 0.134 0.887 0.030 0.053
2 0.198 0.863 0.021 0.032
2 0.317 0.864 0.013 0.032
2 0.598 0.971 0.016 0.022
2 0.704 0.980 0.018 0.032
2 0.853 0.948 0.013 0.022
12 0.525 0.365 0.083 0.135
13 0.113 0.469 0.224 0.061
13 0.710 0.508 0.580 0.087
14 0.321 0.490 0.195 0.060
