0 0.494 0.592 0.012 0.051
0 0.488 0.624 0.015 0.079
0 0.628 0.864 0.036 0.079
0 0.650 0.809 0.034 0.069
0 0.681 0.748 0.031 0.066
0 0.699 0.718 0.032 0.066
0 0.760 0.494 0.022 0.107
0 0.817 0.428 0.019 0.044
0 0.830 0.431 0.016 0.044
0 0.860 0.593 0.027 0.114
0 0.893 0.626 0.027 0.119
0 0.905 0.594 0.023 0.094
0 0.932 0.623 0.028 0.119
1 0.495 0.575 0.007 0.016
1 0.490 0.591 0.009 0.015
1 0.623 0.836 0.013 0.019
1 0.640 0.789 0.010 0.020
1 0.674 0.728 0.012 0.020
1 0.690 0.699 0.011 0.022
1 0.859 0.549 0.013 0.021
1 0.891 0.578 0.013 0.020
1 0.910 0.562 0.012 0.022
1 0.933 0.579 0.014 0.020
1 0.758 0.455 0.010 0.017
1 0.816 0.415 0.008 0.012
1 0.831 0.416 0.007 0.009
2 0.817 0.434 0.013 0.029
2 0.828 0.433 0.011 0.026
2 0.860 0.583 0.021 0.052
2 0.891 0.617 0.022 0.058
2 0.905 0.585 0.016 0.048
2 0.933 0.613 0.018 0.055
2 0.759 0.481 0.015 0.037
2 0.632 0.870 0.027 0.057
2 0.654 0.810 0.019 0.054
2 0.685 0.753 0.020 0.044
2 0.702 0.706 0.016 0.037
2 0.486 0.614 0.010 0.036
2 0.493 0.597 0.009 0.032
7 0.098 0.676 0.075 0.068
7 0.074 0.657 0.061 0.083
7 0.104 0.725 0.058 0.101
7 0.173 0.760 0.042 0.077
7 0.187 0.694 0.041 0.073
7 0.305 0.788 0.061 0.117
7 0.301 0.598 0.063 0.094
7 0.615 0.531 0.077 0.066
7 0.455 0.707 0.040 0.072
7 0.351 0.483 0.054 0.084
7 0.370 0.879 0.092 0.097
10 0.874 0.416 0.029 0.059
10 0.740 0.169 0.016 0.046
10 0.417 0.427 0.023 0.062
11 0.896 0.473 0.073 0.086
12 0.511 0.450 0.025 0.073
