0 0.269 0.601 0.026 0.081
0 0.797 0.852 0.029 0.101
0 0.921 0.610 0.017 0.067
0 0.717 0.507 0.020 0.080
0 0.679 0.462 0.017 0.061
0 0.923 0.232 0.010 0.056
0 0.936 0.235 0.014 0.045
0 0.837 0.126 0.012 0.047
0 0.239 0.221 0.014 0.032
0 0.313 0.233 0.016 0.031
0 0.282 0.137 0.015 0.052
0 0.254 0.115 0.011 0.046
0 0.241 0.119 0.010 0.026
0 0.414 0.208 0.010 0.052
0 0.422 0.202 0.011 0.032
0 0.504 0.150 0.009 0.047
0 0.515 0.166 0.009 0.053
0 0.527 0.155 0.013 0.048
0 0.547 0.149 0.009 0.047
0 0.558 0.117 0.011 0.046
0 0.525 0.065 0.008 0.034
0 0.571 0.251 0.013 0.066
0 0.538 0.240 0.010 0.071
0 0.686 0.124 0.010 0.049
0 0.699 0.117 0.011 0.048
0 0.723 0.130 0.009 0.059
0 0.736 0.131 0.010 0.058
0 0.739 0.100 0.007 0.020
0 0.744 0.131 0.009 0.050
0 0.070 0.180 0.019 0.050
1 0.795 0.812 0.011 0.014
1 0.714 0.479 0.006 0.008
1 0.678 0.438 0.006 0.007
3 0.916 0.888 0.096 0.078
7 0.346 0.796 0.096 0.082
7 0.253 0.734 0.059 0.091
7 0.223 0.529 0.039 0.089
7 0.544 0.945 0.068 0.106
7 0.616 0.901 0.069 0.140
7 0.533 0.815 0.040 0.086
7 0.617 0.793 0.044 0.071
7 0.599 0.659 0.071 0.069
7 0.651 0.586 0.049 0.083
7 0.532 0.565 0.035 0.055
7 0.375 0.579 0.032 0.059
7 0.477 0.587 0.031 0.050
7 0.430 0.540 0.031 0.062
7 0.821 0.621 0.038 0.050
7 0.803 0.730 0.036 0.092
7 0.666 0.512 0.069 0.062
