12 0.732 0.175 0.012 0.035
12 0.797 0.129 0.015 0.034
10 0.814 0.384 0.017 0.020
10 0.359 0.749 0.010 0.031
10 0.335 0.710 0.022 0.019
14 0.656 0.430 0.096 0.031
0 0.455 0.809 0.068 0.348
0 0.586 0.744 0.050 0.226
0 0.439 0.724 0.013 0.162
0 0.622 0.695 0.016 0.031
0 0.647 0.667 0.013 0.058
0 0.658 0.666 0.011 0.057
0 0.666 0.652 0.007 0.028
0 0.913 0.669 0.019 0.068
0 0.787 0.667 0.011 0.064
1 0.459 0.652 0.029 0.034
1 0.438 0.657 0.014 0.027
1 0.573 0.645 0.019 0.026
1 0.622 0.686 0.006 0.010
1 0.647 0.642 0.005 0.006
1 0.656 0.642 0.005 0.009
1 0.665 0.641 0.003 0.006
1 0.912 0.641 0.008 0.012
1 0.787 0.640 0.006 0.009
2 0.466 0.750 0.044 0.122
2 0.584 0.714 0.032 0.088
2 0.438 0.737 0.012 0.087
2 0.623 0.697 0.010 0.012
2 0.648 0.657 0.007 0.019
2 0.657 0.657 0.007 0.020
2 0.915 0.672 0.016 0.037
2 0.787 0.659 0.010 0.022
