0 0.422 0.520 0.044 0.040
0 0.512 0.567 0.053 0.047
0 0.550 0.604 0.081 0.074
0 0.643 0.558 0.056 0.037
0 0.767 0.661 0.173 0.092
1 0.421 0.507 0.027 0.010
1 0.512 0.556 0.032 0.017
1 0.642 0.549 0.025 0.014
1 0.577 0.579 0.022 0.019
1 0.733 0.633 0.059 0.031
2 0.773 0.658 0.096 0.048
2 0.649 0.563 0.038 0.017
2 0.532 0.588 0.052 0.032
2 0.511 0.573 0.043 0.026
2 0.427 0.519 0.026 0.017
3 0.871 0.751 0.257 0.123
7 0.304 0.609 0.114 0.060
7 0.468 0.607 0.077 0.048
7 0.656 0.589 0.100 0.040
9 0.263 0.873 0.523 0.245
11 0.273 0.702 0.445 0.127
11 0.637 0.660 0.181 0.049
12 0.869 0.272 0.038 0.020
14 0.419 0.428 0.074 0.013
14 0.409 0.476 0.109 0.013
