0 0.220 0.464 0.034 0.170
0 0.494 0.410 0.034 0.146
0 0.795 0.601 0.048 0.170
0 0.830 0.213 0.024 0.120
1 0.232 0.395 0.015 0.031
1 0.484 0.363 0.014 0.041
1 0.835 0.169 0.010 0.022
1 0.888 0.143 0.010 0.019
0 0.882 0.173 0.028 0.089
2 0.216 0.441 0.023 0.075
2 0.498 0.394 0.025 0.057
2 0.802 0.590 0.025 0.078
1 0.813 0.545 0.013 0.033
2 0.830 0.206 0.015 0.054
3 0.521 0.733 0.087 0.238
3 0.034 0.222 0.067 0.126
7 0.192 0.236 0.071 0.113
7 0.486 0.071 0.097 0.094
7 0.575 0.189 0.090 0.107
7 0.406 0.201 0.083 0.102
7 0.503 0.513 0.062 0.056
7 0.448 0.616 0.111 0.197
7 0.630 0.595 0.118 0.173
7 0.453 0.910 0.182 0.180
7 0.943 0.516 0.114 0.153
7 0.976 0.618 0.047 0.122
7 0.633 0.294 0.103 0.148
7 0.409 0.264 0.067 0.087
9 0.116 0.362 0.070 0.133
9 0.229 0.521 0.118 0.113
9 0.260 0.629 0.085 0.141
9 0.146 0.283 0.079 0.112
