0 0.789 0.151 0.015 0.035
0 0.784 0.137 0.015 0.051
0 0.710 0.032 0.015 0.042
0 0.433 0.160 0.015 0.063
0 0.411 0.154 0.015 0.075
0 0.430 0.062 0.010 0.053
0 0.405 0.062 0.015 0.050
0 0.392 0.075 0.010 0.029
0 0.299 0.117 0.013 0.043
0 0.320 0.145 0.015 0.063
0 0.379 0.064 0.012 0.052
0 0.188 0.154 0.019 0.035
0 0.115 0.145 0.020 0.040
0 0.039 0.149 0.015 0.031
0 0.129 0.024 0.012 0.042
0 0.142 0.025 0.011 0.038
0 0.237 0.052 0.014 0.054
0 0.578 0.024 0.008 0.042
0 0.586 0.025 0.006 0.048
0 0.593 0.024 0.006 0.043
0 0.611 0.036 0.008 0.047
0 0.620 0.037 0.007 0.053
0 0.626 0.031 0.011 0.052
0 0.116 0.527 0.016 0.055
0 0.603 0.740 0.024 0.110
0 0.645 0.446 0.025 0.069
0 0.815 0.512 0.021 0.088
0 0.823 0.440 0.022 0.073
0 0.536 0.370 0.024 0.072
0 0.593 0.969 0.028 0.061
1 0.598 0.688 0.008 0.012
1 0.644 0.426 0.007 0.011
1 0.822 0.426 0.006 0.010
3 0.713 0.761 0.083 0.071
7 0.176 0.700 0.101 0.079
7 0.097 0.652 0.060 0.087
7 0.331 0.924 0.072 0.116
7 0.355 0.849 0.063 0.118
7 0.429 0.788 0.096 0.160
7 0.443 0.675 0.040 0.066
7 0.500 0.491 0.046 0.079
7 0.620 0.614 0.035 0.084
7 0.654 0.514 0.032 0.044
7 0.357 0.718 0.041 0.087
