12 0.388 0.312 0.072 0.147
10 0.321 0.110 0.026 0.026
5 0.530 0.927 0.054 0.041
5 0.428 0.970 0.079 0.060
0 0.026 0.538 0.051 0.112
0 0.335 0.644 0.018 0.091
0 0.387 0.749 0.023 0.094
0 0.413 0.715 0.016 0.097
0 0.503 0.819 0.024 0.131
0 0.362 0.960 0.061 0.078
0 0.475 0.668 0.014 0.081
0 0.501 0.681 0.020 0.078
0 0.545 0.686 0.034 0.075
0 0.518 0.618 0.026 0.067
0 0.574 0.631 0.014 0.083
0 0.551 0.600 0.017 0.038
0 0.702 0.644 0.015 0.024
0 0.837 0.528 0.016 0.074
1 0.015 0.496 0.027 0.030
1 0.335 0.611 0.008 0.015
1 0.386 0.711 0.009 0.016
1 0.475 0.638 0.008 0.015
1 0.541 0.661 0.013 0.021
1 0.499 0.651 0.010 0.014
1 0.516 0.598 0.010 0.022
1 0.575 0.605 0.005 0.011
1 0.502 0.769 0.014 0.020
11 0.719 0.796 0.123 0.108
7 0.471 0.782 0.041 0.103
7 0.376 0.889 0.157 0.100
7 0.351 0.803 0.062 0.074
2 0.014 0.559 0.028 0.076
2 0.356 0.946 0.034 0.044
2 0.506 0.807 0.024 0.056
2 0.385 0.746 0.013 0.045
2 0.412 0.705 0.015 0.044
2 0.552 0.692 0.018 0.041
2 0.573 0.626 0.010 0.031
2 0.516 0.633 0.017 0.041
2 0.473 0.662 0.009 0.031
2 0.837 0.525 0.011 0.033
1 0.838 0.503 0.010 0.015
14 0.053 0.107 0.106 0.060
13 0.210 0.119 0.132 0.058
