0 0.925 0.954 0.029 0.092
0 0.714 0.529 0.020 0.079
0 0.687 0.744 0.022 0.100
0 0.510 0.490 0.021 0.074
0 0.578 0.454 0.026 0.047
0 0.215 0.577 0.021 0.093
0 0.260 0.573 0.024 0.093
0 0.096 0.107 0.017 0.040
0 0.133 0.113 0.017 0.038
0 0.137 0.137 0.016 0.036
0 0.167 0.142 0.018 0.045
0 0.191 0.158 0.016 0.036
0 0.534 0.170 0.017 0.051
0 0.623 0.188 0.014 0.064
0 0.859 0.265 0.017 0.069
0 0.910 0.309 0.015 0.059
1 0.098 0.096 0.005 0.012
1 0.136 0.102 0.006 0.014
1 0.139 0.125 0.007 0.012
1 0.169 0.131 0.008 0.018
1 0.193 0.147 0.007 0.015
1 0.437 0.185 0.007 0.012
1 0.448 0.191 0.010 0.018
1 0.463 0.195 0.010 0.015
1 0.536 0.153 0.009 0.016
1 0.618 0.160 0.007 0.010
1 0.623 0.167 0.006 0.012
1 0.859 0.240 0.008 0.014
1 0.912 0.297 0.009 0.019
1 0.715 0.502 0.009 0.017
1 0.688 0.706 0.013 0.019
1 0.929 0.921 0.014 0.021
1 0.570 0.445 0.007 0.017
1 0.510 0.468 0.009 0.017
1 0.211 0.544 0.011 0.019
1 0.260 0.539 0.013 0.018
0 0.435 0.212 0.013 0.070
0 0.449 0.219 0.012 0.071
0 0.464 0.220 0.015 0.070
0 0.617 0.167 0.014 0.028
2 0.859 0.264 0.010 0.034
2 0.908 0.313 0.009 0.028
2 0.715 0.525 0.012 0.031
2 0.687 0.733 0.015 0.035
2 0.927 0.954 0.022 0.047
2 0.581 0.448 0.010 0.025
2 0.511 0.493 0.015 0.028
2 0.213 0.566 0.013 0.033
2 0.262 0.569 0.013 0.035
2 0.434 0.203 0.009 0.030
2 0.448 0.214 0.011 0.030
2 0.463 0.213 0.013 0.031
2 0.536 0.173 0.012 0.023
2 0.621 0.186 0.011 0.027
7 0.133 0.459 0.055 0.099
7 0.139 0.669 0.079 0.097
7 0.226 0.723 0.104 0.086
7 0.282 0.522 0.039 0.067
7 0.337 0.493 0.038 0.083
7 0.375 0.540 0.037 0.069
7 0.410 0.775 0.051 0.116
7 0.407 0.902 0.068 0.140
7 0.473 0.869 0.089 0.184
7 0.492 0.751 0.054 0.102
7 0.491 0.625 0.072 0.081
7 0.548 0.562 0.051 0.094
7 0.574 0.497 0.074 0.075
7 0.671 0.703 0.035 0.101
11 0.272 0.211 0.044 0.042
