12 0.533 0.501 0.015 0.020
12 0.573 0.234 0.033 0.108
0 0.589 0.825 0.052 0.243
0 0.514 0.738 0.048 0.076
0 0.453 0.726 0.022 0.078
0 0.430 0.731 0.016 0.077
0 0.415 0.742 0.020 0.061
0 0.387 0.738 0.030 0.069
1 0.391 0.715 0.017 0.023
1 0.417 0.721 0.014 0.020
1 0.433 0.705 0.013 0.019
1 0.453 0.698 0.010 0.014
1 0.504 0.709 0.012 0.015
1 0.591 0.718 0.018 0.026
7 0.426 0.861 0.173 0.184
7 0.545 0.827 0.053 0.130
2 0.587 0.790 0.034 0.095
2 0.505 0.749 0.026 0.048
2 0.451 0.735 0.016 0.054
2 0.428 0.742 0.014 0.044
2 0.413 0.752 0.015 0.025
2 0.385 0.755 0.023 0.034
