12 0.439 0.223 0.062 0.125
10 0.385 0.021 0.029 0.031
5 0.486 0.917 0.131 0.159
5 0.605 0.976 0.135 0.047
5 0.578 0.840 0.059 0.044
0 0.029 0.431 0.029 0.109
0 0.074 0.429 0.051 0.112
0 0.390 0.553 0.019 0.087
0 0.386 0.827 0.044 0.206
0 0.503 0.706 0.026 0.130
0 0.548 0.731 0.022 0.129
0 0.594 0.611 0.034 0.056
0 0.526 0.612 0.028 0.025
0 0.403 0.485 0.016 0.056
0 0.527 0.573 0.013 0.061
0 0.551 0.591 0.018 0.069
0 0.571 0.540 0.022 0.071
0 0.599 0.570 0.011 0.052
0 0.607 0.519 0.010 0.035
0 0.629 0.554 0.014 0.075
0 0.757 0.575 0.011 0.025
0 0.899 0.465 0.018 0.081
1 0.032 0.390 0.018 0.024
1 0.074 0.390 0.025 0.031
1 0.389 0.519 0.007 0.017
1 0.383 0.745 0.015 0.020
1 0.502 0.651 0.011 0.019
1 0.549 0.679 0.014 0.021
1 0.534 0.606 0.008 0.019
1 0.528 0.553 0.007 0.013
1 0.551 0.568 0.011 0.015
1 0.584 0.599 0.013 0.022
1 0.570 0.513 0.011 0.015
1 0.900 0.433 0.008 0.014
11 0.770 0.714 0.119 0.116
7 0.452 0.808 0.102 0.100
7 0.407 0.701 0.054 0.064
7 0.527 0.701 0.028 0.094
2 0.029 0.439 0.025 0.069
2 0.070 0.452 0.039 0.065
2 0.390 0.537 0.014 0.019
2 0.521 0.613 0.017 0.017
2 0.528 0.577 0.010 0.033
2 0.601 0.610 0.018 0.044
2 0.628 0.548 0.010 0.036
2 0.571 0.550 0.016 0.039
2 0.384 0.792 0.027 0.056
2 0.504 0.692 0.020 0.052
2 0.549 0.715 0.018 0.045
2 0.899 0.456 0.011 0.031
14 0.099 0.019 0.148 0.037
13 0.281 0.025 0.136 0.049
