0 0.691 0.561 0.126 0.663
0 0.820 0.583 0.135 0.649
0 0.892 0.378 0.027 0.134
0 0.929 0.372 0.021 0.129
0 0.432 0.351 0.010 0.025
0 0.458 0.331 0.007 0.056
0 0.591 0.342 0.014 0.026
1 0.691 0.267 0.047 0.064
1 0.832 0.297 0.052 0.067
1 0.892 0.322 0.010 0.019
1 0.927 0.319 0.012 0.018
1 0.588 0.336 0.007 0.011
1 0.432 0.346 0.007 0.012
1 0.460 0.306 0.004 0.005
2 0.836 0.474 0.093 0.230
2 0.686 0.472 0.087 0.250
2 0.893 0.351 0.017 0.044
2 0.928 0.352 0.019 0.049
3 0.446 0.401 0.083 0.077
5 0.322 0.778 0.643 0.287
5 0.218 0.887 0.436 0.227
5 0.943 0.637 0.114 0.049
5 0.575 0.583 0.138 0.049
