0 0.434 0.942 0.024 0.117
0 0.289 0.947 0.031 0.106
0 0.934 0.920 0.040 0.145
1 0.049 0.936 0.018 0.034
1 0.065 0.984 0.029 0.031
1 0.112 0.914 0.013 0.039
1 0.278 0.912 0.015 0.025
1 0.387 0.893 0.017 0.035
1 0.429 0.902 0.016 0.024
1 0.699 0.893 0.039 0.049
1 0.933 0.878 0.028 0.039
2 0.290 0.961 0.031 0.060
2 0.434 0.957 0.019 0.063
2 0.684 0.956 0.029 0.065
2 0.931 0.935 0.035 0.072
14 0.858 0.715 0.061 0.038
13 0.297 0.743 0.045 0.057
13 0.431 0.753 0.056 0.082
13 0.596 0.743 0.066 0.069
13 0.755 0.726 0.053 0.065
13 0.918 0.707 0.040 0.064
13 0.812 0.722 0.033 0.051
13 0.987 0.686 0.026 0.052
14 0.654 0.535 0.032 0.053
