12 0.446 0.215 0.030 0.021
14 0.850 0.273 0.175 0.013
0 0.037 0.446 0.071 0.106
0 0.124 0.499 0.128 0.174
0 0.498 0.467 0.090 0.055
0 0.741 0.436 0.035 0.047
0 0.789 0.459 0.057 0.097
0 0.841 0.464 0.060 0.089
1 0.844 0.430 0.037 0.017
1 0.782 0.420 0.025 0.015
1 0.762 0.417 0.023 0.011
1 0.743 0.420 0.027 0.014
1 0.530 0.453 0.027 0.024
1 0.120 0.426 0.056 0.028
1 0.021 0.402 0.040 0.017
2 0.027 0.429 0.052 0.039
2 0.112 0.474 0.087 0.070
2 0.485 0.469 0.058 0.044
2 0.745 0.442 0.044 0.028
2 0.782 0.446 0.044 0.035
2 0.844 0.462 0.053 0.046
7 0.421 0.473 0.101 0.051
7 0.935 0.475 0.130 0.067
7 0.722 0.482 0.119 0.062
7 0.466 0.599 0.545 0.075
7 0.871 0.575 0.258 0.147
3 0.637 0.697 0.725 0.127
11 0.087 0.589 0.172 0.084
