0 0.449 0.262 0.055 0.400
0 0.477 0.257 0.054 0.347
0 0.785 0.287 0.032 0.097
0 0.816 0.287 0.023 0.114
1 0.441 0.076 0.031 0.041
1 0.465 0.103 0.025 0.041
2 0.448 0.186 0.054 0.121
2 0.486 0.237 0.019 0.094
2 0.781 0.278 0.015 0.036
2 0.813 0.277 0.016 0.051
2 0.195 0.385 0.016 0.027
1 0.197 0.358 0.009 0.015
0 0.197 0.381 0.023 0.067
0 0.638 0.389 0.024 0.055
2 0.640 0.401 0.022 0.030
0 0.198 0.146 0.011 0.022
2 0.202 0.154 0.010 0.018
5 0.507 0.742 0.973 0.504
7 0.742 0.371 0.113 0.069
10 0.304 0.305 0.084 0.242
