5 0.199 0.928 0.322 0.144
5 0.745 0.794 0.493 0.217
0 0.039 0.458 0.025 0.046
0 0.313 0.463 0.011 0.041
0 0.339 0.451 0.021 0.025
0 0.487 0.443 0.006 0.027
0 0.543 0.398 0.009 0.019
0 0.634 0.412 0.017 0.027
0 0.905 0.650 0.105 0.162
2 0.925 0.641 0.059 0.079
2 0.634 0.419 0.015 0.011
2 0.542 0.400 0.005 0.008
2 0.486 0.448 0.003 0.017
2 0.338 0.458 0.013 0.016
2 0.313 0.462 0.008 0.019
2 0.038 0.466 0.013 0.019
1 0.037 0.444 0.006 0.012
1 0.312 0.444 0.005 0.007
1 0.339 0.443 0.008 0.009
1 0.543 0.393 0.006 0.009
1 0.634 0.405 0.007 0.011
1 0.914 0.603 0.031 0.053
3 0.542 0.511 0.102 0.102
3 0.404 0.517 0.112 0.097
3 0.950 0.498 0.089 0.081
10 0.647 0.501 0.052 0.156
13 0.633 0.154 0.080 0.028
13 0.932 0.035 0.091 0.068
