12 0.101 0.121 0.019 0.038
14 0.453 0.215 0.111 0.023
14 0.759 0.128 0.083 0.056
14 0.521 0.408 0.017 0.026
0 0.400 0.594 0.027 0.056
0 0.509 0.632 0.043 0.135
0 0.288 0.752 0.051 0.098
0 0.035 0.762 0.043 0.100
0 0.363 0.440 0.013 0.026
0 0.370 0.440 0.008 0.021
1 0.369 0.434 0.006 0.010
1 0.363 0.434 0.007 0.010
1 0.277 0.722 0.018 0.036
1 0.395 0.575 0.013 0.016
1 0.507 0.584 0.024 0.037
2 0.508 0.651 0.037 0.091
2 0.403 0.602 0.016 0.039
2 0.281 0.742 0.033 0.055
2 0.031 0.738 0.033 0.039
2 0.364 0.446 0.010 0.011
2 0.488 0.400 0.006 0.012
7 0.079 0.725 0.058 0.076
7 0.408 0.670 0.093 0.116
3 0.483 0.770 0.198 0.180
11 0.118 0.872 0.235 0.256
9 0.280 0.867 0.255 0.267
0 0.047 0.553 0.015 0.063
1 0.044 0.528 0.007 0.011
2 0.045 0.550 0.010 0.029
