0 0.272 0.565 0.100 0.156
0 0.280 0.495 0.047 0.057
0 0.350 0.534 0.081 0.126
0 0.406 0.495 0.073 0.068
0 0.679 0.526 0.084 0.117
1 0.677 0.479 0.035 0.019
1 0.386 0.481 0.035 0.018
1 0.332 0.482 0.042 0.019
1 0.279 0.482 0.034 0.021
2 0.271 0.549 0.083 0.069
2 0.337 0.514 0.058 0.043
2 0.397 0.509 0.046 0.035
2 0.676 0.511 0.062 0.047
7 0.502 0.560 0.260 0.107
7 0.519 0.826 0.717 0.348
12 0.775 0.283 0.053 0.059
14 0.427 0.335 0.178 0.011
14 0.890 0.333 0.101 0.011
14 0.890 0.387 0.107 0.015
14 0.737 0.389 0.106 0.015
