0 0.299 0.324 0.088 0.354
0 0.622 0.219 0.030 0.099
0 0.646 0.218 0.013 0.084
0 0.669 0.219 0.033 0.116
0 0.706 0.227 0.030 0.123
0 0.694 0.147 0.026 0.075
0 0.830 0.259 0.043 0.115
0 0.818 0.190 0.017 0.059
0 0.853 0.197 0.025 0.083
0 0.983 0.267 0.033 0.058
1 0.292 0.171 0.039 0.060
1 0.620 0.185 0.022 0.023
1 0.648 0.183 0.013 0.021
1 0.663 0.170 0.015 0.024
1 0.693 0.123 0.018 0.025
1 0.714 0.174 0.013 0.025
1 0.833 0.215 0.020 0.025
1 0.857 0.177 0.019 0.036
1 0.823 0.179 0.013 0.023
1 0.992 0.248 0.017 0.021
2 0.305 0.292 0.070 0.159
2 0.620 0.225 0.024 0.052
2 0.649 0.227 0.021 0.060
2 0.671 0.234 0.025 0.078
2 0.696 0.155 0.019 0.047
2 0.712 0.234 0.023 0.083
2 0.833 0.272 0.039 0.064
2 0.862 0.214 0.028 0.043
2 0.815 0.213 0.010 0.022
2 0.986 0.277 0.022 0.027
3 0.657 0.351 0.102 0.190
3 0.815 0.320 0.180 0.058
3 0.814 0.400 0.156 0.114
4 0.188 0.567 0.347 0.386
10 0.603 0.305 0.039 0.143
