0 0.142 0.546 0.045 0.075
0 0.408 0.467 0.031 0.136
0 0.786 0.618 0.041 0.175
0 0.731 0.237 0.025 0.123
0 0.779 0.200 0.029 0.101
0 0.362 0.071 0.023 0.121
0 0.317 0.063 0.032 0.110
1 0.157 0.525 0.016 0.029
1 0.399 0.416 0.011 0.038
1 0.359 0.045 0.018 0.025
1 0.793 0.550 0.018 0.036
1 0.735 0.187 0.014 0.026
1 0.787 0.168 0.009 0.030
2 0.134 0.540 0.028 0.065
2 0.412 0.455 0.024 0.066
2 0.363 0.077 0.019 0.051
2 0.790 0.588 0.028 0.070
2 0.732 0.220 0.017 0.046
3 0.449 0.790 0.084 0.219
7 0.370 0.681 0.110 0.172
7 0.372 0.950 0.145 0.099
7 0.553 0.640 0.127 0.199
7 0.326 0.337 0.062 0.092
7 0.309 0.278 0.091 0.088
7 0.478 0.240 0.102 0.093
7 0.540 0.331 0.090 0.130
7 0.867 0.534 0.119 0.170
7 0.390 0.138 0.099 0.092
7 0.095 0.333 0.068 0.098
9 0.054 0.385 0.082 0.099
9 0.027 0.481 0.052 0.156
9 0.150 0.626 0.122 0.122
9 0.188 0.723 0.094 0.165
