0 0.017 0.646 0.032 0.046
0 0.048 0.643 0.042 0.041
0 0.128 0.676 0.061 0.088
0 0.152 0.639 0.034 0.032
0 0.312 0.739 0.106 0.090
0 0.369 0.805 0.156 0.220
0 0.909 0.666 0.085 0.093
1 0.911 0.630 0.040 0.017
1 0.385 0.713 0.070 0.031
1 0.282 0.714 0.037 0.032
1 0.140 0.643 0.036 0.018
1 0.152 0.628 0.019 0.013
1 0.046 0.632 0.026 0.013
1 0.013 0.632 0.025 0.014
2 0.017 0.651 0.031 0.022
2 0.044 0.649 0.028 0.024
2 0.125 0.668 0.051 0.044
2 0.150 0.641 0.021 0.015
2 0.342 0.718 0.056 0.028
2 0.359 0.757 0.154 0.073
2 0.897 0.658 0.058 0.042
3 0.827 0.732 0.329 0.055
3 0.493 0.818 0.547 0.155
7 0.701 0.698 0.203 0.079
7 0.197 0.663 0.090 0.041
11 0.159 0.746 0.228 0.058
12 0.356 0.172 0.241 0.166
