0 0.395 0.768 0.040 0.254
0 0.464 0.823 0.058 0.235
0 0.771 0.694 0.016 0.051
4 0.522 0.824 0.072 0.159
6 0.968 0.862 0.063 0.240
4 0.844 0.692 0.099 0.071
7 0.956 0.704 0.088 0.088
10 0.459 0.672 0.024 0.080
14 0.130 0.421 0.260 0.177
14 0.071 0.058 0.111 0.114
12 0.449 0.136 0.086 0.143
14 0.210 0.205 0.096 0.142
14 0.180 0.869 0.109 0.263
1 0.403 0.668 0.024 0.041
1 0.473 0.725 0.026 0.031
2 0.392 0.703 0.029 0.047
10 0.645 0.679 0.017 0.050
10 0.665 0.681 0.013 0.044
2 0.770 0.697 0.009 0.023
1 0.770 0.678 0.007 0.010
13 0.315 0.385 0.102 0.076
13 0.408 0.411 0.083 0.052
