0 0.041 0.213 0.019 0.108
0 0.115 0.220 0.021 0.082
0 0.146 0.219 0.021 0.059
0 0.216 0.794 0.033 0.099
0 0.333 0.667 0.033 0.117
0 0.486 0.438 0.019 0.094
0 0.293 0.490 0.029 0.094
0 0.630 0.844 0.040 0.079
1 0.040 0.182 0.010 0.017
1 0.292 0.448 0.009 0.017
1 0.228 0.766 0.011 0.027
1 0.335 0.627 0.014 0.019
1 0.483 0.412 0.011 0.022
2 0.042 0.209 0.013 0.038
2 0.117 0.200 0.013 0.034
2 0.144 0.202 0.012 0.024
2 0.296 0.475 0.016 0.044
2 0.212 0.779 0.020 0.041
2 0.334 0.662 0.022 0.052
2 0.632 0.829 0.025 0.048
3 0.019 0.741 0.037 0.072
3 0.504 0.807 0.048 0.147
3 0.751 0.938 0.105 0.062
4 0.898 0.975 0.095 0.051
7 0.115 0.684 0.066 0.075
7 0.147 0.649 0.041 0.092
7 0.203 0.521 0.086 0.081
7 0.300 0.556 0.101 0.050
7 0.184 0.701 0.037 0.085
7 0.382 0.589 0.054 0.088
7 0.403 0.793 0.105 0.100
7 0.532 0.604 0.043 0.066
7 0.629 0.622 0.081 0.101
7 0.680 0.656 0.069 0.089
7 0.745 0.679 0.071 0.102
7 0.554 0.915 0.131 0.097
7 0.031 0.799 0.061 0.087
9 0.105 0.729 0.073 0.069
9 0.116 0.780 0.077 0.086
9 0.261 0.814 0.085 0.068
9 0.325 0.845 0.070 0.084
