0 0.368 0.689 0.031 0.078
0 0.204 0.464 0.020 0.068
0 0.220 0.356 0.023 0.056
0 0.028 0.237 0.015 0.051
0 0.236 0.157 0.011 0.036
0 0.261 0.142 0.015 0.039
0 0.372 0.205 0.010 0.040
0 0.427 0.228 0.011 0.039
0 0.826 0.308 0.016 0.070
0 0.974 0.277 0.021 0.079
0 0.950 0.213 0.015 0.059
0 0.926 0.214 0.014 0.075
0 0.700 0.229 0.010 0.064
0 0.694 0.222 0.011 0.064
0 0.555 0.053 0.008 0.027
0 0.601 0.051 0.010 0.021
1 0.024 0.221 0.006 0.014
1 0.260 0.128 0.005 0.010
1 0.226 0.338 0.006 0.018
1 0.147 0.546 0.011 0.019
1 0.357 0.662 0.011 0.026
1 0.424 0.215 0.006 0.009
1 0.372 0.189 0.005 0.008
1 0.701 0.207 0.006 0.016
1 0.695 0.200 0.007 0.014
1 0.823 0.284 0.010 0.019
1 0.930 0.192 0.010 0.016
1 0.950 0.193 0.008 0.012
1 0.976 0.252 0.011 0.017
2 0.218 0.346 0.015 0.026
2 0.235 0.154 0.007 0.019
2 0.372 0.680 0.019 0.036
2 0.700 0.224 0.008 0.031
2 0.824 0.302 0.013 0.028
2 0.973 0.270 0.013 0.030
2 0.926 0.208 0.010 0.025
2 0.949 0.212 0.011 0.031
3 0.267 0.362 0.037 0.068
3 0.718 0.385 0.032 0.064
4 0.251 0.436 0.074 0.046
3 0.292 0.319 0.048 0.052
4 0.349 0.263 0.052 0.036
4 0.339 0.316 0.054 0.047
4 0.309 0.068 0.030 0.032
4 0.582 0.117 0.033 0.034
4 0.501 0.096 0.040 0.035
3 0.621 0.071 0.024 0.033
4 0.942 0.107 0.044 0.044
4 0.768 0.357 0.093 0.052
4 0.963 0.433 0.073 0.087
4 0.616 0.508 0.105 0.085
7 0.043 0.761 0.086 0.101
7 0.120 0.851 0.069 0.079
7 0.575 0.599 0.071 0.081
7 0.697 0.565 0.107 0.095
7 0.639 0.795 0.054 0.120
7 0.544 0.893 0.071 0.050
7 0.714 0.903 0.102 0.155
7 0.817 0.617 0.045 0.118
7 0.917 0.682 0.047 0.095
7 0.970 0.607 0.059 0.166
10 0.019 0.415 0.032 0.100
10 0.192 0.196 0.018 0.050
12 0.899 0.370 0.052 0.057
