0 0.283 0.453 0.026 0.077
0 0.386 0.543 0.031 0.090
0 0.475 0.618 0.028 0.079
0 0.523 0.665 0.030 0.058
0 0.412 0.352 0.018 0.081
0 0.433 0.354 0.018 0.097
0 0.432 0.474 0.026 0.087
0 0.403 0.477 0.029 0.064
0 0.653 0.613 0.031 0.138
0 0.812 0.852 0.045 0.096
0 0.920 0.940 0.028 0.109
0 0.945 0.955 0.031 0.091
4 0.315 0.355 0.061 0.069
4 0.214 0.393 0.039 0.083
4 0.751 0.592 0.110 0.107
5 0.669 0.746 0.158 0.141
1 0.382 0.511 0.015 0.031
1 0.481 0.594 0.012 0.024
1 0.532 0.649 0.007 0.020
1 0.657 0.551 0.020 0.026
1 0.435 0.446 0.014 0.028
1 0.411 0.457 0.011 0.021
1 0.430 0.319 0.013 0.022
1 0.412 0.319 0.015 0.020
1 0.290 0.426 0.009 0.019
1 0.128 0.353 0.011 0.015
1 0.819 0.823 0.033 0.048
1 0.919 0.909 0.019 0.043
1 0.939 0.927 0.019 0.044
2 0.922 0.964 0.020 0.051
2 0.809 0.859 0.033 0.049
2 0.946 0.971 0.019 0.035
2 0.652 0.592 0.020 0.046
2 0.762 0.448 0.014 0.026
2 0.842 0.249 0.011 0.044
2 0.641 0.207 0.010 0.027
2 0.412 0.356 0.019 0.046
2 0.433 0.354 0.013 0.038
2 0.401 0.478 0.020 0.038
2 0.387 0.548 0.019 0.042
2 0.474 0.629 0.020 0.044
2 0.520 0.675 0.019 0.033
2 0.281 0.451 0.018 0.036
2 0.127 0.379 0.015 0.028
1 0.735 0.422 0.014 0.020
1 0.759 0.427 0.010 0.016
0 0.738 0.436 0.024 0.054
0 0.762 0.445 0.020 0.053
0 0.639 0.202 0.017 0.044
1 0.635 0.184 0.006 0.012
