14 0.707 0.190 0.081 0.047
14 0.814 0.284 0.106 0.019
0 0.187 0.456 0.116 0.198
0 0.604 0.539 0.261 0.128
0 0.623 0.423 0.062 0.107
0 0.666 0.384 0.038 0.044
0 0.757 0.392 0.056 0.072
0 0.974 0.392 0.053 0.080
1 0.084 0.362 0.038 0.019
1 0.179 0.373 0.051 0.029
1 0.536 0.497 0.061 0.041
1 0.634 0.377 0.040 0.017
1 0.665 0.371 0.028 0.015
1 0.750 0.366 0.023 0.014
2 0.975 0.380 0.051 0.032
2 0.758 0.388 0.040 0.032
2 0.663 0.391 0.031 0.030
2 0.615 0.410 0.056 0.041
2 0.650 0.519 0.151 0.061
2 0.177 0.428 0.094 0.078
2 0.025 0.564 0.049 0.086
7 0.446 0.432 0.134 0.067
7 0.892 0.414 0.138 0.073
7 0.894 0.504 0.212 0.061
3 0.363 0.763 0.725 0.303
11 0.529 0.516 0.369 0.079
