0 0.237 0.170 0.016 0.055
0 0.357 0.068 0.013 0.042
0 0.577 0.190 0.015 0.069
0 0.605 0.208 0.012 0.044
0 0.548 0.064 0.011 0.044
0 0.784 0.075 0.012 0.056
0 0.798 0.078 0.013 0.061
0 0.871 0.500 0.023 0.090
0 0.239 0.473 0.020 0.066
0 0.335 0.463 0.013 0.071
0 0.559 0.087 0.008 0.050
0 0.466 0.148 0.011 0.028
0 0.309 0.165 0.013 0.031
0 0.361 0.177 0.012 0.029
0 0.915 0.190 0.018 0.048
7 0.419 0.722 0.095 0.101
7 0.347 0.749 0.052 0.119
7 0.302 0.802 0.072 0.119
7 0.380 0.649 0.050 0.082
7 0.456 0.636 0.041 0.082
7 0.490 0.535 0.062 0.060
7 0.250 0.616 0.069 0.071
7 0.205 0.574 0.060 0.068
3 0.685 0.750 0.107 0.131
5 0.581 0.649 0.048 0.119
7 0.240 0.415 0.049 0.052
1 0.236 0.447 0.009 0.021
1 0.331 0.438 0.010 0.020
1 0.363 0.169 0.006 0.012
1 0.310 0.154 0.008 0.016
1 0.463 0.143 0.007 0.012
1 0.236 0.149 0.006 0.010
1 0.573 0.163 0.010 0.016
1 0.602 0.192 0.009 0.018
1 0.797 0.056 0.007 0.018
7 0.355 0.553 0.035 0.053
7 0.388 0.594 0.033 0.059
7 0.388 0.446 0.024 0.047
7 0.407 0.481 0.022 0.044
7 0.665 0.493 0.032 0.047
7 0.647 0.547 0.031 0.052
7 0.622 0.605 0.028 0.068
7 0.584 0.429 0.029 0.056
2 0.236 0.469 0.013 0.022
2 0.334 0.456 0.008 0.024
2 0.237 0.163 0.008 0.015
2 0.023 0.210 0.014 0.019
2 0.784 0.077 0.010 0.020
2 0.750 0.062 0.005 0.014
2 0.796 0.073 0.007 0.019
2 0.575 0.179 0.011 0.022
2 0.606 0.207 0.008 0.015
2 0.872 0.482 0.016 0.031
1 0.868 0.462 0.009 0.016
1 0.750 0.049 0.005 0.010
1 0.785 0.058 0.007 0.011
0 0.750 0.065 0.009 0.051
11 0.369 0.209 0.040 0.029
