0 0.267 0.921 0.041 0.157
0 0.447 0.763 0.021 0.066
0 0.587 0.713 0.031 0.139
0 0.949 0.621 0.019 0.087
0 0.978 0.618 0.019 0.083
2 0.266 0.905 0.028 0.071
2 0.447 0.771 0.020 0.045
2 0.584 0.682 0.024 0.053
2 0.979 0.610 0.015 0.038
2 0.951 0.613 0.014 0.035
12 0.372 0.231 0.094 0.137
1 0.447 0.736 0.017 0.021
1 0.267 0.861 0.024 0.029
1 0.572 0.645 0.027 0.044
1 0.469 0.982 0.029 0.029
7 0.231 0.807 0.084 0.132
0 0.440 0.654 0.016 0.074
0 0.484 0.983 0.062 0.034
0 0.013 0.511 0.019 0.053
0 0.141 0.531 0.023 0.075
0 0.392 0.597 0.014 0.068
0 0.319 0.609 0.020 0.065
0 0.691 0.632 0.021 0.034
0 0.697 0.695 0.018 0.052
1 0.015 0.501 0.024 0.029
1 0.319 0.578 0.016 0.023
1 0.394 0.579 0.015 0.026
1 0.143 0.508 0.009 0.021
1 0.576 0.648 0.024 0.049
1 0.952 0.594 0.013 0.035
1 0.979 0.584 0.014 0.027
11 0.789 0.864 0.126 0.142
