0 0.114 0.667 0.043 0.107
0 0.549 0.806 0.033 0.062
0 0.570 0.844 0.030 0.133
0 0.587 0.276 0.017 0.069
0 0.505 0.289 0.020 0.077
1 0.587 0.256 0.012 0.022
1 0.507 0.258 0.012 0.019
1 0.558 0.787 0.015 0.030
1 0.568 0.790 0.014 0.029
1 0.102 0.630 0.015 0.028
2 0.120 0.651 0.026 0.048
2 0.545 0.812 0.022 0.053
2 0.567 0.831 0.024 0.057
2 0.586 0.281 0.016 0.031
2 0.505 0.282 0.016 0.039
7 0.235 0.287 0.091 0.092
7 0.261 0.605 0.065 0.146
7 0.333 0.594 0.093 0.144
7 0.422 0.617 0.117 0.109
7 0.456 0.530 0.058 0.117
7 0.431 0.326 0.040 0.067
7 0.595 0.194 0.065 0.072
7 0.691 0.493 0.080 0.121
7 0.693 0.375 0.043 0.066
7 0.709 0.312 0.047 0.081
7 0.630 0.303 0.043 0.078
9 0.405 0.267 0.057 0.059
9 0.464 0.263 0.053 0.061
10 0.276 0.113 0.033 0.062
11 0.859 0.021 0.070 0.041
12 0.647 0.078 0.033 0.073
