5 0.541 0.650 0.552 0.448
0 0.577 0.258 0.035 0.101
0 0.639 0.188 0.016 0.048
0 0.651 0.193 0.010 0.049
0 0.663 0.224 0.021 0.121
0 0.685 0.205 0.021 0.054
0 0.690 0.175 0.020 0.079
0 0.717 0.214 0.021 0.135
0 0.741 0.233 0.017 0.058
0 0.768 0.237 0.022 0.056
0 0.785 0.206 0.013 0.104
1 0.587 0.224 0.014 0.024
1 0.644 0.177 0.005 0.011
1 0.652 0.174 0.006 0.014
1 0.664 0.167 0.013 0.019
1 0.686 0.141 0.009 0.014
1 0.684 0.184 0.008 0.017
1 0.721 0.156 0.016 0.021
1 0.743 0.219 0.009 0.024
1 0.766 0.219 0.015 0.015
1 0.786 0.163 0.009 0.016
1 0.803 0.156 0.012 0.012
2 0.575 0.259 0.033 0.060
2 0.642 0.194 0.008 0.027
2 0.652 0.197 0.013 0.023
2 0.660 0.217 0.018 0.058
2 0.680 0.206 0.016 0.031
2 0.689 0.163 0.014 0.029
2 0.719 0.196 0.018 0.044
2 0.738 0.248 0.017 0.039
2 0.769 0.240 0.022 0.023
2 0.784 0.191 0.013 0.041
3 0.585 0.229 0.054 0.031
9 0.262 0.294 0.063 0.026
10 0.186 0.310 0.022 0.054
10 0.223 0.346 0.027 0.102
10 0.264 0.305 0.011 0.019
