14 0.262 0.173 0.090 0.038
14 0.371 0.150 0.031 0.021
14 0.481 0.123 0.048 0.027
14 0.662 0.044 0.019 0.085
14 0.803 0.075 0.038 0.029
14 0.879 0.054 0.091 0.056
13 0.732 0.116 0.105 0.057
13 0.530 0.165 0.126 0.057
13 0.135 0.253 0.103 0.061
0 0.215 0.535 0.032 0.124
0 0.899 0.397 0.028 0.082
0 0.932 0.366 0.026 0.111
1 0.207 0.487 0.010 0.015
1 0.895 0.365 0.009 0.017
1 0.926 0.319 0.012 0.016
2 0.932 0.353 0.019 0.046
2 0.899 0.393 0.020 0.041
2 0.209 0.522 0.017 0.045
5 0.146 0.647 0.291 0.124
9 0.205 0.584 0.090 0.065
5 0.255 0.775 0.378 0.194
