0 0.197 0.807 0.062 0.300
0 0.249 0.764 0.058 0.306
0 0.514 0.623 0.013 0.022
0 0.939 0.681 0.039 0.082
0 0.981 0.670 0.025 0.083
4 0.093 0.815 0.148 0.222
6 0.834 0.813 0.306 0.220
4 0.593 0.624 0.096 0.053
7 0.712 0.627 0.122 0.066
7 0.676 0.687 0.051 0.061
10 0.208 0.628 0.037 0.091
12 0.206 0.036 0.089 0.069
1 0.207 0.686 0.022 0.044
1 0.236 0.642 0.025 0.034
1 0.516 0.618 0.006 0.010
2 0.934 0.687 0.023 0.042
2 0.980 0.664 0.016 0.037
2 0.250 0.695 0.033 0.064
1 0.931 0.652 0.015 0.027
10 0.410 0.625 0.015 0.044
10 0.427 0.631 0.010 0.034
13 0.070 0.355 0.132 0.101
13 0.166 0.375 0.067 0.056
