0 0.244 0.485 0.011 0.063
0 0.205 0.449 0.016 0.054
0 0.250 0.424 0.018 0.058
0 0.211 0.394 0.013 0.058
0 0.099 0.609 0.018 0.048
0 0.087 0.604 0.024 0.036
0 0.009 0.391 0.011 0.059
0 0.024 0.388 0.016 0.060
0 0.049 0.369 0.013 0.043
0 0.341 0.838 0.021 0.116
0 0.345 0.648 0.018 0.083
0 0.350 0.541 0.013 0.065
0 0.948 0.886 0.029 0.119
0 0.928 0.539 0.035 0.060
0 0.829 0.443 0.008 0.064
0 0.835 0.433 0.010 0.062
0 0.444 0.454 0.012 0.050
0 0.460 0.402 0.011 0.032
0 0.309 0.336 0.009 0.041
0 0.403 0.329 0.011 0.036
0 0.288 0.280 0.007 0.035
0 0.571 0.493 0.016 0.049
0 0.014 0.668 0.017 0.060
0 0.168 0.290 0.008 0.031
0 0.177 0.288 0.010 0.020
1 0.008 0.368 0.007 0.012
1 0.023 0.368 0.007 0.017
1 0.048 0.354 0.006 0.012
1 0.012 0.644 0.012 0.022
1 0.093 0.595 0.010 0.016
1 0.133 0.565 0.008 0.023
0 0.134 0.596 0.022 0.085
1 0.341 0.792 0.011 0.027
1 0.344 0.614 0.012 0.018
1 0.245 0.463 0.006 0.015
1 0.208 0.375 0.005 0.011
1 0.308 0.320 0.006 0.010
1 0.403 0.318 0.006 0.011
0 0.320 0.458 0.016 0.046
1 0.948 0.838 0.016 0.021
1 0.923 0.517 0.011 0.017
0 0.941 0.508 0.025 0.075
1 0.833 0.410 0.007 0.016
0 0.559 0.240 0.006 0.021
0 0.557 0.261 0.008 0.028
2 0.024 0.386 0.012 0.029
2 0.207 0.446 0.013 0.029
2 0.244 0.482 0.009 0.027
2 0.137 0.589 0.015 0.031
2 0.100 0.610 0.013 0.035
2 0.342 0.825 0.022 0.054
2 0.349 0.531 0.009 0.020
2 0.950 0.872 0.028 0.062
2 0.931 0.532 0.019 0.026
3 0.391 0.543 0.036 0.058
3 0.848 0.606 0.035 0.067
3 0.415 0.506 0.046 0.061
4 0.474 0.455 0.049 0.036
4 0.462 0.504 0.050 0.046
4 0.625 0.302 0.033 0.044
4 0.707 0.327 0.032 0.043
4 0.905 0.575 0.093 0.047
4 0.742 0.718 0.110 0.073
4 0.377 0.618 0.067 0.035
4 0.441 0.270 0.025 0.040
0 0.748 0.283 0.026 0.050
7 0.151 0.911 0.141 0.103
7 0.694 0.821 0.089 0.106
7 0.829 0.799 0.115 0.106
10 0.327 0.380 0.013 0.040
10 0.158 0.569 0.027 0.069
14 0.098 0.023 0.030 0.044
14 0.734 0.061 0.028 0.019
14 0.826 0.059 0.035 0.027
12 0.275 0.125 0.017 0.041
12 0.474 0.206 0.009 0.023
