12 0.644 0.125 0.246 0.174
12 0.520 0.362 0.030 0.019
14 0.101 0.499 0.200 0.019
14 0.042 0.548 0.081 0.015
0 0.350 0.575 0.019 0.017
0 0.083 0.645 0.043 0.037
0 0.125 0.644 0.049 0.033
0 0.163 0.679 0.068 0.092
0 0.266 0.638 0.035 0.026
0 0.406 0.739 0.150 0.085
0 0.349 0.822 0.189 0.196
0 0.672 0.675 0.047 0.083
1 0.678 0.639 0.025 0.011
1 0.350 0.726 0.034 0.030
1 0.406 0.746 0.076 0.043
1 0.264 0.629 0.018 0.008
1 0.182 0.641 0.028 0.016
1 0.123 0.633 0.026 0.009
1 0.087 0.632 0.022 0.010
1 0.353 0.569 0.009 0.004
1 0.846 0.554 0.012 0.005
1 0.024 0.579 0.014 0.007
2 0.352 0.577 0.016 0.011
2 0.084 0.651 0.033 0.024
2 0.120 0.650 0.033 0.022
2 0.167 0.666 0.047 0.037
2 0.267 0.643 0.029 0.015
2 0.330 0.778 0.144 0.081
2 0.419 0.713 0.096 0.032
2 0.669 0.665 0.041 0.037
7 0.083 0.683 0.125 0.045
7 0.267 0.668 0.094 0.040
7 0.769 0.711 0.202 0.073
7 0.570 0.735 0.250 0.043
3 0.869 0.747 0.261 0.045
3 0.579 0.826 0.476 0.127
11 0.230 0.749 0.218 0.050
