0 0.081 0.146 0.013 0.046
0 0.160 0.196 0.012 0.039
0 0.232 0.199 0.013 0.038
0 0.178 0.214 0.015 0.021
0 0.242 0.087 0.013 0.041
0 0.255 0.082 0.011 0.040
0 0.314 0.112 0.017 0.053
0 0.303 0.204 0.017 0.034
0 0.421 0.195 0.014 0.061
0 0.410 0.173 0.009 0.026
0 0.548 0.228 0.011 0.059
0 0.520 0.218 0.010 0.076
0 0.534 0.216 0.011 0.077
0 0.539 0.122 0.010 0.054
0 0.513 0.127 0.011 0.047
0 0.496 0.133 0.010 0.056
0 0.558 0.099 0.012 0.047
0 0.684 0.089 0.005 0.043
0 0.691 0.089 0.006 0.043
0 0.700 0.088 0.008 0.050
0 0.720 0.100 0.009 0.045
0 0.730 0.102 0.007 0.044
0 0.737 0.098 0.008 0.046
0 0.730 0.076 0.008 0.019
0 0.828 0.106 0.013 0.048
0 0.916 0.217 0.010 0.048
0 0.908 0.208 0.011 0.051
0 0.742 0.815 0.032 0.121
1 0.738 0.773 0.010 0.012
3 0.855 0.855 0.091 0.079
7 0.209 0.486 0.049 0.069
7 0.310 0.756 0.090 0.078
7 0.494 0.906 0.062 0.123
7 0.564 0.850 0.067 0.131
7 0.573 0.737 0.042 0.077
7 0.023 0.795 0.045 0.103
7 0.490 0.785 0.042 0.101
7 0.565 0.625 0.065 0.065
7 0.620 0.561 0.051 0.080
7 0.639 0.484 0.068 0.063
7 0.505 0.534 0.041 0.056
7 0.754 0.695 0.039 0.086
7 0.405 0.508 0.031 0.056
7 0.458 0.962 0.087 0.077
