0 0.183 0.499 0.034 0.120
0 0.455 0.453 0.039 0.155
0 0.784 0.643 0.039 0.180
0 0.786 0.255 0.030 0.116
0 0.422 0.060 0.024 0.082
0 0.384 0.043 0.026 0.081
1 0.191 0.457 0.017 0.033
1 0.444 0.413 0.016 0.037
1 0.417 0.031 0.013 0.028
1 0.797 0.581 0.018 0.025
1 0.791 0.212 0.013 0.028
1 0.176 0.501 0.023 0.075
1 0.460 0.440 0.026 0.063
1 0.788 0.626 0.023 0.073
1 0.784 0.244 0.019 0.054
1 0.837 0.223 0.009 0.027
2 0.421 0.062 0.017 0.046
2 0.380 0.028 0.014 0.039
3 0.485 0.788 0.089 0.217
7 0.148 0.289 0.061 0.094
7 0.249 0.273 0.029 0.089
7 0.535 0.239 0.088 0.106
7 0.455 0.122 0.127 0.082
7 0.403 0.663 0.105 0.174
7 0.467 0.569 0.057 0.070
7 0.595 0.640 0.120 0.172
7 0.398 0.934 0.160 0.132
7 0.910 0.564 0.126 0.164
7 0.948 0.675 0.101 0.156
7 0.589 0.340 0.086 0.132
7 0.370 0.319 0.076 0.086
7 0.363 0.252 0.095 0.097
9 0.069 0.428 0.068 0.135
