0 0.724 0.562 0.031 0.128
0 0.726 0.428 0.036 0.096
0 0.698 0.443 0.021 0.073
0 0.421 0.420 0.017 0.081
0 0.408 0.408 0.011 0.055
0 0.230 0.512 0.023 0.082
0 0.062 0.567 0.024 0.095
0 0.044 0.702 0.034 0.116
0 0.030 0.562 0.032 0.131
1 0.039 0.657 0.016 0.021
1 0.027 0.511 0.020 0.021
1 0.059 0.534 0.014 0.016
1 0.227 0.477 0.010 0.013
1 0.407 0.386 0.007 0.008
1 0.417 0.387 0.009 0.013
1 0.718 0.385 0.010 0.012
1 0.700 0.417 0.008 0.010
1 0.720 0.509 0.013 0.020
2 0.230 0.500 0.019 0.031
2 0.032 0.546 0.022 0.048
2 0.043 0.694 0.027 0.054
2 0.062 0.561 0.021 0.037
2 0.420 0.409 0.011 0.033
2 0.407 0.406 0.008 0.024
2 0.721 0.418 0.019 0.038
2 0.699 0.440 0.011 0.029
2 0.723 0.544 0.020 0.041
11 0.276 0.674 0.060 0.102
10 0.771 0.518 0.045 0.078
