5 0.808 0.244 0.146 0.100
0 0.019 0.656 0.020 0.033
0 0.155 0.530 0.016 0.035
0 0.167 0.524 0.013 0.032
0 0.847 0.049 0.014 0.050
0 0.870 0.066 0.008 0.028
0 0.841 0.092 0.019 0.040
0 0.835 0.068 0.007 0.019
0 0.859 0.068 0.004 0.022
1 0.021 0.639 0.006 0.007
1 0.155 0.512 0.007 0.012
1 0.164 0.510 0.005 0.008
1 0.846 0.026 0.007 0.011
1 0.869 0.059 0.007 0.011
1 0.836 0.062 0.007 0.010
1 0.859 0.063 0.006 0.008
2 0.864 0.073 0.009 0.011
2 0.846 0.049 0.013 0.030
2 0.839 0.082 0.020 0.011
2 0.836 0.071 0.008 0.009
2 0.860 0.074 0.007 0.009
2 0.167 0.528 0.008 0.022
2 0.156 0.531 0.010 0.026
2 0.023 0.656 0.011 0.019
10 0.405 0.209 0.024 0.090
10 0.602 0.136 0.009 0.028
14 0.024 0.419 0.048 0.144
