14 0.042 0.231 0.081 0.041
14 0.115 0.155 0.075 0.035
14 0.334 0.274 0.082 0.033
14 0.408 0.196 0.079 0.037
14 0.420 0.290 0.046 0.024
14 0.592 0.224 0.123 0.040
14 0.708 0.237 0.096 0.044
0 0.700 0.584 0.108 0.568
0 0.961 0.601 0.078 0.417
0 0.480 0.651 0.024 0.117
0 0.495 0.387 0.009 0.036
0 0.265 0.383 0.015 0.030
1 0.702 0.335 0.051 0.067
1 0.481 0.601 0.010 0.016
1 0.268 0.374 0.007 0.009
1 0.494 0.372 0.004 0.006
2 0.719 0.482 0.062 0.179
2 0.963 0.526 0.069 0.157
4 0.397 0.874 0.791 0.252
