5 0.701 0.631 0.591 0.081
0 0.615 0.468 0.034 0.267
0 0.598 0.375 0.011 0.054
0 0.632 0.374 0.013 0.035
0 0.554 0.501 0.052 0.111
0 0.504 0.517 0.037 0.131
0 0.910 0.367 0.019 0.066
0 0.398 0.456 0.045 0.233
0 0.422 0.432 0.032 0.129
0 0.365 0.438 0.019 0.136
0 0.324 0.393 0.017 0.054
0 0.283 0.412 0.068 0.127
0 0.212 0.438 0.037 0.097
0 0.184 0.364 0.033 0.075
0 0.161 0.417 0.026 0.112
0 0.144 0.431 0.014 0.109
0 0.115 0.442 0.031 0.133
0 0.019 0.429 0.013 0.030
1 0.110 0.390 0.023 0.018
1 0.153 0.391 0.013 0.016
1 0.152 0.374 0.009 0.011
1 0.172 0.342 0.012 0.016
1 0.211 0.405 0.016 0.017
1 0.275 0.363 0.024 0.022
1 0.323 0.388 0.018 0.030
1 0.370 0.388 0.016 0.031
1 0.391 0.360 0.021 0.029
1 0.408 0.374 0.011 0.018
1 0.501 0.464 0.019 0.025
1 0.539 0.459 0.016 0.031
1 0.600 0.355 0.010 0.012
1 0.616 0.352 0.016 0.030
1 0.634 0.364 0.008 0.015
1 0.907 0.342 0.010 0.015
2 0.911 0.370 0.011 0.039
2 0.617 0.441 0.034 0.119
2 0.597 0.382 0.007 0.034
2 0.635 0.385 0.010 0.018
2 0.559 0.499 0.036 0.066
2 0.507 0.514 0.031 0.063
2 0.393 0.421 0.026 0.072
2 0.364 0.426 0.015 0.063
2 0.323 0.407 0.011 0.029
2 0.293 0.432 0.042 0.063
2 0.208 0.444 0.019 0.056
2 0.184 0.375 0.019 0.044
2 0.142 0.435 0.021 0.047
2 0.113 0.431 0.022 0.069
2 0.161 0.423 0.010 0.045
2 0.019 0.435 0.008 0.008
1 0.018 0.422 0.005 0.009
3 0.047 0.509 0.077 0.116
3 0.744 0.925 0.512 0.148
3 0.668 0.439 0.046 0.088
3 0.115 0.533 0.090 0.056
10 0.079 0.435 0.033 0.030
12 0.327 0.244 0.016 0.058
