5 0.611 0.289 0.424 0.131
5 0.818 0.447 0.365 0.204
0 0.853 0.186 0.065 0.370
0 0.636 0.098 0.023 0.065
0 0.566 0.098 0.018 0.075
0 0.494 0.100 0.016 0.078
0 0.419 0.117 0.027 0.086
0 0.051 0.169 0.069 0.207
2 0.845 0.131 0.060 0.128
2 0.045 0.143 0.044 0.072
2 0.422 0.108 0.014 0.035
2 0.495 0.092 0.009 0.032
2 0.566 0.090 0.009 0.027
2 0.635 0.097 0.009 0.030
1 0.635 0.075 0.006 0.010
1 0.498 0.069 0.007 0.009
1 0.567 0.069 0.002 0.009
1 0.869 0.028 0.036 0.043
1 0.036 0.082 0.017 0.026
10 0.442 0.203 0.027 0.056
10 0.583 0.064 0.030 0.093
11 0.308 0.656 0.440 0.450
