0 0.072 0.416 0.026 0.085
0 0.278 0.709 0.034 0.138
0 0.252 0.953 0.028 0.094
0 0.711 0.943 0.029 0.115
0 0.735 0.879 0.037 0.073
0 0.684 0.338 0.020 0.096
0 0.809 0.325 0.020 0.092
1 0.812 0.291 0.011 0.021
1 0.684 0.303 0.011 0.020
1 0.280 0.669 0.014 0.028
1 0.249 0.921 0.018 0.031
1 0.714 0.905 0.019 0.033
1 0.743 0.863 0.016 0.029
2 0.731 0.879 0.024 0.041
2 0.710 0.942 0.027 0.056
2 0.808 0.320 0.015 0.043
2 0.685 0.331 0.018 0.038
2 0.281 0.706 0.023 0.054
2 0.073 0.414 0.014 0.026
2 0.252 0.961 0.024 0.069
7 0.419 0.337 0.089 0.096
7 0.441 0.644 0.062 0.146
7 0.511 0.645 0.089 0.149
7 0.599 0.667 0.118 0.111
7 0.634 0.578 0.059 0.106
7 0.612 0.380 0.034 0.053
7 0.886 0.559 0.086 0.128
7 0.888 0.435 0.051 0.073
7 0.909 0.382 0.046 0.105
7 0.784 0.246 0.069 0.077
9 0.588 0.318 0.058 0.058
9 0.648 0.316 0.048 0.063
10 0.465 0.167 0.033 0.062
12 0.843 0.142 0.037 0.086
