14 0.342 0.329 0.078 0.043
14 0.587 0.362 0.101 0.013
0 0.099 0.652 0.196 0.225
0 0.335 0.545 0.062 0.097
0 0.448 0.517 0.055 0.063
0 0.644 0.510 0.062 0.093
0 0.726 0.522 0.049 0.095
0 0.436 0.649 0.225 0.116
1 0.027 0.565 0.052 0.049
1 0.351 0.610 0.056 0.039
1 0.338 0.505 0.036 0.019
1 0.439 0.492 0.023 0.012
1 0.635 0.479 0.024 0.011
1 0.721 0.482 0.030 0.016
2 0.728 0.510 0.042 0.041
2 0.639 0.500 0.053 0.031
2 0.444 0.514 0.044 0.031
2 0.326 0.534 0.047 0.040
2 0.094 0.667 0.186 0.165
2 0.469 0.639 0.150 0.068
7 0.144 0.566 0.141 0.064
7 0.575 0.537 0.125 0.064
7 0.773 0.608 0.455 0.068
3 0.382 0.852 0.763 0.296
11 0.260 0.647 0.270 0.068
