12 0.577 0.078 0.239 0.156
14 0.097 0.425 0.193 0.018
14 0.040 0.473 0.078 0.020
0 0.341 0.497 0.019 0.019
0 0.115 0.567 0.028 0.039
0 0.128 0.603 0.070 0.085
0 0.167 0.584 0.041 0.073
0 0.343 0.673 0.068 0.058
0 0.428 0.640 0.117 0.118
1 0.431 0.596 0.061 0.027
1 0.325 0.660 0.031 0.024
1 0.132 0.565 0.023 0.010
1 0.161 0.553 0.022 0.008
1 0.117 0.554 0.023 0.011
1 0.343 0.492 0.011 0.006
2 0.341 0.499 0.012 0.010
2 0.114 0.572 0.025 0.022
2 0.135 0.588 0.045 0.034
2 0.165 0.576 0.036 0.028
2 0.221 0.574 0.031 0.008
2 0.415 0.649 0.090 0.081
7 0.262 0.590 0.092 0.036
7 0.067 0.603 0.094 0.043
7 0.567 0.652 0.225 0.039
7 0.757 0.627 0.191 0.070
3 0.863 0.661 0.274 0.048
3 0.554 0.740 0.514 0.123
11 0.240 0.667 0.238 0.048
