0 0.402 0.390 0.063 0.221
0 0.586 0.367 0.057 0.216
0 0.826 0.335 0.041 0.115
0 0.083 0.308 0.019 0.032
0 0.872 0.268 0.013 0.047
1 0.875 0.259 0.006 0.014
1 0.815 0.300 0.016 0.023
1 0.577 0.272 0.019 0.027
1 0.392 0.298 0.021 0.021
1 0.080 0.297 0.007 0.010
2 0.869 0.275 0.009 0.024
2 0.830 0.329 0.022 0.049
2 0.582 0.334 0.031 0.077
2 0.396 0.356 0.029 0.077
2 0.082 0.315 0.012 0.021
14 0.339 0.169 0.042 0.017
14 0.386 0.162 0.030 0.022
14 0.067 0.051 0.010 0.033
14 0.133 0.188 0.030 0.018
3 0.710 0.413 0.074 0.156
10 0.036 0.337 0.037 0.094
