12 0.446 0.118 0.252 0.172
14 0.083 0.484 0.069 0.016
14 0.970 0.420 0.059 0.028
0 0.252 0.559 0.017 0.020
0 0.278 0.553 0.017 0.020
0 0.038 0.627 0.027 0.034
0 0.050 0.627 0.027 0.035
0 0.083 0.646 0.037 0.078
0 0.164 0.656 0.078 0.082
0 0.216 0.623 0.031 0.015
0 0.249 0.771 0.213 0.217
0 0.338 0.722 0.121 0.076
0 0.962 0.649 0.054 0.094
1 0.970 0.609 0.031 0.013
1 0.281 0.548 0.009 0.004
1 0.254 0.553 0.009 0.004
1 0.188 0.622 0.028 0.014
1 0.225 0.625 0.014 0.009
1 0.258 0.678 0.064 0.031
1 0.290 0.695 0.031 0.020
1 0.043 0.614 0.013 0.009
1 0.052 0.614 0.019 0.009
1 0.088 0.612 0.022 0.009
2 0.037 0.631 0.021 0.019
2 0.050 0.633 0.024 0.022
2 0.082 0.635 0.029 0.028
2 0.168 0.649 0.046 0.040
2 0.210 0.626 0.018 0.010
2 0.217 0.730 0.132 0.081
2 0.354 0.712 0.081 0.043
2 0.961 0.639 0.049 0.044
2 0.250 0.559 0.011 0.009
2 0.280 0.555 0.013 0.010
7 0.040 0.665 0.079 0.046
7 0.220 0.644 0.059 0.032
7 0.495 0.709 0.253 0.045
7 0.701 0.680 0.198 0.069
3 0.825 0.713 0.315 0.046
3 0.500 0.800 0.516 0.139
11 0.120 0.728 0.132 0.053
