0 0.215 0.411 0.017 0.072
0 0.601 0.615 0.020 0.115
0 0.632 0.640 0.021 0.116
0 0.496 0.067 0.013 0.056
0 0.537 0.066 0.011 0.056
0 0.545 0.058 0.012 0.062
0 0.702 0.388 0.018 0.038
0 0.197 0.045 0.015 0.033
0 0.906 0.062 0.019 0.051
3 0.724 0.643 0.093 0.123
4 0.695 0.501 0.022 0.087
7 0.371 0.659 0.042 0.083
7 0.329 0.713 0.064 0.103
7 0.446 0.635 0.099 0.110
7 0.243 0.527 0.073 0.076
7 0.469 0.545 0.036 0.064
7 0.392 0.559 0.034 0.055
7 0.492 0.450 0.073 0.069
7 0.319 0.363 0.034 0.050
7 0.374 0.341 0.033 0.069
7 0.402 0.375 0.028 0.043
7 0.204 0.311 0.057 0.069
7 0.186 0.502 0.063 0.069
7 0.647 0.498 0.043 0.069
7 0.661 0.448 0.036 0.067
5 0.602 0.532 0.047 0.103
1 0.626 0.591 0.014 0.019
1 0.602 0.573 0.015 0.027
1 0.211 0.381 0.011 0.020
1 0.536 0.043 0.007 0.010
1 0.541 0.032 0.007 0.014
7 0.344 0.456 0.026 0.046
7 0.392 0.505 0.029 0.040
7 0.522 0.613 0.034 0.069
2 0.213 0.401 0.008 0.026
2 0.535 0.061 0.008 0.023
1 0.883 0.349 0.010 0.016
