0 0.058 0.718 0.090 0.241
0 0.292 0.633 0.024 0.074
0 0.324 0.654 0.020 0.099
0 0.348 0.644 0.020 0.098
0 0.363 0.588 0.028 0.085
0 0.453 0.629 0.017 0.056
0 0.483 0.613 0.021 0.025
0 0.480 0.671 0.031 0.082
0 0.639 0.700 0.056 0.151
0 0.648 0.606 0.023 0.053
0 0.592 0.688 0.021 0.079
0 0.922 0.658 0.052 0.231
1 0.036 0.629 0.032 0.033
1 0.292 0.617 0.019 0.029
1 0.329 0.619 0.017 0.032
1 0.345 0.606 0.018 0.020
1 0.350 0.568 0.016 0.026
1 0.452 0.607 0.016 0.022
1 0.484 0.601 0.014 0.024
1 0.484 0.641 0.014 0.030
1 0.647 0.584 0.013 0.019
1 0.656 0.634 0.015 0.034
1 0.598 0.666 0.015 0.022
2 0.640 0.613 0.014 0.039
2 0.639 0.675 0.037 0.065
2 0.592 0.705 0.026 0.046
2 0.483 0.682 0.021 0.056
2 0.458 0.643 0.010 0.040
2 0.489 0.619 0.018 0.017
2 0.371 0.603 0.017 0.058
2 0.349 0.657 0.018 0.072
2 0.325 0.665 0.022 0.059
2 0.288 0.649 0.018 0.034
2 0.064 0.736 0.074 0.149
1 0.923 0.564 0.033 0.049
2 0.923 0.647 0.046 0.111
3 0.359 0.759 0.098 0.202
3 0.486 0.774 0.149 0.083
3 0.474 0.827 0.132 0.085
4 0.098 0.895 0.173 0.186
10 0.297 0.703 0.046 0.115
12 0.262 0.246 0.026 0.076
