0 0.190 0.721 0.015 0.075
0 0.138 0.952 0.034 0.095
0 0.315 0.933 0.036 0.129
0 0.343 0.912 0.017 0.116
0 0.399 0.787 0.020 0.070
0 0.694 0.675 0.008 0.069
0 0.441 0.743 0.016 0.079
0 0.327 0.797 0.032 0.033
0 0.354 0.783 0.024 0.073
0 0.377 0.728 0.024 0.069
0 0.340 0.758 0.027 0.050
2 0.311 0.927 0.016 0.069
2 0.343 0.901 0.021 0.063
2 0.403 0.794 0.026 0.057
2 0.439 0.739 0.016 0.031
2 0.324 0.800 0.021 0.028
2 0.192 0.716 0.017 0.030
2 0.138 0.965 0.029 0.058
12 0.232 0.367 0.080 0.142
1 0.316 0.876 0.019 0.042
1 0.348 0.865 0.021 0.021
1 0.396 0.763 0.018 0.023
1 0.188 0.694 0.017 0.030
1 0.145 0.919 0.024 0.037
11 0.561 0.929 0.115 0.143
