0 0.188 0.529 0.099 0.267
0 0.524 0.578 0.145 0.313
0 0.889 0.238 0.061 0.225
0 0.955 0.149 0.035 0.100
0 0.992 0.168 0.015 0.142
1 0.185 0.438 0.059 0.078
1 0.491 0.484 0.065 0.113
1 0.883 0.151 0.031 0.051
1 0.957 0.117 0.023 0.040
1 0.996 0.125 0.008 0.036
2 0.190 0.506 0.067 0.104
2 0.520 0.514 0.112 0.163
2 0.957 0.164 0.021 0.055
2 0.994 0.178 0.013 0.069
3 0.549 0.789 0.418 0.326
3 0.740 0.456 0.303 0.198
7 0.853 0.717 0.292 0.566
7 0.704 0.270 0.094 0.121
9 0.854 0.363 0.167 0.148
10 0.285 0.575 0.050 0.110
