12 0.732 0.028 0.231 0.055
12 0.738 0.389 0.027 0.018
14 0.195 0.502 0.066 0.035
14 0.348 0.536 0.184 0.011
14 0.253 0.585 0.158 0.011
0 0.686 0.591 0.034 0.041
0 0.371 0.679 0.020 0.033
0 0.393 0.679 0.041 0.034
0 0.415 0.721 0.078 0.069
0 0.447 0.696 0.040 0.074
0 0.522 0.670 0.034 0.027
0 0.672 0.753 0.120 0.030
0 0.797 0.701 0.044 0.083
0 0.927 0.743 0.107 0.039
1 0.924 0.743 0.062 0.037
1 0.790 0.667 0.024 0.015
1 0.629 0.752 0.036 0.028
1 0.520 0.662 0.019 0.010
1 0.444 0.697 0.022 0.019
1 0.438 0.664 0.019 0.012
1 0.387 0.666 0.024 0.009
1 0.274 0.618 0.013 0.008
1 0.678 0.573 0.012 0.006
2 0.680 0.584 0.019 0.017
2 0.794 0.693 0.036 0.036
2 0.694 0.758 0.075 0.019
2 0.524 0.675 0.028 0.015
2 0.450 0.685 0.034 0.031
2 0.406 0.700 0.056 0.028
2 0.381 0.683 0.033 0.024
7 0.169 0.722 0.119 0.057
7 0.338 0.717 0.092 0.046
7 0.529 0.698 0.096 0.039
7 0.979 0.728 0.043 0.052
7 0.801 0.754 0.191 0.024
3 0.783 0.837 0.434 0.148
11 0.515 0.781 0.225 0.049
11 0.174 0.821 0.346 0.135
