0 0.151 0.365 0.036 0.105
0 0.220 0.423 0.025 0.093
0 0.259 0.417 0.027 0.155
0 0.295 0.376 0.027 0.084
0 0.329 0.508 0.020 0.063
0 0.270 0.247 0.020 0.090
0 0.293 0.241 0.019 0.092
0 0.383 0.551 0.027 0.055
0 0.519 0.486 0.026 0.133
0 0.672 0.733 0.035 0.083
0 0.772 0.790 0.029 0.105
0 0.798 0.817 0.030 0.107
4 0.608 0.476 0.101 0.100
5 0.550 0.625 0.192 0.131
5 0.164 0.250 0.059 0.077
5 0.923 0.719 0.153 0.159
10 0.207 0.149 0.033 0.039
1 0.521 0.435 0.017 0.031
1 0.389 0.532 0.019 0.024
1 0.330 0.494 0.018 0.033
1 0.294 0.353 0.019 0.027
1 0.222 0.389 0.016 0.032
1 0.163 0.331 0.019 0.034
1 0.262 0.351 0.020 0.037
1 0.266 0.207 0.017 0.024
1 0.292 0.202 0.010 0.015
2 0.772 0.800 0.021 0.062
2 0.797 0.825 0.021 0.065
2 0.519 0.477 0.022 0.050
2 0.329 0.525 0.016 0.031
2 0.383 0.560 0.020 0.035
2 0.222 0.428 0.015 0.045
2 0.259 0.394 0.015 0.056
2 0.147 0.354 0.022 0.045
2 0.270 0.240 0.015 0.039
2 0.292 0.235 0.017 0.048
1 0.771 0.757 0.022 0.030
1 0.794 0.779 0.019 0.030
1 0.670 0.711 0.020 0.030
10 0.360 0.522 0.022 0.044
