0 0.191 0.694 0.040 0.130
0 0.179 0.552 0.026 0.128
0 0.880 0.566 0.029 0.119
0 0.864 0.432 0.039 0.095
0 0.834 0.447 0.020 0.075
0 0.539 0.415 0.014 0.070
0 0.526 0.415 0.013 0.070
0 0.126 0.550 0.020 0.144
0 0.199 0.558 0.015 0.083
1 0.031 0.555 0.009 0.013
1 0.058 0.556 0.011 0.012
1 0.119 0.506 0.009 0.019
1 0.176 0.502 0.018 0.019
1 0.199 0.525 0.008 0.012
1 0.187 0.637 0.013 0.018
1 0.353 0.476 0.007 0.012
1 0.535 0.387 0.007 0.009
1 0.528 0.387 0.007 0.010
1 0.878 0.515 0.020 0.016
1 0.857 0.390 0.014 0.022
1 0.835 0.424 0.013 0.013
2 0.126 0.541 0.017 0.046
2 0.178 0.537 0.020 0.041
2 0.200 0.551 0.012 0.040
2 0.189 0.675 0.028 0.056
2 0.537 0.407 0.013 0.031
2 0.526 0.407 0.010 0.024
2 0.360 0.494 0.011 0.020
2 0.860 0.423 0.025 0.042
2 0.833 0.447 0.014 0.031
2 0.878 0.547 0.023 0.046
11 0.402 0.666 0.058 0.094
7 0.027 0.706 0.051 0.109
10 0.914 0.520 0.035 0.082
