0 0.433 0.377 0.106 0.103
0 0.694 0.361 0.041 0.058
0 0.724 0.353 0.040 0.043
0 0.800 0.380 0.073 0.095
0 0.968 0.338 0.040 0.038
1 0.965 0.328 0.020 0.011
1 0.801 0.339 0.033 0.014
1 0.723 0.338 0.029 0.010
1 0.692 0.338 0.023 0.012
1 0.429 0.339 0.056 0.024
2 0.420 0.387 0.066 0.064
2 0.690 0.358 0.031 0.028
2 0.720 0.358 0.031 0.028
2 0.788 0.366 0.050 0.039
2 0.970 0.342 0.026 0.020
7 0.569 0.387 0.104 0.048
7 0.945 0.367 0.097 0.041
9 0.404 0.666 0.806 0.286
11 0.528 0.487 0.494 0.145
11 0.912 0.445 0.176 0.061
14 0.694 0.209 0.072 0.009
14 0.681 0.261 0.108 0.013
