0 0.702 0.235 0.038 0.147
0 0.639 0.320 0.034 0.106
0 0.409 0.170 0.017 0.098
0 0.377 0.160 0.028 0.073
0 0.459 0.147 0.041 0.054
0 0.953 0.512 0.041 0.136
0 0.497 0.257 0.026 0.060
0 0.517 0.301 0.039 0.081
2 0.412 0.162 0.020 0.054
2 0.699 0.224 0.020 0.064
1 0.704 0.180 0.021 0.031
1 0.946 0.463 0.028 0.028
1 0.911 0.506 0.028 0.050
1 0.520 0.278 0.027 0.032
1 0.642 0.283 0.018 0.031
1 0.489 0.231 0.019 0.042
1 0.490 0.101 0.022 0.031
1 0.472 0.144 0.012 0.026
1 0.410 0.127 0.019 0.025
1 0.380 0.130 0.019 0.024
2 0.379 0.170 0.016 0.043
2 0.954 0.521 0.033 0.094
