0 0.134 0.851 0.080 0.299
0 0.438 0.702 0.016 0.040
0 0.456 0.713 0.017 0.062
1 0.122 0.715 0.032 0.037
2 0.129 0.843 0.057 0.139
5 0.423 0.892 0.062 0.076
5 0.500 0.894 0.098 0.164
5 0.584 0.948 0.087 0.104
5 0.664 0.918 0.059 0.069
5 0.637 0.788 0.055 0.196
5 0.270 0.824 0.075 0.212
5 0.347 0.801 0.070 0.246
10 0.943 0.783 0.115 0.365
12 0.411 0.241 0.037 0.040
14 0.770 0.562 0.066 0.032
14 0.666 0.572 0.069 0.032
13 0.796 0.799 0.215 0.156
13 0.200 0.836 0.057 0.169
13 0.046 0.911 0.090 0.178
