0 0.432 0.913 0.044 0.169
0 0.593 0.865 0.017 0.024
0 0.792 0.843 0.011 0.025
0 0.840 0.835 0.014 0.027
0 0.883 0.899 0.039 0.190
0 0.935 0.849 0.024 0.084
0 0.958 0.854 0.017 0.081
0 0.992 0.863 0.017 0.133
2 0.430 0.935 0.036 0.106
2 0.879 0.870 0.039 0.073
2 0.931 0.837 0.014 0.030
2 0.958 0.849 0.009 0.033
2 0.992 0.843 0.014 0.075
2 0.842 0.836 0.011 0.019
2 0.794 0.844 0.008 0.011
1 0.428 0.854 0.033 0.026
1 0.594 0.860 0.011 0.019
1 0.793 0.831 0.004 0.007
1 0.835 0.822 0.007 0.009
1 0.872 0.811 0.019 0.017
1 0.717 0.842 0.005 0.011
1 0.727 0.842 0.006 0.006
1 0.933 0.818 0.012 0.010
1 0.958 0.825 0.007 0.011
12 0.479 0.206 0.030 0.123
13 0.952 0.851 0.096 0.094
14 0.101 0.831 0.146 0.074
14 0.204 0.835 0.056 0.074
14 0.557 0.744 0.138 0.044
14 0.676 0.747 0.079 0.055
