0 0.809 0.742 0.036 0.096
0 0.792 0.470 0.015 0.083
0 0.813 0.472 0.021 0.057
0 0.067 0.685 0.019 0.057
0 0.045 0.687 0.024 0.081
0 0.054 0.663 0.019 0.048
0 0.401 0.495 0.011 0.043
0 0.418 0.431 0.013 0.031
0 0.498 0.469 0.014 0.047
0 0.991 0.569 0.019 0.072
0 0.927 0.561 0.018 0.075
0 0.897 0.551 0.015 0.084
0 0.127 0.392 0.014 0.048
0 0.885 0.313 0.010 0.045
0 0.347 0.372 0.012 0.039
0 0.211 0.602 0.023 0.065
0 0.284 0.495 0.012 0.048
0 0.142 0.447 0.017 0.026
0 0.636 0.300 0.013 0.023
0 0.696 0.292 0.013 0.027
1 0.043 0.660 0.010 0.022
1 0.069 0.663 0.006 0.023
1 0.204 0.585 0.009 0.016
1 0.127 0.379 0.005 0.012
0 0.414 0.497 0.010 0.042
1 0.815 0.697 0.012 0.019
1 0.923 0.534 0.009 0.026
1 0.903 0.531 0.009 0.017
1 0.811 0.448 0.009 0.016
1 0.794 0.442 0.007 0.009
1 0.413 0.480 0.007 0.010
2 0.046 0.682 0.021 0.033
2 0.065 0.680 0.015 0.033
2 0.214 0.594 0.012 0.032
2 0.141 0.448 0.011 0.015
2 0.814 0.727 0.018 0.044
2 0.928 0.550 0.013 0.033
2 0.992 0.565 0.014 0.033
2 0.811 0.464 0.013 0.026
2 0.794 0.458 0.011 0.031
3 0.357 0.588 0.036 0.066
3 0.812 0.631 0.033 0.066
3 0.384 0.548 0.044 0.056
4 0.428 0.546 0.049 0.053
4 0.440 0.497 0.048 0.044
4 0.588 0.337 0.035 0.029
4 0.669 0.362 0.029 0.025
4 0.865 0.607 0.085 0.049
4 0.711 0.750 0.098 0.078
4 0.341 0.664 0.065 0.041
4 0.403 0.306 0.026 0.035
3 0.708 0.315 0.021 0.031
7 0.795 0.825 0.112 0.099
7 0.927 0.890 0.057 0.103
7 0.104 0.969 0.147 0.063
7 0.664 0.852 0.079 0.119
11 0.264 0.252 0.029 0.030
10 0.291 0.425 0.015 0.038
10 0.123 0.622 0.029 0.095
10 0.096 0.630 0.020 0.062
14 0.053 0.040 0.051 0.078
14 0.693 0.099 0.026 0.011
14 0.782 0.093 0.033 0.015
12 0.437 0.214 0.017 0.040
12 0.515 0.437 0.014 0.036
12 0.252 0.056 0.021 0.041
