0 0.250 0.778 0.049 0.189
0 0.189 0.777 0.040 0.167
1 0.189 0.704 0.021 0.026
1 0.237 0.698 0.023 0.035
1 0.837 0.226 0.008 0.011
0 0.655 0.188 0.020 0.037
0 0.836 0.230 0.010 0.027
1 0.808 0.680 0.014 0.015
2 0.190 0.760 0.031 0.081
2 0.250 0.740 0.034 0.073
12 0.515 0.128 0.034 0.094
14 0.453 0.255 0.069 0.048
14 0.604 0.256 0.143 0.031
14 0.949 0.157 0.101 0.105
14 0.082 0.759 0.065 0.094
13 0.330 0.315 0.654 0.116
13 0.771 0.268 0.239 0.059
13 0.939 0.255 0.056 0.075
10 0.666 0.751 0.077 0.224
