0 0.795 0.530 0.053 0.165
0 0.515 0.334 0.039 0.141
0 0.249 0.360 0.034 0.114
0 0.854 0.141 0.020 0.125
1 0.253 0.321 0.014 0.028
1 0.505 0.286 0.016 0.028
1 0.809 0.462 0.026 0.035
1 0.859 0.093 0.014 0.029
2 0.249 0.373 0.021 0.082
2 0.519 0.318 0.025 0.060
2 0.800 0.513 0.026 0.079
2 0.854 0.123 0.019 0.060
3 0.046 0.138 0.078 0.110
3 0.545 0.653 0.085 0.240
7 0.473 0.876 0.193 0.247
7 0.648 0.519 0.115 0.183
7 0.467 0.539 0.098 0.179
7 0.526 0.438 0.065 0.071
7 0.431 0.184 0.064 0.106
7 0.212 0.154 0.065 0.121
7 0.295 0.137 0.064 0.106
7 0.650 0.215 0.085 0.139
7 0.844 0.427 0.101 0.119
7 0.595 0.111 0.097 0.101
7 0.956 0.455 0.088 0.187
7 0.423 0.111 0.091 0.106
9 0.133 0.290 0.067 0.166
9 0.168 0.202 0.084 0.117
9 0.242 0.438 0.114 0.158
9 0.289 0.564 0.090 0.193
