12 0.447 0.243 0.067 0.147
10 0.381 0.041 0.027 0.032
5 0.594 0.850 0.058 0.044
5 0.637 0.977 0.116 0.045
5 0.515 0.930 0.127 0.140
0 0.038 0.473 0.030 0.106
0 0.083 0.469 0.053 0.112
0 0.399 0.573 0.017 0.088
0 0.415 0.871 0.048 0.161
0 0.512 0.710 0.029 0.125
0 0.564 0.741 0.024 0.124
0 0.608 0.615 0.039 0.060
0 0.565 0.605 0.024 0.069
0 0.530 0.617 0.019 0.053
0 0.540 0.591 0.011 0.069
0 0.582 0.551 0.022 0.078
0 0.616 0.524 0.011 0.033
0 0.640 0.560 0.015 0.072
0 0.770 0.574 0.011 0.029
0 0.909 0.453 0.016 0.087
1 0.039 0.432 0.017 0.022
1 0.082 0.431 0.026 0.030
1 0.417 0.797 0.013 0.015
1 0.398 0.538 0.007 0.015
1 0.533 0.602 0.005 0.019
1 0.538 0.565 0.008 0.015
1 0.562 0.579 0.011 0.015
1 0.579 0.523 0.009 0.017
1 0.594 0.601 0.010 0.023
1 0.638 0.530 0.006 0.009
1 0.562 0.690 0.011 0.019
1 0.509 0.656 0.010 0.017
1 0.911 0.419 0.009 0.014
11 0.784 0.712 0.121 0.103
7 0.475 0.820 0.095 0.070
7 0.424 0.729 0.076 0.079
7 0.540 0.700 0.033 0.095
2 0.036 0.481 0.025 0.069
2 0.078 0.493 0.040 0.072
2 0.562 0.725 0.019 0.049
2 0.512 0.694 0.023 0.048
2 0.529 0.624 0.015 0.034
2 0.613 0.615 0.026 0.044
2 0.408 0.832 0.027 0.055
2 0.639 0.550 0.010 0.030
2 0.581 0.557 0.018 0.041
2 0.910 0.444 0.014 0.030
13 0.231 0.050 0.119 0.064
