0 0.114 0.344 0.036 0.074
0 0.327 0.629 0.029 0.106
0 0.755 0.877 0.029 0.140
0 0.780 0.811 0.045 0.081
0 0.724 0.265 0.024 0.101
0 0.842 0.272 0.026 0.061
1 0.834 0.263 0.010 0.019
1 0.720 0.228 0.008 0.019
1 0.782 0.784 0.016 0.027
1 0.757 0.823 0.021 0.028
1 0.321 0.593 0.018 0.023
1 0.299 0.828 0.017 0.025
2 0.328 0.629 0.017 0.052
2 0.113 0.339 0.022 0.040
2 0.757 0.866 0.027 0.068
2 0.768 0.807 0.021 0.038
2 0.845 0.256 0.020 0.031
2 0.724 0.258 0.020 0.038
7 0.459 0.266 0.086 0.099
7 0.477 0.576 0.069 0.156
7 0.549 0.570 0.089 0.136
7 0.637 0.597 0.117 0.106
7 0.672 0.513 0.060 0.107
7 0.654 0.318 0.035 0.055
7 0.830 0.174 0.068 0.078
7 0.931 0.364 0.047 0.071
7 0.926 0.490 0.088 0.137
7 0.954 0.312 0.039 0.101
7 0.864 0.288 0.042 0.068
9 0.630 0.243 0.057 0.054
9 0.685 0.244 0.056 0.061
10 0.502 0.094 0.030 0.059
12 0.894 0.069 0.034 0.093
