0 0.130 0.732 0.028 0.131
0 0.211 0.661 0.018 0.090
0 0.300 0.644 0.018 0.044
0 0.811 0.132 0.017 0.091
0 0.951 0.190 0.032 0.039
0 0.577 0.684 0.020 0.070
6 0.540 0.812 0.300 0.221
7 0.785 0.832 0.164 0.224
7 0.961 0.851 0.078 0.248
7 0.419 0.656 0.066 0.092
7 0.774 0.639 0.095 0.058
1 0.135 0.692 0.023 0.038
1 0.214 0.635 0.015 0.021
1 0.300 0.635 0.013 0.019
12 0.285 0.371 0.026 0.063
10 0.064 0.673 0.017 0.048
10 0.085 0.679 0.010 0.042
14 0.927 0.626 0.043 0.022
7 0.363 0.659 0.047 0.068
1 0.578 0.657 0.014 0.015
2 0.577 0.693 0.019 0.054
