14 0.590 0.173 0.061 0.044
14 0.671 0.274 0.080 0.015
0 0.231 0.530 0.283 0.124
0 0.407 0.414 0.087 0.105
0 0.570 0.372 0.056 0.047
0 0.777 0.391 0.053 0.077
0 0.844 0.407 0.065 0.093
1 0.843 0.369 0.033 0.017
1 0.569 0.354 0.027 0.015
1 0.438 0.372 0.027 0.021
1 0.190 0.486 0.056 0.037
2 0.298 0.514 0.153 0.064
2 0.392 0.394 0.055 0.043
2 0.569 0.378 0.044 0.031
2 0.776 0.379 0.050 0.032
2 0.844 0.399 0.055 0.042
7 0.242 0.406 0.130 0.067
7 0.694 0.416 0.139 0.068
7 0.725 0.506 0.521 0.061
11 0.235 0.500 0.388 0.070
3 0.063 0.700 0.124 0.161
