0 0.129 0.190 0.019 0.087
0 0.152 0.189 0.016 0.061
0 0.165 0.188 0.017 0.067
0 0.264 0.708 0.031 0.106
0 0.347 0.617 0.025 0.106
0 0.671 0.783 0.039 0.081
0 0.699 0.461 0.019 0.104
0 0.300 0.321 0.018 0.067
0 0.501 0.384 0.015 0.080
1 0.163 0.161 0.008 0.012
1 0.300 0.300 0.008 0.014
1 0.348 0.577 0.014 0.023
1 0.265 0.676 0.017 0.026
1 0.684 0.757 0.010 0.028
1 0.697 0.421 0.013 0.019
1 0.499 0.354 0.013 0.022
2 0.129 0.175 0.012 0.022
2 0.156 0.178 0.011 0.021
2 0.167 0.181 0.010 0.024
2 0.265 0.708 0.020 0.055
2 0.349 0.602 0.014 0.046
2 0.301 0.320 0.009 0.031
2 0.699 0.447 0.013 0.041
2 0.665 0.762 0.026 0.044
4 0.918 0.925 0.083 0.103
7 0.046 0.772 0.090 0.078
7 0.164 0.620 0.040 0.089
7 0.127 0.652 0.055 0.087
7 0.206 0.664 0.043 0.097
7 0.217 0.485 0.077 0.083
7 0.314 0.508 0.084 0.062
7 0.400 0.542 0.051 0.092
7 0.430 0.749 0.091 0.099
7 0.517 0.677 0.055 0.132
7 0.551 0.549 0.032 0.092
7 0.575 0.857 0.139 0.088
7 0.649 0.562 0.080 0.100
7 0.708 0.590 0.081 0.097
7 0.758 0.609 0.073 0.120
6 0.498 0.596 0.035 0.076
9 0.127 0.699 0.069 0.058
9 0.142 0.752 0.077 0.091
9 0.284 0.781 0.085 0.085
9 0.355 0.811 0.082 0.067
