0 0.588 0.422 0.027 0.145
0 0.793 0.856 0.027 0.173
0 0.966 0.724 0.037 0.156
0 0.254 0.271 0.026 0.089
0 0.229 0.278 0.017 0.068
1 0.589 0.374 0.013 0.016
1 0.795 0.787 0.017 0.021
1 0.970 0.667 0.016 0.019
2 0.795 0.838 0.021 0.064
2 0.588 0.417 0.018 0.061
2 0.971 0.714 0.019 0.053
3 0.724 0.768 0.103 0.086
4 0.486 0.718 0.082 0.206
4 0.821 0.762 0.084 0.156
7 0.212 0.594 0.117 0.127
7 0.254 0.469 0.106 0.129
7 0.254 0.342 0.123 0.092
7 0.299 0.808 0.071 0.141
7 0.347 0.931 0.079 0.139
7 0.183 0.915 0.091 0.156
7 0.852 0.690 0.101 0.119
7 0.513 0.430 0.048 0.052
7 0.508 0.600 0.018 0.111
