0 0.042 0.224 0.021 0.082
0 0.110 0.222 0.017 0.078
0 0.137 0.226 0.022 0.075
0 0.215 0.784 0.026 0.133
0 0.326 0.676 0.028 0.116
0 0.289 0.490 0.016 0.100
0 0.475 0.445 0.021 0.107
0 0.634 0.835 0.027 0.112
0 0.586 0.535 0.024 0.092
1 0.043 0.192 0.009 0.017
1 0.108 0.192 0.006 0.013
1 0.289 0.455 0.013 0.022
1 0.222 0.737 0.012 0.020
1 0.326 0.635 0.015 0.025
1 0.478 0.412 0.010 0.020
1 0.585 0.495 0.010 0.019
1 0.643 0.803 0.013 0.021
2 0.044 0.213 0.009 0.032
2 0.111 0.206 0.012 0.024
2 0.136 0.208 0.013 0.026
2 0.289 0.478 0.011 0.032
2 0.328 0.667 0.020 0.050
2 0.214 0.770 0.016 0.058
2 0.632 0.823 0.022 0.048
3 0.498 0.809 0.054 0.144
3 0.748 0.947 0.115 0.076
3 0.016 0.742 0.032 0.065
4 0.887 0.974 0.083 0.052
7 0.189 0.522 0.071 0.083
7 0.099 0.694 0.051 0.084
7 0.135 0.655 0.041 0.084
7 0.177 0.706 0.036 0.087
7 0.287 0.562 0.079 0.047
7 0.403 0.799 0.082 0.097
7 0.542 0.916 0.130 0.089
7 0.621 0.626 0.078 0.098
7 0.680 0.656 0.079 0.100
7 0.734 0.669 0.069 0.084
7 0.524 0.607 0.046 0.070
7 0.374 0.599 0.048 0.086
9 0.095 0.735 0.074 0.056
9 0.112 0.786 0.078 0.080
9 0.257 0.824 0.077 0.088
9 0.318 0.854 0.086 0.085
