0 0.112 0.835 0.113 0.331
0 0.582 0.740 0.019 0.049
1 0.118 0.696 0.055 0.047
1 0.531 0.728 0.007 0.013
2 0.101 0.889 0.084 0.222
2 0.583 0.752 0.018 0.035
5 0.564 0.890 0.060 0.139
5 0.617 0.953 0.063 0.093
5 0.694 0.933 0.069 0.060
5 0.936 0.969 0.102 0.062
5 0.684 0.812 0.048 0.140
5 0.403 0.822 0.062 0.149
5 0.454 0.816 0.059 0.199
10 0.915 0.830 0.088 0.257
12 0.545 0.227 0.037 0.051
13 0.272 0.861 0.188 0.278
14 0.769 0.645 0.062 0.029
14 0.876 0.645 0.061 0.037
14 0.802 0.860 0.036 0.036
