0 0.344 0.633 0.027 0.072
0 0.439 0.478 0.018 0.084
0 0.494 0.367 0.017 0.074
0 0.149 0.188 0.017 0.066
0 0.622 0.366 0.016 0.053
4 0.692 0.740 0.033 0.084
7 0.460 0.662 0.082 0.088
7 0.523 0.595 0.040 0.118
3 0.556 0.661 0.046 0.118
7 0.599 0.743 0.113 0.072
7 0.645 0.491 0.067 0.080
7 0.509 0.415 0.032 0.045
3 0.328 0.694 0.064 0.041
3 0.390 0.709 0.063 0.057
7 0.237 0.439 0.064 0.059
7 0.244 0.604 0.039 0.069
7 0.320 0.465 0.054 0.042
7 0.174 0.580 0.041 0.041
7 0.203 0.566 0.039 0.072
3 0.784 0.760 0.072 0.081
7 0.094 0.693 0.121 0.068
3 0.186 0.650 0.076 0.084
1 0.148 0.162 0.011 0.018
1 0.338 0.605 0.016 0.033
1 0.439 0.448 0.014 0.020
1 0.336 0.353 0.011 0.015
1 0.492 0.339 0.009 0.017
1 0.624 0.342 0.007 0.019
2 0.346 0.632 0.015 0.041
2 0.438 0.467 0.011 0.032
2 0.493 0.361 0.011 0.031
2 0.147 0.181 0.013 0.027
