0 0.236 0.815 0.100 0.369
0 0.259 0.736 0.032 0.105
0 0.326 0.693 0.024 0.093
0 0.397 0.656 0.014 0.053
0 0.511 0.805 0.043 0.100
0 0.675 0.699 0.022 0.145
0 0.693 0.724 0.021 0.143
0 0.676 0.638 0.016 0.022
0 0.400 0.637 0.008 0.017
0 0.321 0.662 0.016 0.019
0 0.266 0.700 0.019 0.024
0 0.230 0.666 0.056 0.073
2 0.229 0.876 0.085 0.248
2 0.258 0.738 0.026 0.051
2 0.327 0.700 0.019 0.056
2 0.396 0.656 0.010 0.027
2 0.513 0.794 0.037 0.067
2 0.675 0.687 0.020 0.069
2 0.694 0.684 0.020 0.055
7 0.360 0.887 0.210 0.226
7 0.520 0.916 0.138 0.159
9 0.329 0.764 0.095 0.060
11 0.464 0.780 0.110 0.097
12 0.401 0.142 0.135 0.262
