0 0.261 0.438 0.027 0.079
0 0.466 0.732 0.029 0.111
0 0.896 0.981 0.029 0.038
0 0.917 0.965 0.035 0.062
0 0.878 0.398 0.017 0.066
0 0.990 0.392 0.020 0.090
1 0.989 0.367 0.013 0.023
1 0.876 0.375 0.009 0.019
1 0.923 0.947 0.018 0.026
1 0.900 0.976 0.018 0.027
1 0.460 0.690 0.017 0.023
2 0.260 0.435 0.015 0.037
2 0.466 0.727 0.022 0.049
2 0.908 0.967 0.015 0.036
2 0.878 0.399 0.014 0.031
2 0.992 0.390 0.016 0.034
7 0.597 0.384 0.082 0.088
7 0.792 0.444 0.040 0.063
7 0.610 0.700 0.064 0.140
7 0.683 0.703 0.095 0.131
7 0.773 0.734 0.121 0.122
7 0.815 0.644 0.062 0.100
7 0.969 0.315 0.062 0.086
9 0.771 0.379 0.054 0.056
9 0.832 0.381 0.057 0.066
10 0.649 0.215 0.035 0.069
