0 0.054 0.355 0.022 0.076
0 0.348 0.299 0.018 0.048
0 0.431 0.302 0.023 0.062
0 0.385 0.325 0.024 0.036
0 0.560 0.779 0.020 0.119
0 0.586 0.787 0.027 0.094
0 0.711 0.212 0.013 0.060
0 0.765 0.209 0.014 0.054
0 0.785 0.242 0.016 0.053
0 0.820 0.316 0.015 0.067
0 0.858 0.312 0.019 0.077
0 0.880 0.302 0.016 0.074
0 0.922 0.173 0.012 0.056
0 0.934 0.174 0.009 0.060
0 0.837 0.096 0.009 0.038
0 0.802 0.048 0.009 0.034
0 0.529 0.309 0.015 0.043
0 0.625 0.283 0.015 0.057
0 0.233 0.400 0.019 0.064
0 0.249 0.969 0.021 0.056
0 0.384 0.167 0.008 0.045
0 0.376 0.161 0.008 0.037
0 0.523 0.136 0.010 0.023
0 0.532 0.128 0.013 0.019
0 0.637 0.271 0.016 0.031
0 0.991 0.181 0.012 0.054
0 0.981 0.216 0.015 0.046
0 0.857 0.133 0.010 0.029
0 0.841 0.136 0.009 0.022
0 0.753 0.016 0.016 0.028
1 0.052 0.329 0.012 0.019
1 0.233 0.376 0.010 0.017
1 0.249 0.949 0.016 0.019
1 0.562 0.738 0.010 0.023
1 0.587 0.756 0.014 0.033
1 0.348 0.282 0.010 0.006
1 0.391 0.310 0.008 0.011
1 0.435 0.280 0.008 0.011
1 0.527 0.293 0.006 0.009
1 0.627 0.262 0.007 0.010
1 0.880 0.270 0.008 0.016
1 0.824 0.279 0.006 0.012
1 0.865 0.276 0.008 0.014
1 0.923 0.151 0.006 0.014
1 0.934 0.151 0.008 0.013
1 0.995 0.158 0.007 0.006
1 0.766 0.187 0.008 0.012
2 0.558 0.764 0.016 0.044
2 0.585 0.786 0.024 0.052
7 0.501 0.677 0.046 0.136
