0 0.484 0.837 0.046 0.160
0 0.521 0.825 0.019 0.074
0 0.825 0.848 0.015 0.069
0 0.845 0.870 0.023 0.069
0 0.945 0.876 0.036 0.111
1 0.468 0.774 0.016 0.034
1 0.827 0.822 0.010 0.012
1 0.842 0.849 0.009 0.022
1 0.980 0.756 0.011 0.013
0 0.979 0.780 0.022 0.072
2 0.487 0.803 0.021 0.054
2 0.522 0.827 0.016 0.053
2 0.846 0.880 0.012 0.039
2 0.824 0.861 0.009 0.042
2 0.941 0.870 0.025 0.061
2 0.982 0.789 0.019 0.041
0 0.061 0.663 0.014 0.043
1 0.062 0.658 0.005 0.008
2 0.062 0.671 0.010 0.018
4 0.750 0.652 0.155 0.107
4 0.326 0.700 0.067 0.068
