0 0.070 0.059 0.016 0.049
0 0.063 0.111 0.021 0.044
0 0.122 0.718 0.037 0.078
0 0.513 0.903 0.049 0.145
0 0.585 0.805 0.039 0.084
0 0.618 0.255 0.026 0.098
0 0.530 0.272 0.023 0.088
1 0.068 0.042 0.008 0.016
1 0.058 0.094 0.009 0.014
1 0.109 0.700 0.012 0.032
1 0.509 0.850 0.023 0.029
1 0.595 0.778 0.014 0.033
1 0.532 0.239 0.013 0.020
1 0.623 0.221 0.013 0.024
2 0.618 0.244 0.015 0.035
2 0.529 0.264 0.015 0.039
2 0.579 0.801 0.025 0.047
2 0.510 0.890 0.030 0.053
2 0.126 0.706 0.025 0.041
2 0.066 0.106 0.011 0.030
2 0.069 0.059 0.010 0.020
7 0.258 0.290 0.094 0.105
7 0.363 0.587 0.091 0.144
7 0.291 0.598 0.059 0.156
7 0.450 0.611 0.118 0.121
7 0.481 0.512 0.056 0.115
7 0.452 0.324 0.046 0.061
7 0.616 0.173 0.078 0.090
7 0.717 0.472 0.082 0.123
7 0.734 0.290 0.048 0.094
7 0.720 0.350 0.046 0.063
9 0.486 0.255 0.046 0.069
9 0.428 0.261 0.050 0.049
10 0.299 0.118 0.034 0.069
12 0.684 0.062 0.036 0.071
