0 0.259 0.491 0.035 0.073
0 0.205 0.592 0.047 0.064
0 0.419 0.558 0.047 0.192
0 0.671 0.210 0.030 0.148
1 0.215 0.584 0.027 0.028
1 0.257 0.465 0.018 0.019
1 0.420 0.474 0.029 0.034
1 0.667 0.143 0.013 0.016
2 0.421 0.555 0.045 0.102
2 0.255 0.503 0.021 0.041
2 0.197 0.608 0.022 0.022
2 0.669 0.181 0.024 0.044
3 0.357 0.612 0.090 0.069
3 0.482 0.669 0.186 0.089
7 0.263 0.575 0.108 0.108
9 0.520 0.781 0.292 0.359
11 0.126 0.728 0.248 0.259
13 0.533 0.141 0.670 0.081
14 0.531 0.131 0.115 0.030
14 0.218 0.119 0.061 0.044
