0 0.327 0.719 0.064 0.099
0 0.403 0.717 0.061 0.140
0 0.367 0.590 0.023 0.093
0 0.407 0.580 0.018 0.103
0 0.391 0.580 0.018 0.092
0 0.765 0.567 0.021 0.095
1 0.306 0.683 0.018 0.046
1 0.396 0.665 0.029 0.036
1 0.369 0.554 0.016 0.024
1 0.389 0.543 0.014 0.021
1 0.407 0.537 0.012 0.014
1 0.765 0.532 0.008 0.010
2 0.335 0.716 0.040 0.069
2 0.412 0.714 0.035 0.069
2 0.370 0.588 0.017 0.045
2 0.764 0.555 0.015 0.034
14 0.622 0.177 0.215 0.086
14 0.873 0.047 0.049 0.045
14 0.923 0.032 0.055 0.062
14 0.311 0.250 0.068 0.073
13 0.440 0.224 0.180 0.081
13 0.857 0.125 0.254 0.121
10 0.086 0.603 0.095 0.173
5 0.884 0.936 0.224 0.128
