12 0.619 0.401 0.043 0.053
14 0.308 0.501 0.180 0.017
12 0.520 0.463 0.072 0.041
12 0.758 0.517 0.086 0.014
12 0.457 0.561 0.056 0.016
12 0.754 0.571 0.089 0.015
0 0.045 0.739 0.088 0.165
0 0.095 0.671 0.044 0.055
0 0.149 0.707 0.061 0.123
0 0.196 0.671 0.081 0.059
0 0.486 0.707 0.068 0.116
1 0.053 0.670 0.047 0.021
1 0.095 0.650 0.031 0.014
1 0.144 0.652 0.031 0.015
1 0.167 0.649 0.028 0.013
1 0.482 0.658 0.031 0.017
2 0.046 0.720 0.080 0.069
2 0.091 0.679 0.034 0.040
2 0.143 0.686 0.044 0.045
2 0.171 0.678 0.034 0.041
2 0.483 0.690 0.060 0.045
7 0.606 0.551 0.066 0.057
7 0.300 0.741 0.282 0.106
7 0.321 0.834 0.281 0.068
7 0.220 0.927 0.438 0.146
