0 0.372 0.513 0.036 0.215
0 0.415 0.434 0.035 0.108
0 0.639 0.427 0.026 0.119
6 0.912 0.364 0.131 0.083
6 0.922 0.490 0.157 0.179
4 0.415 0.544 0.058 0.117
4 0.777 0.364 0.109 0.062
12 0.412 0.186 0.088 0.129
14 0.136 0.225 0.224 0.101
14 0.200 0.567 0.072 0.261
14 0.123 0.797 0.108 0.158
13 0.173 0.113 0.345 0.116
10 0.608 0.379 0.030 0.058
1 0.373 0.413 0.041 0.034
1 0.420 0.389 0.030 0.033
2 0.370 0.477 0.022 0.067
2 0.415 0.446 0.028 0.056
2 0.639 0.415 0.019 0.046
1 0.637 0.379 0.017 0.021
