0 0.554 0.739 0.182 0.064
0 0.544 0.663 0.050 0.084
0 0.368 0.727 0.157 0.096
0 0.210 0.629 0.042 0.032
0 0.295 0.564 0.017 0.018
0 0.105 0.675 0.081 0.078
0 0.072 0.633 0.032 0.034
0 0.036 0.634 0.047 0.038
1 0.294 0.559 0.009 0.004
1 0.209 0.619 0.024 0.010
1 0.137 0.646 0.018 0.015
1 0.072 0.622 0.026 0.011
1 0.039 0.621 0.026 0.011
1 0.306 0.708 0.039 0.028
1 0.550 0.628 0.027 0.010
1 0.617 0.721 0.052 0.028
2 0.546 0.654 0.038 0.035
2 0.529 0.736 0.120 0.043
2 0.379 0.702 0.112 0.039
2 0.036 0.639 0.035 0.024
2 0.070 0.639 0.025 0.021
2 0.100 0.656 0.056 0.032
2 0.213 0.633 0.033 0.018
2 0.294 0.566 0.013 0.008
3 0.844 0.738 0.313 0.064
3 0.537 0.816 0.547 0.134
7 0.035 0.671 0.068 0.054
7 0.217 0.657 0.097 0.035
7 0.723 0.693 0.204 0.073
11 0.196 0.735 0.196 0.056
12 0.416 0.120 0.247 0.172
12 0.457 0.353 0.032 0.026
