12 0.399 0.305 0.068 0.139
10 0.332 0.103 0.026 0.030
5 0.535 0.921 0.060 0.048
5 0.428 0.959 0.072 0.064
0 0.033 0.520 0.064 0.108
0 0.343 0.638 0.014 0.086
0 0.413 0.753 0.026 0.111
0 0.442 0.707 0.022 0.107
0 0.482 0.662 0.010 0.084
0 0.508 0.673 0.019 0.072
0 0.529 0.622 0.024 0.081
0 0.555 0.679 0.030 0.073
0 0.560 0.599 0.012 0.036
0 0.585 0.632 0.014 0.083
0 0.712 0.645 0.014 0.028
0 0.366 0.954 0.055 0.088
0 0.507 0.809 0.023 0.131
0 0.845 0.532 0.018 0.076
1 0.024 0.481 0.029 0.033
1 0.343 0.605 0.008 0.017
1 0.413 0.706 0.011 0.016
1 0.441 0.663 0.011 0.012
1 0.508 0.758 0.014 0.019
1 0.547 0.659 0.012 0.027
1 0.483 0.630 0.009 0.015
1 0.507 0.647 0.013 0.015
1 0.525 0.591 0.015 0.019
1 0.584 0.598 0.006 0.011
1 0.847 0.502 0.008 0.013
11 0.725 0.786 0.111 0.097
7 0.387 0.875 0.139 0.091
7 0.360 0.794 0.065 0.085
7 0.479 0.775 0.044 0.086
2 0.020 0.541 0.037 0.063
2 0.414 0.742 0.018 0.047
2 0.509 0.795 0.018 0.052
2 0.558 0.685 0.017 0.049
2 0.584 0.623 0.011 0.040
2 0.526 0.625 0.017 0.046
2 0.483 0.656 0.010 0.037
2 0.438 0.692 0.014 0.042
2 0.342 0.620 0.015 0.016
2 0.845 0.526 0.016 0.035
14 0.060 0.091 0.118 0.066
13 0.191 0.102 0.130 0.066
