12 0.353 0.178 0.225 0.159
14 0.977 0.438 0.045 0.026
14 0.081 0.496 0.078 0.014
0 0.275 0.571 0.016 0.016
0 0.015 0.644 0.029 0.039
0 0.037 0.643 0.021 0.033
0 0.055 0.643 0.037 0.035
0 0.129 0.676 0.061 0.087
0 0.323 0.719 0.112 0.040
0 0.354 0.818 0.153 0.199
0 0.882 0.667 0.055 0.089
1 0.884 0.629 0.029 0.012
1 0.772 0.544 0.009 0.005
1 0.279 0.564 0.009 0.005
1 0.013 0.629 0.021 0.014
1 0.041 0.630 0.016 0.009
1 0.049 0.630 0.020 0.008
1 0.287 0.712 0.038 0.023
1 0.395 0.737 0.065 0.034
2 0.355 0.773 0.144 0.071
2 0.345 0.724 0.068 0.032
2 0.876 0.657 0.042 0.042
2 0.127 0.665 0.058 0.042
2 0.012 0.649 0.021 0.026
2 0.036 0.647 0.023 0.021
2 0.045 0.648 0.024 0.022
2 0.279 0.572 0.009 0.011
7 0.038 0.681 0.075 0.047
7 0.193 0.663 0.088 0.035
7 0.521 0.726 0.194 0.040
7 0.694 0.698 0.199 0.071
3 0.819 0.733 0.328 0.049
3 0.586 0.815 0.356 0.126
11 0.166 0.745 0.236 0.050
