0 0.025 0.607 0.043 0.036
0 0.100 0.675 0.049 0.044
0 0.126 0.715 0.087 0.073
0 0.245 0.668 0.047 0.042
0 0.345 0.778 0.176 0.097
0 0.619 0.777 0.160 0.080
0 0.784 0.671 0.072 0.057
1 0.023 0.599 0.015 0.012
1 0.104 0.661 0.036 0.013
1 0.242 0.657 0.027 0.011
1 0.316 0.742 0.055 0.024
1 0.625 0.754 0.061 0.028
1 0.784 0.656 0.034 0.020
2 0.023 0.611 0.026 0.017
2 0.097 0.683 0.043 0.029
2 0.120 0.697 0.066 0.036
2 0.248 0.670 0.045 0.020
2 0.351 0.774 0.131 0.051
2 0.608 0.790 0.112 0.036
2 0.790 0.679 0.047 0.030
3 0.868 0.761 0.264 0.061
3 0.590 0.861 0.582 0.134
7 0.770 0.729 0.227 0.083
11 0.214 0.779 0.182 0.053
12 0.488 0.077 0.256 0.154
12 0.481 0.382 0.042 0.020
14 0.029 0.526 0.056 0.010
14 0.030 0.577 0.057 0.013
