0 0.203 0.420 0.013 0.058
0 0.303 0.425 0.018 0.064
0 0.835 0.487 0.017 0.087
0 0.218 0.114 0.011 0.038
0 0.277 0.116 0.010 0.027
0 0.331 0.131 0.011 0.024
0 0.323 0.025 0.009 0.038
0 0.202 0.045 0.011 0.033
0 0.437 0.111 0.010 0.026
0 0.546 0.171 0.011 0.046
0 0.539 0.153 0.009 0.049
0 0.548 0.134 0.011 0.032
0 0.539 0.099 0.009 0.042
0 0.525 0.069 0.008 0.045
0 0.533 0.064 0.011 0.041
0 0.520 0.040 0.011 0.039
0 0.342 0.014 0.008 0.026
0 0.577 0.619 0.020 0.077
0 0.651 0.582 0.013 0.079
0 0.666 0.479 0.017 0.062
0 0.722 0.053 0.006 0.045
0 0.729 0.047 0.006 0.043
0 0.737 0.052 0.007 0.044
0 0.734 0.085 0.010 0.048
0 0.752 0.059 0.004 0.043
0 0.757 0.073 0.007 0.059
0 0.761 0.059 0.006 0.044
0 0.768 0.069 0.007 0.052
3 0.636 0.718 0.073 0.046
7 0.222 0.569 0.070 0.069
7 0.312 0.692 0.036 0.075
7 0.274 0.762 0.064 0.114
7 0.384 0.684 0.080 0.120
7 0.458 0.507 0.055 0.054
7 0.426 0.602 0.039 0.065
7 0.349 0.613 0.040 0.080
7 0.357 0.403 0.026 0.062
7 0.435 0.430 0.049 0.049
7 0.554 0.398 0.029 0.049
7 0.527 0.461 0.027 0.065
7 0.594 0.583 0.034 0.077
7 0.168 0.527 0.060 0.055
7 0.203 0.367 0.045 0.058
