12 0.576 0.156 0.233 0.169
12 0.527 0.378 0.028 0.021
14 0.110 0.509 0.186 0.016
14 0.045 0.559 0.088 0.014
0 0.644 0.692 0.051 0.083
0 0.444 0.763 0.109 0.073
0 0.414 0.756 0.158 0.093
0 0.273 0.651 0.038 0.027
0 0.084 0.658 0.042 0.039
0 0.142 0.689 0.063 0.092
0 0.127 0.656 0.034 0.034
0 0.360 0.587 0.016 0.016
1 0.957 0.560 0.011 0.005
1 0.087 0.643 0.022 0.010
1 0.131 0.644 0.023 0.009
1 0.155 0.652 0.025 0.014
1 0.270 0.643 0.020 0.009
1 0.353 0.743 0.035 0.026
1 0.459 0.743 0.056 0.033
1 0.652 0.655 0.027 0.009
2 0.362 0.590 0.011 0.014
2 0.275 0.656 0.027 0.016
2 0.147 0.677 0.037 0.033
2 0.083 0.664 0.037 0.027
2 0.125 0.661 0.031 0.023
2 0.417 0.728 0.087 0.032
2 0.441 0.769 0.100 0.050
2 0.639 0.680 0.039 0.037
7 0.081 0.696 0.108 0.044
7 0.274 0.681 0.094 0.040
7 0.775 0.726 0.192 0.074
7 0.598 0.748 0.222 0.040
3 0.873 0.764 0.254 0.046
3 0.578 0.843 0.538 0.124
11 0.244 0.761 0.231 0.046
