0 0.403 0.778 0.043 0.277
0 0.495 0.825 0.037 0.277
0 0.782 0.701 0.014 0.019
4 0.545 0.833 0.072 0.140
4 0.607 0.872 0.076 0.198
4 0.878 0.711 0.101 0.062
6 0.985 0.884 0.030 0.202
7 0.968 0.731 0.063 0.094
14 0.153 0.432 0.277 0.185
14 0.091 0.078 0.140 0.155
12 0.521 0.153 0.083 0.149
10 0.487 0.702 0.035 0.107
14 0.208 0.886 0.119 0.228
1 0.418 0.665 0.038 0.047
2 0.403 0.720 0.032 0.055
2 0.784 0.706 0.006 0.009
10 0.671 0.694 0.021 0.054
10 0.687 0.700 0.012 0.040
1 0.783 0.697 0.006 0.008
13 0.392 0.414 0.125 0.079
