0 0.524 0.801 0.060 0.342
0 0.639 0.796 0.082 0.138
0 0.919 0.669 0.056 0.156
4 0.432 0.810 0.119 0.198
4 0.956 0.588 0.088 0.064
12 0.509 0.207 0.116 0.164
10 0.540 0.616 0.036 0.081
14 0.069 0.323 0.136 0.198
14 0.133 0.055 0.116 0.108
14 0.266 0.173 0.096 0.110
14 0.046 0.909 0.092 0.180
1 0.523 0.657 0.038 0.048
1 0.642 0.752 0.030 0.044
1 0.923 0.609 0.016 0.024
2 0.654 0.800 0.046 0.055
2 0.918 0.652 0.035 0.064
10 0.746 0.602 0.017 0.045
10 0.762 0.608 0.012 0.044
13 0.280 0.313 0.208 0.122
13 0.493 0.360 0.220 0.083
