12 0.623 0.045 0.248 0.088
14 0.099 0.364 0.191 0.024
14 0.041 0.410 0.080 0.018
0 0.352 0.447 0.025 0.018
0 0.136 0.445 0.022 0.015
0 0.114 0.506 0.035 0.032
0 0.136 0.503 0.028 0.028
0 0.143 0.542 0.072 0.083
0 0.185 0.527 0.042 0.075
0 0.409 0.618 0.147 0.064
0 0.881 0.655 0.173 0.140
0 0.988 0.561 0.023 0.085
7 0.076 0.543 0.084 0.049
7 0.274 0.534 0.093 0.037
7 0.782 0.585 0.194 0.070
7 0.571 0.602 0.262 0.036
1 0.991 0.524 0.018 0.013
1 0.899 0.605 0.064 0.038
1 0.355 0.598 0.037 0.026
1 0.161 0.507 0.024 0.013
1 0.182 0.493 0.018 0.008
1 0.137 0.495 0.021 0.010
1 0.114 0.494 0.019 0.008
1 0.136 0.440 0.008 0.005
1 0.359 0.441 0.008 0.005
1 0.434 0.446 0.011 0.007
2 0.990 0.554 0.020 0.037
2 0.903 0.621 0.108 0.062
2 0.432 0.610 0.108 0.042
2 0.133 0.528 0.048 0.035
2 0.113 0.510 0.026 0.018
2 0.134 0.510 0.026 0.019
2 0.187 0.517 0.028 0.026
3 0.801 0.621 0.096 0.037
3 0.606 0.688 0.521 0.121
11 0.263 0.607 0.232 0.048
