0 0.483 0.574 0.032 0.094
0 0.544 0.636 0.031 0.088
0 0.510 0.486 0.026 0.090
0 0.475 0.491 0.028 0.086
0 0.510 0.369 0.026 0.102
0 0.455 0.355 0.026 0.063
0 0.728 0.633 0.039 0.154
0 0.254 0.067 0.019 0.059
0 0.207 0.378 0.026 0.054
0 0.061 0.192 0.021 0.051
0 0.029 0.160 0.039 0.050
4 0.386 0.363 0.058 0.070
4 0.824 0.625 0.121 0.116
5 0.784 0.781 0.256 0.223
1 0.727 0.580 0.016 0.035
1 0.545 0.611 0.024 0.025
1 0.582 0.647 0.019 0.042
1 0.480 0.543 0.014 0.026
1 0.507 0.456 0.014 0.024
1 0.480 0.463 0.014 0.022
1 0.205 0.366 0.011 0.019
1 0.349 0.481 0.013 0.022
1 0.058 0.177 0.013 0.019
1 0.461 0.336 0.022 0.032
1 0.506 0.336 0.016 0.023
1 0.721 0.201 0.010 0.016
1 0.496 0.174 0.013 0.019
1 0.253 0.046 0.011 0.017
1 0.017 0.141 0.010 0.018
2 0.030 0.148 0.014 0.023
2 0.208 0.382 0.014 0.022
2 0.485 0.583 0.023 0.052
2 0.544 0.649 0.020 0.041
2 0.471 0.501 0.018 0.044
2 0.509 0.493 0.018 0.042
2 0.725 0.619 0.021 0.051
2 0.724 0.225 0.011 0.028
2 0.917 0.265 0.014 0.036
0 0.723 0.217 0.021 0.047
0 0.835 0.466 0.018 0.056
0 0.816 0.458 0.022 0.054
1 0.813 0.443 0.010 0.017
1 0.835 0.449 0.010 0.019
1 0.921 0.239 0.009 0.015
0 0.918 0.259 0.019 0.056
0 0.348 0.487 0.020 0.060
