5 0.835 0.798 0.330 0.388
0 0.136 0.437 0.104 0.201
0 0.522 0.222 0.005 0.024
2 0.127 0.432 0.063 0.119
1 0.166 0.374 0.034 0.061
1 0.522 0.215 0.003 0.006
2 0.522 0.225 0.005 0.014
0 0.877 0.225 0.014 0.032
0 0.918 0.219 0.009 0.026
0 0.968 0.218 0.014 0.013
0 0.996 0.208 0.009 0.024
1 0.877 0.217 0.006 0.009
1 0.917 0.213 0.006 0.011
1 0.963 0.213 0.005 0.009
1 0.995 0.199 0.005 0.008
2 0.877 0.226 0.010 0.016
2 0.918 0.224 0.007 0.013
2 0.969 0.220 0.010 0.008
2 0.996 0.212 0.007 0.016
0 0.718 0.295 0.024 0.059
1 0.713 0.275 0.009 0.012
2 0.714 0.302 0.018 0.036
9 0.335 0.424 0.211 0.081
