0 0.730 0.548 0.043 0.164
0 0.692 0.540 0.024 0.079
0 0.519 0.566 0.032 0.083
1 0.282 0.570 0.021 0.025
1 0.508 0.532 0.017 0.024
1 0.688 0.504 0.010 0.019
1 0.675 0.503 0.007 0.011
1 0.722 0.480 0.015 0.016
2 0.521 0.571 0.020 0.054
2 0.725 0.532 0.024 0.053
14 0.287 0.439 0.178 0.064
14 0.062 0.517 0.116 0.085
14 0.965 0.475 0.069 0.040
14 0.854 0.608 0.062 0.154
14 0.779 0.566 0.024 0.099
14 0.456 0.493 0.069 0.042
13 0.849 0.622 0.191 0.234
13 0.972 0.689 0.056 0.356
11 0.673 0.864 0.615 0.272
