14 0.982 0.334 0.035 0.034
0 0.122 0.500 0.054 0.106
0 0.047 0.529 0.093 0.133
0 0.104 0.660 0.206 0.136
0 0.607 0.541 0.095 0.053
0 0.826 0.551 0.038 0.101
1 0.828 0.507 0.018 0.011
1 0.770 0.505 0.031 0.014
1 0.638 0.525 0.032 0.020
1 0.118 0.457 0.031 0.017
1 0.065 0.476 0.058 0.025
1 0.053 0.614 0.069 0.040
2 0.123 0.486 0.036 0.038
2 0.041 0.525 0.076 0.069
2 0.123 0.646 0.162 0.066
2 0.591 0.539 0.060 0.040
2 0.764 0.528 0.036 0.028
2 0.830 0.532 0.033 0.035
7 0.488 0.549 0.127 0.064
7 0.937 0.573 0.119 0.076
7 0.750 0.665 0.501 0.086
3 0.894 0.749 0.211 0.106
11 0.260 0.640 0.355 0.087
12 0.433 0.304 0.031 0.022
7 0.731 0.566 0.122 0.057
