3 0.542 0.737 0.217 0.137
3 0.396 0.843 0.165 0.135
10 0.040 0.875 0.078 0.242
0 0.230 0.261 0.032 0.062
0 0.279 0.255 0.024 0.074
0 0.314 0.279 0.028 0.082
0 0.402 0.294 0.044 0.181
0 0.383 0.277 0.035 0.163
0 0.519 0.283 0.044 0.161
0 0.596 0.235 0.024 0.095
0 0.688 0.250 0.017 0.061
1 0.223 0.239 0.011 0.019
1 0.278 0.231 0.010 0.014
1 0.308 0.253 0.010 0.019
1 0.381 0.216 0.025 0.033
1 0.400 0.229 0.028 0.043
1 0.519 0.212 0.016 0.019
1 0.594 0.198 0.009 0.014
1 0.686 0.228 0.010 0.017
7 0.409 0.526 0.208 0.298
7 0.876 0.477 0.248 0.374
7 0.258 0.343 0.042 0.100
7 0.639 0.298 0.078 0.142
7 0.566 0.279 0.048 0.099
2 0.226 0.270 0.019 0.040
2 0.280 0.268 0.021 0.044
2 0.377 0.311 0.013 0.100
2 0.313 0.271 0.018 0.023
2 0.515 0.263 0.023 0.066
2 0.597 0.229 0.016 0.040
2 0.688 0.259 0.014 0.035
