12 0.429 0.135 0.236 0.157
12 0.482 0.352 0.027 0.017
14 0.081 0.491 0.160 0.017
14 0.025 0.540 0.047 0.013
0 0.321 0.565 0.019 0.016
0 0.055 0.636 0.047 0.037
0 0.098 0.635 0.045 0.036
0 0.138 0.673 0.093 0.078
0 0.237 0.628 0.039 0.029
0 0.584 0.660 0.038 0.079
0 0.562 0.727 0.166 0.070
0 0.386 0.730 0.154 0.090
1 0.908 0.532 0.010 0.007
1 0.324 0.558 0.013 0.003
1 0.057 0.623 0.023 0.010
1 0.093 0.623 0.024 0.013
1 0.236 0.621 0.022 0.010
1 0.175 0.641 0.020 0.014
1 0.327 0.716 0.035 0.028
1 0.620 0.707 0.050 0.030
1 0.587 0.628 0.024 0.013
2 0.323 0.567 0.017 0.013
2 0.057 0.642 0.040 0.025
2 0.094 0.641 0.032 0.023
2 0.132 0.658 0.054 0.034
2 0.238 0.633 0.035 0.017
2 0.392 0.706 0.085 0.042
2 0.538 0.727 0.115 0.055
2 0.583 0.651 0.038 0.035
7 0.745 0.697 0.196 0.071
7 0.056 0.675 0.110 0.044
7 0.241 0.658 0.095 0.036
3 0.856 0.730 0.287 0.046
3 0.553 0.815 0.526 0.133
11 0.214 0.739 0.231 0.049
