0 0.090 0.480 0.120 0.157
0 0.222 0.482 0.103 0.132
0 0.725 0.436 0.095 0.071
0 0.949 0.458 0.086 0.137
0 0.617 0.467 0.075 0.122
1 0.081 0.423 0.060 0.023
1 0.210 0.433 0.056 0.026
1 0.596 0.420 0.036 0.018
1 0.731 0.414 0.035 0.022
1 0.957 0.412 0.040 0.017
2 0.952 0.443 0.062 0.048
2 0.716 0.441 0.053 0.039
2 0.605 0.463 0.047 0.071
2 0.213 0.483 0.073 0.066
2 0.084 0.473 0.095 0.065
7 0.782 0.501 0.260 0.120
7 0.911 0.799 0.179 0.392
7 0.385 0.831 0.768 0.248
12 0.875 0.229 0.044 0.060
14 0.943 0.319 0.115 0.013
