0 0.047 0.490 0.020 0.046
0 0.034 0.722 0.066 0.161
0 0.163 0.700 0.092 0.207
0 0.373 0.503 0.029 0.059
0 0.559 0.473 0.021 0.089
0 0.628 0.459 0.029 0.103
0 0.698 0.421 0.018 0.048
0 0.766 0.437 0.022 0.087
0 0.840 0.444 0.025 0.094
0 0.949 0.429 0.023 0.090
1 0.945 0.394 0.007 0.023
1 0.835 0.412 0.012 0.025
1 0.764 0.406 0.010 0.017
1 0.702 0.412 0.010 0.017
1 0.629 0.418 0.014 0.019
1 0.559 0.440 0.010 0.022
1 0.377 0.481 0.008 0.019
1 0.154 0.628 0.040 0.052
1 0.017 0.674 0.032 0.063
1 0.046 0.475 0.010 0.022
2 0.047 0.497 0.016 0.026
2 0.035 0.728 0.064 0.093
2 0.165 0.685 0.039 0.073
2 0.370 0.502 0.016 0.035
2 0.557 0.465 0.011 0.039
2 0.628 0.448 0.016 0.034
2 0.701 0.430 0.006 0.022
2 0.767 0.431 0.016 0.039
2 0.840 0.440 0.014 0.037
10 0.915 0.414 0.044 0.142
10 0.783 0.567 0.037 0.070
13 0.399 0.067 0.785 0.112
13 0.959 0.118 0.082 0.060
14 0.850 0.106 0.130 0.057
