0 0.424 0.741 0.047 0.304
0 0.520 0.788 0.069 0.298
0 0.788 0.641 0.015 0.026
6 0.987 0.812 0.026 0.155
4 0.876 0.644 0.106 0.069
7 0.972 0.664 0.054 0.106
12 0.517 0.098 0.083 0.135
10 0.487 0.646 0.030 0.090
14 0.157 0.382 0.293 0.157
14 0.093 0.064 0.102 0.126
14 0.240 0.173 0.112 0.106
14 0.215 0.863 0.099 0.275
1 0.432 0.625 0.031 0.043
1 0.512 0.672 0.028 0.045
1 0.786 0.634 0.006 0.006
2 0.424 0.691 0.040 0.079
2 0.789 0.645 0.009 0.010
10 0.681 0.636 0.018 0.047
10 0.699 0.644 0.010 0.041
13 0.372 0.365 0.085 0.072
13 0.448 0.387 0.064 0.058
