5 0.613 0.745 0.724 0.509
0 0.579 0.308 0.037 0.070
0 0.660 0.255 0.020 0.122
0 0.633 0.226 0.010 0.044
0 0.644 0.233 0.010 0.061
0 0.678 0.235 0.021 0.053
0 0.678 0.189 0.020 0.044
0 0.712 0.241 0.020 0.128
0 0.735 0.266 0.018 0.058
0 0.764 0.266 0.026 0.048
0 0.779 0.227 0.018 0.094
0 0.794 0.201 0.012 0.048
2 0.572 0.306 0.026 0.056
2 0.633 0.234 0.012 0.024
2 0.644 0.239 0.010 0.048
2 0.654 0.251 0.019 0.054
2 0.674 0.243 0.013 0.033
2 0.680 0.195 0.013 0.027
2 0.715 0.228 0.020 0.056
2 0.735 0.275 0.018 0.031
2 0.765 0.272 0.018 0.033
2 0.779 0.218 0.012 0.044
2 0.795 0.210 0.009 0.037
1 0.588 0.294 0.010 0.034
1 0.633 0.212 0.006 0.013
1 0.643 0.209 0.007 0.016
1 0.658 0.201 0.015 0.020
1 0.676 0.174 0.013 0.011
1 0.675 0.216 0.009 0.013
1 0.714 0.186 0.015 0.009
1 0.739 0.249 0.008 0.017
1 0.760 0.246 0.009 0.015
1 0.782 0.187 0.008 0.015
1 0.793 0.183 0.007 0.009
3 0.574 0.270 0.060 0.041
9 0.252 0.351 0.062 0.038
10 0.158 0.394 0.033 0.062
10 0.208 0.424 0.039 0.085
10 0.251 0.364 0.010 0.014
12 0.846 0.063 0.020 0.067
