0 0.147 0.861 0.078 0.229
0 0.375 0.792 0.035 0.072
0 0.421 0.815 0.027 0.081
0 0.434 0.805 0.017 0.097
0 0.445 0.746 0.033 0.065
0 0.538 0.794 0.029 0.052
0 0.565 0.775 0.026 0.050
0 0.571 0.853 0.035 0.107
0 0.684 0.854 0.025 0.072
0 0.725 0.883 0.061 0.150
0 0.735 0.780 0.023 0.057
0 0.313 0.958 0.010 0.024
1 0.312 0.954 0.006 0.007
1 0.378 0.775 0.015 0.027
2 0.156 0.881 0.056 0.148
2 0.374 0.813 0.028 0.033
2 0.414 0.828 0.029 0.050
2 0.438 0.822 0.019 0.056
2 0.451 0.756 0.017 0.041
2 0.542 0.806 0.016 0.019
2 0.574 0.858 0.019 0.074
2 0.563 0.782 0.008 0.039
2 0.737 0.787 0.015 0.023
2 0.728 0.849 0.023 0.061
2 0.675 0.886 0.017 0.046
1 0.738 0.759 0.011 0.017
1 0.747 0.815 0.016 0.023
1 0.683 0.846 0.011 0.029
1 0.569 0.811 0.012 0.021
1 0.566 0.774 0.014 0.021
1 0.539 0.780 0.016 0.019
1 0.436 0.731 0.013 0.020
1 0.430 0.763 0.011 0.015
1 0.434 0.785 0.017 0.030
1 0.140 0.782 0.027 0.044
3 0.448 0.925 0.104 0.149
3 0.570 0.949 0.138 0.103
4 0.107 0.964 0.147 0.072
4 0.025 0.852 0.039 0.062
10 0.376 0.870 0.040 0.094
12 0.355 0.407 0.021 0.072
