10 0.570 0.420 0.038 0.121
11 0.961 0.722 0.078 0.199
0 0.494 0.574 0.122 0.645
0 0.650 0.600 0.132 0.612
0 0.731 0.495 0.042 0.058
0 0.820 0.415 0.025 0.119
0 0.853 0.416 0.020 0.121
1 0.515 0.287 0.047 0.063
1 0.668 0.327 0.047 0.066
1 0.719 0.481 0.014 0.030
1 0.820 0.366 0.011 0.018
1 0.852 0.365 0.012 0.017
1 0.363 0.354 0.007 0.012
0 0.363 0.361 0.008 0.025
2 0.495 0.480 0.070 0.221
2 0.662 0.503 0.091 0.226
2 0.736 0.497 0.032 0.047
2 0.820 0.393 0.014 0.041
2 0.854 0.398 0.017 0.046
3 0.389 0.412 0.084 0.079
5 0.232 0.744 0.462 0.187
5 0.156 0.873 0.311 0.254
5 0.813 0.666 0.231 0.095
