5 0.483 0.467 0.415 0.332
0 0.549 0.120 0.036 0.108
0 0.624 0.060 0.008 0.054
0 0.643 0.095 0.011 0.118
0 0.633 0.072 0.010 0.065
0 0.662 0.071 0.017 0.050
0 0.668 0.021 0.020 0.031
2 0.544 0.128 0.027 0.065
2 0.643 0.088 0.014 0.065
2 0.625 0.069 0.008 0.031
2 0.634 0.083 0.008 0.057
2 0.662 0.079 0.014 0.032
2 0.669 0.035 0.008 0.023
1 0.554 0.079 0.013 0.021
1 0.628 0.046 0.006 0.011
1 0.636 0.047 0.006 0.011
1 0.644 0.041 0.010 0.014
1 0.665 0.056 0.008 0.018
1 0.666 0.015 0.007 0.012
3 0.578 0.110 0.043 0.042
9 0.253 0.188 0.048 0.060
10 0.224 0.267 0.034 0.122
10 0.187 0.217 0.022 0.056
10 0.250 0.200 0.019 0.019
