12 0.305 0.073 0.219 0.145
12 0.325 0.348 0.027 0.018
14 0.864 0.434 0.059 0.023
14 0.944 0.407 0.112 0.016
0 0.165 0.561 0.019 0.016
0 0.079 0.626 0.035 0.027
0 0.385 0.657 0.046 0.082
0 0.212 0.733 0.140 0.086
0 0.422 0.716 0.167 0.081
1 0.479 0.690 0.055 0.028
1 0.391 0.623 0.025 0.010
1 0.077 0.618 0.024 0.010
1 0.164 0.704 0.044 0.025
1 0.166 0.555 0.010 0.005
1 0.747 0.527 0.010 0.007
2 0.165 0.561 0.017 0.011
2 0.081 0.630 0.028 0.016
2 0.199 0.724 0.086 0.043
2 0.400 0.722 0.123 0.059
2 0.385 0.647 0.038 0.032
7 0.085 0.656 0.100 0.039
7 0.594 0.688 0.191 0.071
7 0.307 0.718 0.175 0.036
3 0.716 0.721 0.294 0.046
3 0.407 0.804 0.511 0.130
11 0.085 0.737 0.168 0.046
