0 0.124 0.564 0.044 0.087
0 0.388 0.473 0.039 0.131
0 0.774 0.584 0.042 0.163
0 0.706 0.237 0.023 0.138
0 0.993 0.302 0.014 0.170
0 0.335 0.086 0.020 0.077
1 0.136 0.544 0.016 0.031
1 0.378 0.426 0.016 0.037
1 0.333 0.058 0.011 0.025
1 0.780 0.528 0.026 0.033
1 0.708 0.193 0.014 0.031
1 0.995 0.244 0.009 0.027
2 0.120 0.558 0.030 0.061
2 0.392 0.462 0.028 0.068
2 0.336 0.088 0.015 0.049
2 0.706 0.217 0.018 0.048
2 0.777 0.574 0.027 0.077
2 0.995 0.275 0.010 0.041
3 0.434 0.797 0.077 0.223
7 0.351 0.692 0.106 0.175
7 0.534 0.631 0.117 0.172
7 0.354 0.950 0.140 0.099
7 0.070 0.361 0.058 0.114
7 0.173 0.319 0.028 0.092
7 0.297 0.348 0.061 0.090
7 0.280 0.289 0.082 0.092
7 0.360 0.144 0.105 0.075
7 0.454 0.248 0.091 0.090
7 0.518 0.338 0.080 0.116
7 0.405 0.580 0.055 0.071
7 0.843 0.516 0.124 0.156
7 0.900 0.611 0.111 0.107
7 0.958 0.681 0.084 0.114
9 0.038 0.419 0.074 0.113
9 0.015 0.505 0.029 0.146
9 0.123 0.644 0.130 0.138
9 0.170 0.751 0.097 0.174
