12 0.526 0.310 0.031 0.125
12 0.505 0.442 0.015 0.024
0 0.345 0.681 0.007 0.067
0 0.360 0.681 0.022 0.062
0 0.386 0.654 0.015 0.049
0 0.395 0.672 0.020 0.075
0 0.472 0.670 0.018 0.071
0 0.498 0.727 0.036 0.185
0 0.552 0.756 0.046 0.234
0 0.637 0.596 0.012 0.077
1 0.361 0.659 0.018 0.019
1 0.387 0.637 0.011 0.018
1 0.398 0.643 0.013 0.018
1 0.474 0.642 0.011 0.014
1 0.501 0.645 0.014 0.020
1 0.550 0.652 0.017 0.024
1 0.345 0.656 0.007 0.019
7 0.413 0.784 0.147 0.187
7 0.516 0.756 0.036 0.119
2 0.550 0.721 0.035 0.092
2 0.496 0.693 0.026 0.069
2 0.472 0.682 0.017 0.045
2 0.395 0.682 0.017 0.044
2 0.358 0.696 0.017 0.025
