12 0.564 0.131 0.179 0.152
12 0.150 0.352 0.029 0.020
14 0.798 0.432 0.206 0.018
14 0.667 0.452 0.060 0.022
14 0.884 0.554 0.034 0.018
0 0.284 0.734 0.117 0.081
0 0.447 0.665 0.052 0.079
0 0.581 0.545 0.017 0.017
0 0.536 0.707 0.176 0.105
1 0.581 0.540 0.011 0.005
1 0.447 0.633 0.027 0.012
1 0.262 0.705 0.043 0.024
1 0.550 0.667 0.053 0.026
2 0.497 0.712 0.097 0.071
2 0.440 0.658 0.038 0.033
2 0.272 0.728 0.069 0.040
7 0.602 0.696 0.123 0.065
3 0.714 0.725 0.259 0.049
3 0.646 0.799 0.458 0.097
9 0.180 0.877 0.357 0.245
11 0.112 0.751 0.221 0.103
7 0.382 0.720 0.159 0.045
