0 0.590 0.340 0.082 0.197
0 0.813 0.272 0.029 0.074
0 0.845 0.290 0.028 0.093
0 0.875 0.280 0.028 0.098
0 0.859 0.267 0.011 0.032
0 0.895 0.246 0.034 0.139
0 0.209 0.651 0.034 0.140
1 0.573 0.269 0.035 0.040
1 0.208 0.612 0.018 0.019
1 0.811 0.250 0.021 0.025
1 0.845 0.254 0.014 0.023
1 0.881 0.243 0.018 0.027
1 0.896 0.189 0.017 0.025
1 0.858 0.263 0.005 0.030
2 0.900 0.243 0.021 0.069
2 0.875 0.297 0.028 0.067
2 0.844 0.306 0.021 0.061
2 0.815 0.290 0.023 0.037
2 0.604 0.356 0.058 0.136
2 0.204 0.663 0.018 0.068
3 0.885 0.416 0.100 0.167
3 0.975 0.395 0.051 0.075
3 0.973 0.465 0.053 0.058
4 0.487 0.686 0.319 0.512
4 0.440 0.349 0.136 0.051
4 0.155 0.433 0.155 0.104
10 0.814 0.361 0.027 0.067
