0 0.077 0.234 0.019 0.094
0 0.092 0.229 0.018 0.057
0 0.109 0.228 0.023 0.055
0 0.207 0.762 0.032 0.116
0 0.306 0.673 0.029 0.111
0 0.264 0.487 0.016 0.085
0 0.244 0.366 0.014 0.065
0 0.454 0.441 0.013 0.101
0 0.621 0.527 0.020 0.100
0 0.619 0.837 0.039 0.075
1 0.076 0.201 0.007 0.014
1 0.265 0.456 0.014 0.021
1 0.244 0.344 0.007 0.010
1 0.207 0.721 0.013 0.028
1 0.305 0.633 0.011 0.025
1 0.452 0.400 0.009 0.019
1 0.622 0.483 0.011 0.023
1 0.634 0.831 0.010 0.026
2 0.109 0.217 0.015 0.021
2 0.089 0.217 0.008 0.016
2 0.077 0.228 0.008 0.032
2 0.245 0.363 0.009 0.027
2 0.265 0.479 0.013 0.032
2 0.208 0.754 0.019 0.049
2 0.304 0.665 0.019 0.044
2 0.616 0.825 0.028 0.047
2 0.621 0.507 0.013 0.037
3 0.478 0.802 0.046 0.144
3 0.727 0.921 0.107 0.069
4 0.869 0.966 0.097 0.069
7 0.079 0.705 0.048 0.076
7 0.113 0.664 0.044 0.081
7 0.171 0.527 0.071 0.086
7 0.157 0.717 0.035 0.093
7 0.023 0.822 0.033 0.059
7 0.386 0.799 0.098 0.114
7 0.529 0.907 0.136 0.099
7 0.355 0.593 0.051 0.083
7 0.266 0.562 0.089 0.053
7 0.606 0.613 0.093 0.094
7 0.710 0.664 0.069 0.110
7 0.651 0.644 0.082 0.094
7 0.505 0.603 0.039 0.071
9 0.073 0.743 0.081 0.070
9 0.092 0.793 0.081 0.097
9 0.235 0.830 0.087 0.087
9 0.301 0.861 0.078 0.087
