0 0.144 0.981 0.034 0.037
0 0.352 0.951 0.015 0.079
0 0.429 0.947 0.027 0.100
0 0.504 0.912 0.017 0.053
0 0.570 0.919 0.017 0.084
0 0.615 0.931 0.024 0.106
0 0.727 0.913 0.016 0.080
0 0.827 0.906 0.024 0.100
1 0.151 0.967 0.009 0.012
1 0.357 0.925 0.008 0.011
1 0.427 0.903 0.013 0.013
1 0.505 0.894 0.007 0.014
1 0.567 0.887 0.009 0.013
1 0.609 0.889 0.008 0.019
1 0.722 0.881 0.009 0.011
1 0.824 0.864 0.008 0.019
2 0.139 0.986 0.023 0.025
2 0.349 0.947 0.010 0.040
2 0.427 0.928 0.021 0.036
2 0.502 0.912 0.011 0.027
2 0.568 0.913 0.010 0.042
2 0.615 0.918 0.017 0.041
2 0.723 0.904 0.011 0.029
2 0.828 0.898 0.016 0.045
10 0.697 0.907 0.044 0.120
12 0.464 0.050 0.019 0.044
13 0.497 0.574 0.990 0.195
14 0.630 0.613 0.108 0.049
14 0.306 0.473 0.049 0.028
14 0.953 0.894 0.026 0.034
