12 0.554 0.080 0.240 0.159
14 0.099 0.421 0.196 0.018
14 0.045 0.469 0.088 0.014
0 0.356 0.497 0.019 0.020
0 0.321 0.500 0.021 0.022
0 0.127 0.564 0.036 0.032
0 0.137 0.608 0.059 0.071
0 0.175 0.584 0.047 0.077
0 0.435 0.645 0.143 0.112
1 0.449 0.605 0.062 0.031
1 0.334 0.659 0.031 0.027
1 0.170 0.553 0.019 0.013
1 0.129 0.554 0.028 0.010
1 0.324 0.493 0.011 0.005
1 0.358 0.491 0.008 0.006
2 0.319 0.502 0.013 0.015
2 0.357 0.498 0.013 0.010
2 0.125 0.570 0.029 0.023
2 0.175 0.574 0.035 0.028
2 0.132 0.592 0.046 0.030
2 0.424 0.652 0.110 0.074
7 0.072 0.604 0.082 0.043
7 0.272 0.589 0.090 0.035
7 0.581 0.649 0.212 0.039
7 0.772 0.627 0.194 0.069
3 0.858 0.663 0.283 0.042
3 0.568 0.739 0.519 0.129
11 0.241 0.666 0.223 0.047
1 0.019 0.504 0.013 0.007
