0 0.271 0.440 0.030 0.088
0 0.473 0.731 0.031 0.119
0 0.906 0.978 0.033 0.044
0 0.930 0.960 0.044 0.077
0 0.888 0.388 0.024 0.086
1 0.888 0.359 0.012 0.023
1 0.937 0.934 0.023 0.031
1 0.912 0.973 0.023 0.027
1 0.469 0.691 0.017 0.025
1 0.422 0.932 0.018 0.026
2 0.271 0.435 0.017 0.031
2 0.476 0.729 0.019 0.053
2 0.924 0.962 0.025 0.052
2 0.889 0.386 0.015 0.036
7 0.607 0.377 0.086 0.095
7 0.805 0.437 0.043 0.051
7 0.622 0.692 0.066 0.144
7 0.696 0.692 0.091 0.135
7 0.789 0.725 0.123 0.099
7 0.827 0.641 0.059 0.107
7 0.976 0.300 0.047 0.079
9 0.782 0.371 0.059 0.066
9 0.846 0.370 0.050 0.064
10 0.654 0.207 0.036 0.057
