0 0.617 0.697 0.033 0.096
0 0.117 0.763 0.030 0.127
0 0.094 0.333 0.021 0.063
0 0.908 0.204 0.014 0.044
0 0.919 0.208 0.013 0.056
0 0.661 0.215 0.009 0.062
0 0.667 0.228 0.014 0.056
0 0.930 0.117 0.011 0.049
0 0.939 0.088 0.013 0.042
0 0.755 0.305 0.022 0.056
0 0.904 0.280 0.023 0.046
0 0.194 0.360 0.019 0.056
0 0.286 0.265 0.013 0.048
0 0.423 0.289 0.012 0.067
0 0.382 0.256 0.010 0.035
0 0.353 0.268 0.009 0.034
0 0.304 0.204 0.009 0.025
0 0.238 0.135 0.014 0.035
0 0.152 0.231 0.010 0.057
0 0.028 0.220 0.014 0.056
0 0.025 0.258 0.014 0.056
0 0.120 0.152 0.010 0.055
0 0.113 0.093 0.008 0.039
0 0.401 0.041 0.006 0.032
1 0.023 0.238 0.007 0.010
1 0.025 0.198 0.007 0.011
1 0.152 0.209 0.009 0.011
1 0.118 0.130 0.005 0.009
1 0.237 0.125 0.005 0.008
1 0.092 0.309 0.009 0.014
1 0.199 0.340 0.005 0.009
1 0.110 0.715 0.014 0.029
1 0.382 0.245 0.006 0.007
1 0.421 0.263 0.005 0.018
0 0.412 0.231 0.008 0.041
1 0.615 0.661 0.015 0.027
1 0.751 0.288 0.010 0.019
1 0.668 0.205 0.007 0.014
1 0.662 0.194 0.011 0.011
0 0.679 0.044 0.010 0.026
0 0.523 0.055 0.007 0.021
1 0.285 0.244 0.007 0.011
1 0.910 0.269 0.006 0.016
1 0.921 0.190 0.005 0.010
1 0.909 0.187 0.007 0.011
2 0.094 0.328 0.015 0.031
2 0.119 0.144 0.008 0.026
2 0.192 0.349 0.014 0.028
2 0.116 0.750 0.020 0.065
2 0.285 0.262 0.010 0.024
2 0.618 0.694 0.021 0.054
2 0.756 0.300 0.013 0.026
2 0.902 0.270 0.010 0.028
2 0.908 0.207 0.013 0.034
2 0.918 0.206 0.010 0.033
3 0.236 0.367 0.041 0.070
3 0.686 0.384 0.031 0.070
4 0.221 0.441 0.077 0.038
3 0.259 0.325 0.049 0.058
4 0.308 0.319 0.047 0.052
4 0.318 0.265 0.045 0.042
4 0.735 0.355 0.081 0.041
4 0.976 0.465 0.049 0.097
4 0.929 0.425 0.081 0.079
4 0.586 0.501 0.099 0.081
4 0.903 0.102 0.041 0.033
4 0.277 0.070 0.039 0.049
4 0.470 0.097 0.037 0.039
4 0.551 0.119 0.026 0.032
3 0.588 0.068 0.022 0.042
7 0.031 0.770 0.061 0.089
7 0.089 0.858 0.076 0.080
7 0.543 0.593 0.101 0.083
7 0.674 0.564 0.108 0.107
7 0.784 0.621 0.052 0.105
7 0.879 0.670 0.064 0.086
7 0.948 0.589 0.103 0.150
7 0.686 0.911 0.087 0.153
10 0.158 0.194 0.015 0.042
12 0.304 0.014 0.013 0.027
12 0.864 0.360 0.045 0.047
