0 0.147 0.851 0.023 0.065
0 0.249 0.914 0.037 0.171
0 0.303 0.917 0.048 0.160
0 0.409 0.913 0.028 0.174
0 0.479 0.843 0.027 0.084
2 0.249 0.892 0.019 0.073
2 0.411 0.890 0.026 0.077
2 0.479 0.838 0.014 0.036
12 0.509 0.187 0.065 0.147
1 0.297 0.852 0.024 0.035
1 0.252 0.838 0.022 0.034
1 0.481 0.810 0.016 0.031
1 0.142 0.826 0.018 0.021
4 0.515 0.577 0.256 0.148
1 0.861 0.928 0.044 0.074
10 0.721 0.842 0.040 0.104
2 0.884 0.813 0.022 0.033
2 0.305 0.909 0.036 0.054
1 0.794 0.794 0.014 0.029
1 0.880 0.788 0.012 0.024
