12 0.973 0.079 0.048 0.065
14 0.628 0.273 0.185 0.015
14 0.844 0.222 0.074 0.042
14 0.871 0.331 0.254 0.019
0 0.102 0.487 0.080 0.146
0 0.399 0.501 0.087 0.149
0 0.437 0.439 0.040 0.053
0 0.493 0.470 0.062 0.117
0 0.814 0.471 0.064 0.109
1 0.102 0.426 0.042 0.018
1 0.404 0.437 0.044 0.020
1 0.435 0.421 0.034 0.015
1 0.487 0.421 0.036 0.016
1 0.812 0.425 0.032 0.016
2 0.104 0.472 0.070 0.061
2 0.401 0.483 0.075 0.065
2 0.435 0.446 0.033 0.035
2 0.486 0.454 0.043 0.042
2 0.816 0.456 0.057 0.043
7 0.963 0.245 0.071 0.061
7 0.036 0.486 0.069 0.076
7 0.387 0.497 0.161 0.070
7 0.639 0.500 0.270 0.094
7 0.070 0.761 0.139 0.170
7 0.453 0.770 0.675 0.371
1 0.788 0.359 0.019 0.009
