2 0.495 0.369 0.027 0.046
2 0.213 0.338 0.017 0.051
1 0.496 0.332 0.028 0.033
1 0.701 0.637 0.020 0.050
1 0.739 0.593 0.020 0.033
1 0.213 0.306 0.021 0.028
1 0.242 0.258 0.019 0.019
1 0.275 0.261 0.024 0.029
1 0.271 0.412 0.024 0.045
1 0.314 0.432 0.014 0.019
1 0.173 0.299 0.008 0.021
1 0.233 0.169 0.011 0.025
1 0.189 0.129 0.012 0.018
0 0.454 0.490 0.028 0.106
0 0.754 0.648 0.035 0.131
0 0.712 0.718 0.040 0.199
0 0.498 0.379 0.047 0.138
0 0.587 0.211 0.035 0.068
0 0.215 0.333 0.028 0.100
0 0.166 0.319 0.026 0.081
0 0.275 0.277 0.028 0.078
0 0.302 0.468 0.070 0.159
2 0.482 0.481 0.033 0.057
2 0.747 0.651 0.033 0.072
2 0.167 0.329 0.023 0.058
