0 0.045 0.195 0.020 0.078
0 0.132 0.194 0.022 0.072
0 0.160 0.199 0.023 0.048
0 0.351 0.653 0.025 0.116
0 0.226 0.775 0.034 0.088
0 0.315 0.467 0.014 0.081
0 0.501 0.431 0.024 0.112
0 0.648 0.827 0.029 0.072
0 0.581 0.506 0.017 0.098
1 0.047 0.163 0.010 0.019
1 0.242 0.751 0.010 0.029
1 0.351 0.612 0.013 0.025
1 0.315 0.433 0.009 0.019
1 0.500 0.390 0.013 0.019
2 0.047 0.188 0.011 0.042
2 0.131 0.180 0.010 0.032
2 0.161 0.188 0.013 0.019
2 0.314 0.456 0.010 0.031
2 0.350 0.641 0.017 0.044
2 0.224 0.762 0.026 0.040
2 0.648 0.817 0.022 0.039
3 0.028 0.717 0.056 0.052
3 0.519 0.791 0.053 0.148
3 0.768 0.921 0.111 0.065
4 0.916 0.966 0.097 0.069
7 0.129 0.662 0.052 0.081
7 0.162 0.630 0.037 0.085
7 0.216 0.500 0.074 0.079
7 0.312 0.541 0.077 0.055
7 0.395 0.570 0.043 0.081
7 0.198 0.681 0.038 0.075
7 0.424 0.779 0.111 0.100
7 0.045 0.785 0.089 0.100
7 0.566 0.890 0.138 0.094
7 0.653 0.608 0.097 0.108
7 0.695 0.640 0.091 0.109
7 0.753 0.660 0.074 0.115
7 0.510 0.713 0.054 0.124
7 0.548 0.583 0.043 0.072
9 0.122 0.710 0.072 0.057
9 0.139 0.762 0.075 0.086
9 0.282 0.800 0.078 0.082
9 0.339 0.829 0.081 0.081
