0 0.021 0.093 0.026 0.050
0 0.450 0.475 0.029 0.142
0 0.489 0.466 0.030 0.056
0 0.489 0.566 0.032 0.088
0 0.529 0.594 0.031 0.090
0 0.703 0.594 0.040 0.167
0 0.700 0.730 0.047 0.113
0 0.508 0.290 0.023 0.080
0 0.895 0.225 0.021 0.094
0 0.813 0.425 0.020 0.066
0 0.972 0.940 0.039 0.120
4 0.367 0.318 0.064 0.073
4 0.801 0.571 0.105 0.090
5 0.800 0.767 0.128 0.121
10 0.871 0.898 0.055 0.069
1 0.532 0.565 0.015 0.021
1 0.706 0.534 0.025 0.031
1 0.486 0.544 0.017 0.034
1 0.509 0.595 0.016 0.034
1 0.493 0.468 0.017 0.030
1 0.453 0.418 0.016 0.020
1 0.810 0.405 0.013 0.024
1 0.791 0.403 0.012 0.023
1 0.323 0.356 0.015 0.019
1 0.409 0.286 0.015 0.019
1 0.511 0.265 0.011 0.017
1 0.185 0.310 0.010 0.017
1 0.013 0.077 0.010 0.019
1 0.710 0.698 0.019 0.041
1 0.973 0.906 0.021 0.041
1 0.898 0.199 0.010 0.026
10 0.413 0.226 0.020 0.039
2 0.700 0.571 0.027 0.057
2 0.528 0.600 0.020 0.042
2 0.814 0.434 0.014 0.034
2 0.894 0.226 0.013 0.031
2 0.510 0.292 0.015 0.033
2 0.323 0.387 0.020 0.038
2 0.412 0.309 0.016 0.021
2 0.448 0.453 0.017 0.044
2 0.188 0.334 0.020 0.027
2 0.024 0.094 0.013 0.032
0 0.187 0.326 0.024 0.056
0 0.322 0.375 0.028 0.077
0 0.410 0.302 0.022 0.054
2 0.487 0.583 0.028 0.044
2 0.969 0.952 0.027 0.065
