1 0.921 0.573 0.072 0.073
1 0.599 0.715 0.056 0.063
1 0.304 0.564 0.050 0.060
1 0.176 0.598 0.046 0.052
4 0.539 0.764 0.385 0.284
3 0.185 0.872 0.348 0.256
0 0.618 0.786 0.110 0.253
0 0.914 0.751 0.171 0.498
0 0.346 0.736 0.120 0.408
12 0.532 0.121 0.148 0.240
1 0.034 0.533 0.010 0.015
2 0.169 0.700 0.055 0.108
2 0.328 0.672 0.078 0.125
2 0.616 0.800 0.080 0.155
2 0.921 0.817 0.134 0.323
2 0.030 0.561 0.017 0.034
2 0.047 0.578 0.016 0.040
0 0.031 0.575 0.018 0.087
0 0.051 0.574 0.020 0.079
0 0.184 0.670 0.070 0.171
10 0.101 0.574 0.044 0.089
