12 0.624 0.321 0.129 0.244
1 0.602 0.655 0.030 0.052
1 0.712 0.651 0.031 0.037
1 0.757 0.658 0.018 0.029
1 0.500 0.661 0.014 0.025
1 0.385 0.693 0.022 0.031
1 0.223 0.694 0.012 0.022
3 0.386 0.823 0.142 0.107
3 0.425 0.926 0.165 0.098
7 0.618 0.879 0.185 0.242
7 0.728 0.841 0.109 0.231
2 0.395 0.741 0.026 0.068
2 0.226 0.736 0.030 0.072
2 0.497 0.698 0.027 0.056
2 0.599 0.741 0.050 0.106
2 0.702 0.696 0.027 0.075
2 0.755 0.696 0.035 0.067
11 0.747 0.822 0.138 0.135
0 0.602 0.716 0.077 0.163
0 0.228 0.736 0.030 0.110
0 0.387 0.737 0.029 0.115
0 0.413 0.703 0.036 0.095
0 0.497 0.689 0.023 0.087
0 0.710 0.696 0.035 0.111
0 0.760 0.702 0.035 0.118
0 0.681 0.665 0.021 0.057
