0 0.581 0.718 0.109 0.045
0 0.397 0.734 0.096 0.039
0 0.256 0.658 0.044 0.031
0 0.151 0.709 0.086 0.074
0 0.078 0.666 0.047 0.042
0 0.119 0.667 0.039 0.037
1 0.074 0.655 0.028 0.013
1 0.119 0.655 0.026 0.013
1 0.253 0.650 0.023 0.011
1 0.181 0.685 0.024 0.019
1 0.375 0.727 0.042 0.023
1 0.588 0.711 0.066 0.030
2 0.576 0.728 0.094 0.019
2 0.418 0.740 0.047 0.020
2 0.257 0.663 0.029 0.017
2 0.139 0.689 0.056 0.029
2 0.078 0.674 0.027 0.023
2 0.119 0.673 0.027 0.025
3 0.612 0.814 0.546 0.182
3 0.904 0.755 0.192 0.059
7 0.064 0.708 0.094 0.048
7 0.263 0.694 0.104 0.052
7 0.774 0.711 0.198 0.052
11 0.256 0.767 0.205 0.062
12 0.490 0.380 0.037 0.021
14 0.032 0.568 0.063 0.011
14 0.034 0.520 0.066 0.013
