0 0.182 0.702 0.041 0.043
0 0.213 0.701 0.038 0.039
0 0.223 0.743 0.078 0.087
0 0.505 0.805 0.170 0.084
0 0.850 0.691 0.071 0.058
0 0.945 0.801 0.109 0.224
1 0.936 0.710 0.071 0.033
1 0.843 0.677 0.040 0.020
1 0.446 0.778 0.046 0.033
1 0.185 0.690 0.023 0.015
1 0.207 0.689 0.025 0.014
1 0.250 0.710 0.018 0.019
2 0.181 0.706 0.033 0.024
2 0.210 0.704 0.030 0.021
2 0.210 0.726 0.050 0.044
2 0.525 0.796 0.125 0.046
2 0.958 0.769 0.084 0.090
2 0.848 0.699 0.053 0.030
3 0.713 0.881 0.560 0.166
7 0.150 0.745 0.084 0.045
7 0.352 0.722 0.109 0.044
7 0.853 0.752 0.152 0.078
11 0.349 0.805 0.219 0.058
12 0.619 0.207 0.243 0.176
14 0.094 0.605 0.116 0.014
14 0.108 0.555 0.080 0.013
