0 0.527 0.702 0.033 0.126
0 0.026 0.777 0.034 0.130
0 0.024 0.328 0.018 0.067
0 0.128 0.347 0.020 0.069
0 0.045 0.128 0.013 0.059
0 0.034 0.064 0.010 0.038
0 0.170 0.114 0.011 0.046
0 0.219 0.246 0.013 0.068
0 0.689 0.287 0.022 0.066
0 0.604 0.207 0.009 0.063
0 0.599 0.194 0.008 0.055
0 0.849 0.183 0.012 0.051
0 0.837 0.184 0.014 0.057
0 0.862 0.098 0.017 0.045
0 0.874 0.067 0.013 0.047
0 0.360 0.265 0.016 0.072
0 0.240 0.184 0.011 0.044
0 0.338 0.020 0.006 0.035
0 0.461 0.032 0.008 0.031
0 0.984 0.109 0.016 0.050
0 0.094 0.260 0.009 0.061
1 0.022 0.731 0.020 0.038
1 0.024 0.301 0.008 0.020
1 0.136 0.320 0.013 0.018
1 0.046 0.108 0.009 0.013
1 0.217 0.223 0.008 0.010
1 0.170 0.104 0.007 0.013
1 0.239 0.169 0.005 0.009
1 0.527 0.661 0.016 0.027
1 0.684 0.265 0.007 0.014
0 0.835 0.253 0.029 0.044
1 0.600 0.173 0.007 0.012
1 0.605 0.185 0.007 0.010
1 0.839 0.165 0.006 0.011
1 0.841 0.246 0.009 0.012
1 0.850 0.165 0.005 0.010
2 0.028 0.764 0.026 0.046
2 0.025 0.321 0.015 0.033
2 0.129 0.331 0.015 0.031
2 0.046 0.119 0.010 0.021
2 0.219 0.242 0.010 0.025
2 0.528 0.691 0.020 0.052
2 0.691 0.278 0.011 0.020
0 0.716 0.257 0.010 0.056
2 0.836 0.181 0.009 0.029
2 0.848 0.182 0.008 0.031
3 0.169 0.345 0.039 0.066
3 0.624 0.359 0.030 0.065
3 0.927 0.550 0.054 0.044
4 0.152 0.429 0.078 0.051
3 0.195 0.303 0.051 0.052
4 0.243 0.300 0.057 0.057
4 0.254 0.247 0.049 0.050
4 0.407 0.074 0.034 0.047
4 0.490 0.100 0.029 0.040
4 0.832 0.082 0.044 0.037
4 0.861 0.398 0.076 0.093
4 0.927 0.442 0.097 0.120
4 0.528 0.481 0.101 0.083
4 0.672 0.333 0.082 0.043
4 0.212 0.045 0.030 0.045
3 0.528 0.050 0.021 0.040
7 0.034 0.860 0.067 0.104
7 0.555 0.764 0.071 0.108
7 0.629 0.874 0.092 0.143
7 0.613 0.543 0.105 0.097
7 0.486 0.576 0.082 0.086
7 0.718 0.584 0.039 0.112
7 0.813 0.632 0.042 0.104
7 0.880 0.562 0.089 0.162
10 0.089 0.176 0.024 0.040
14 0.982 0.950 0.035 0.052
12 0.793 0.339 0.043 0.042
