0 0.412 0.863 0.054 0.273
0 0.487 0.861 0.078 0.183
0 0.720 0.694 0.013 0.023
4 0.327 0.895 0.123 0.172
6 0.966 0.867 0.069 0.195
7 0.946 0.693 0.109 0.073
4 0.818 0.689 0.106 0.061
12 0.415 0.071 0.078 0.129
10 0.427 0.719 0.029 0.085
14 0.050 0.147 0.099 0.131
1 0.410 0.743 0.029 0.045
1 0.463 0.790 0.024 0.039
2 0.485 0.819 0.024 0.034
10 0.621 0.698 0.019 0.051
10 0.639 0.704 0.010 0.036
14 0.097 0.489 0.131 0.141
14 0.069 0.894 0.112 0.211
13 0.251 0.428 0.176 0.092
13 0.382 0.457 0.089 0.056
