0 0.984 0.976 0.029 0.047
0 0.750 0.795 0.023 0.104
0 0.778 0.563 0.017 0.079
0 0.652 0.469 0.021 0.064
0 0.583 0.506 0.021 0.068
0 0.282 0.578 0.018 0.086
0 0.322 0.584 0.022 0.090
0 0.170 0.116 0.016 0.041
0 0.208 0.123 0.014 0.032
0 0.211 0.148 0.018 0.033
0 0.242 0.155 0.017 0.043
0 0.262 0.169 0.020 0.044
0 0.603 0.190 0.017 0.059
0 0.688 0.184 0.013 0.031
0 0.692 0.209 0.020 0.059
0 0.935 0.291 0.017 0.069
0 0.990 0.334 0.016 0.045
0 0.502 0.225 0.015 0.068
0 0.514 0.231 0.011 0.064
0 0.523 0.208 0.008 0.040
0 0.529 0.235 0.014 0.065
0 0.046 0.612 0.031 0.091
1 0.040 0.577 0.014 0.020
1 0.278 0.547 0.013 0.020
1 0.323 0.549 0.011 0.016
1 0.587 0.481 0.007 0.015
1 0.648 0.448 0.007 0.018
1 0.752 0.754 0.014 0.019
1 0.779 0.537 0.009 0.021
1 0.986 0.964 0.016 0.023
1 0.993 0.324 0.008 0.016
1 0.937 0.267 0.009 0.015
1 0.694 0.186 0.008 0.015
1 0.689 0.179 0.008 0.014
1 0.605 0.168 0.010 0.016
1 0.530 0.210 0.007 0.014
1 0.523 0.196 0.007 0.013
1 0.515 0.207 0.008 0.012
1 0.504 0.200 0.005 0.012
2 0.046 0.601 0.018 0.042
2 0.281 0.572 0.013 0.028
2 0.324 0.574 0.013 0.037
2 0.582 0.505 0.010 0.034
2 0.651 0.468 0.014 0.027
2 0.778 0.562 0.015 0.031
2 0.750 0.789 0.019 0.045
2 0.988 0.988 0.020 0.024
2 0.936 0.286 0.012 0.028
2 0.989 0.342 0.012 0.027
2 0.691 0.204 0.014 0.024
2 0.603 0.189 0.011 0.024
2 0.530 0.231 0.009 0.029
2 0.515 0.229 0.011 0.032
2 0.502 0.221 0.011 0.030
7 0.204 0.463 0.051 0.097
7 0.209 0.669 0.076 0.098
7 0.292 0.727 0.098 0.096
7 0.402 0.504 0.035 0.072
7 0.346 0.533 0.037 0.059
7 0.438 0.558 0.039 0.066
7 0.467 0.789 0.043 0.110
7 0.468 0.924 0.065 0.151
7 0.533 0.886 0.086 0.172
7 0.552 0.772 0.048 0.096
7 0.552 0.644 0.071 0.081
7 0.611 0.584 0.053 0.097
7 0.637 0.519 0.076 0.081
7 0.737 0.735 0.040 0.092
7 0.739 0.606 0.034 0.052
11 0.340 0.223 0.049 0.040
