0 0.094 0.582 0.049 0.043
0 0.187 0.610 0.076 0.086
0 0.383 0.666 0.158 0.113
0 0.333 0.652 0.051 0.032
0 0.981 0.605 0.038 0.094
1 0.988 0.568 0.023 0.013
1 0.418 0.630 0.064 0.033
1 0.329 0.652 0.035 0.024
1 0.175 0.577 0.026 0.019
1 0.096 0.569 0.032 0.011
2 0.095 0.586 0.039 0.023
2 0.182 0.604 0.054 0.040
2 0.381 0.671 0.133 0.067
2 0.985 0.598 0.031 0.041
3 0.848 0.672 0.304 0.073
3 0.540 0.751 0.549 0.151
7 0.065 0.621 0.128 0.047
7 0.252 0.599 0.093 0.039
7 0.738 0.637 0.212 0.080
11 0.207 0.679 0.196 0.059
12 0.577 0.087 0.268 0.173
