12 0.160 0.242 0.019 0.037
14 0.484 0.398 0.098 0.027
14 0.794 0.358 0.083 0.048
13 0.653 0.398 0.137 0.063
0 0.034 0.862 0.037 0.136
0 0.071 0.660 0.011 0.061
0 0.288 0.906 0.052 0.119
0 0.388 0.601 0.007 0.028
0 0.395 0.601 0.008 0.023
0 0.443 0.762 0.023 0.073
0 0.502 0.814 0.087 0.142
1 0.020 0.775 0.011 0.012
1 0.277 0.862 0.020 0.032
1 0.388 0.593 0.005 0.007
1 0.395 0.595 0.006 0.008
1 0.439 0.738 0.015 0.019
1 0.507 0.764 0.023 0.039
2 0.020 0.805 0.016 0.048
2 0.033 0.836 0.030 0.057
2 0.281 0.893 0.033 0.042
2 0.445 0.773 0.019 0.042
2 0.510 0.835 0.042 0.100
2 0.387 0.605 0.007 0.015
2 0.395 0.605 0.007 0.013
7 0.083 0.839 0.061 0.081
7 0.415 0.842 0.096 0.111
3 0.487 0.938 0.209 0.125
11 0.123 0.945 0.244 0.107
14 0.850 0.031 0.046 0.061
1 0.070 0.635 0.006 0.009
2 0.069 0.654 0.007 0.020
