0 0.080 0.726 0.022 0.113
0 0.301 0.456 0.052 0.370
0 0.266 0.828 0.074 0.244
0 0.043 0.182 0.010 0.047
0 0.056 0.192 0.010 0.061
1 0.269 0.747 0.032 0.057
1 0.078 0.683 0.011 0.014
1 0.045 0.172 0.006 0.019
1 0.055 0.169 0.008 0.011
2 0.044 0.188 0.006 0.028
2 0.055 0.194 0.009 0.039
2 0.293 0.362 0.047 0.124
2 0.264 0.853 0.067 0.132
2 0.082 0.714 0.016 0.046
3 0.170 0.815 0.105 0.085
13 0.638 0.106 0.280 0.114
13 0.377 0.180 0.221 0.093
14 0.209 0.102 0.072 0.054
14 0.264 0.153 0.102 0.035
14 0.138 0.092 0.087 0.022
14 0.897 0.056 0.168 0.109
