12 0.489 0.117 0.182 0.154
12 0.050 0.334 0.031 0.019
14 0.694 0.433 0.195 0.024
14 0.566 0.449 0.052 0.020
14 0.768 0.552 0.033 0.016
0 0.137 0.727 0.131 0.076
0 0.419 0.638 0.052 0.038
0 0.456 0.722 0.093 0.057
0 0.034 0.533 0.028 0.020
1 0.475 0.708 0.055 0.029
1 0.422 0.628 0.031 0.016
1 0.107 0.703 0.049 0.027
1 0.038 0.528 0.015 0.007
1 0.472 0.535 0.011 0.007
2 0.038 0.536 0.019 0.011
2 0.408 0.645 0.033 0.022
2 0.129 0.720 0.086 0.034
2 0.446 0.730 0.043 0.028
7 0.439 0.691 0.181 0.068
7 0.259 0.711 0.182 0.043
3 0.594 0.720 0.226 0.045
3 0.488 0.798 0.459 0.098
0 0.948 0.445 0.016 0.018
