0 0.797 0.721 0.097 0.363
0 0.828 0.269 0.093 0.369
0 0.607 0.382 0.021 0.070
0 0.010 0.556 0.020 0.222
0 0.537 0.034 0.007 0.024
0 0.550 0.038 0.011 0.064
0 0.579 0.543 0.009 0.105
2 0.804 0.670 0.065 0.150
2 0.815 0.179 0.047 0.154
2 0.006 0.529 0.011 0.074
2 0.577 0.535 0.009 0.049
2 0.605 0.390 0.018 0.031
2 0.550 0.044 0.009 0.036
1 0.004 0.456 0.007 0.031
1 0.813 0.577 0.034 0.056
1 0.536 0.025 0.006 0.011
1 0.549 0.020 0.004 0.010
1 0.611 0.363 0.008 0.011
1 0.577 0.501 0.005 0.012
3 0.663 0.632 0.083 0.081
7 0.223 0.617 0.070 0.083
7 0.155 0.714 0.310 0.131
7 0.258 0.562 0.057 0.081
13 0.754 0.047 0.155 0.093
13 0.204 0.248 0.079 0.017
