12 0.635 0.160 0.131 0.215
1 0.255 0.557 0.017 0.033
1 0.415 0.560 0.033 0.018
1 0.646 0.514 0.035 0.054
1 0.735 0.494 0.023 0.028
1 0.779 0.509 0.024 0.023
3 0.394 0.686 0.123 0.082
3 0.450 0.786 0.171 0.089
7 0.639 0.746 0.193 0.274
0 0.512 0.548 0.032 0.106
0 0.407 0.590 0.028 0.096
0 0.255 0.594 0.036 0.107
0 0.637 0.559 0.057 0.158
11 0.777 0.678 0.108 0.119
2 0.635 0.583 0.066 0.118
2 0.256 0.590 0.018 0.035
2 0.408 0.607 0.022 0.061
2 0.521 0.567 0.022 0.047
2 0.780 0.545 0.029 0.065
2 0.732 0.553 0.027 0.076
1 0.383 0.544 0.021 0.034
1 0.517 0.525 0.024 0.031
1 0.730 0.504 0.021 0.029
1 0.702 0.502 0.016 0.017
1 0.785 0.514 0.024 0.052
