0 0.339 0.778 0.076 0.214
0 0.476 0.877 0.018 0.033
0 0.544 0.718 0.034 0.069
0 0.609 0.672 0.028 0.058
0 0.597 0.728 0.020 0.094
0 0.596 0.743 0.028 0.088
0 0.714 0.736 0.023 0.088
0 0.743 0.715 0.022 0.056
0 0.746 0.787 0.041 0.108
0 0.852 0.796 0.032 0.069
0 0.909 0.827 0.064 0.156
0 0.921 0.716 0.019 0.074
0 0.979 0.733 0.014 0.046
2 0.335 0.785 0.060 0.116
2 0.545 0.737 0.034 0.028
2 0.583 0.761 0.025 0.048
2 0.597 0.741 0.022 0.053
2 0.613 0.683 0.016 0.031
2 0.713 0.748 0.013 0.044
2 0.741 0.792 0.019 0.067
2 0.744 0.725 0.011 0.021
2 0.853 0.813 0.027 0.056
2 0.903 0.788 0.033 0.042
2 0.919 0.725 0.016 0.038
1 0.979 0.729 0.013 0.027
1 0.921 0.693 0.013 0.027
1 0.932 0.751 0.014 0.022
1 0.859 0.769 0.018 0.017
1 0.743 0.744 0.013 0.019
1 0.738 0.698 0.008 0.015
1 0.713 0.713 0.010 0.018
1 0.601 0.656 0.009 0.023
1 0.593 0.689 0.011 0.016
1 0.608 0.714 0.011 0.025
1 0.553 0.703 0.015 0.021
1 0.324 0.700 0.034 0.033
1 0.472 0.869 0.008 0.013
3 0.611 0.866 0.091 0.169
3 0.747 0.925 0.139 0.088
3 0.745 0.860 0.173 0.069
4 0.295 0.930 0.264 0.140
10 0.540 0.793 0.044 0.083
12 0.522 0.336 0.015 0.065
