0 0.191 0.175 0.013 0.068
0 0.209 0.171 0.021 0.051
0 0.272 0.156 0.015 0.062
0 0.288 0.726 0.023 0.129
0 0.393 0.588 0.019 0.109
0 0.352 0.318 0.018 0.073
0 0.706 0.763 0.030 0.102
0 0.552 0.381 0.014 0.095
0 0.805 0.441 0.024 0.094
0 0.936 0.243 0.020 0.101
1 0.273 0.134 0.010 0.011
1 0.287 0.674 0.018 0.019
1 0.391 0.547 0.010 0.019
1 0.550 0.346 0.010 0.017
1 0.808 0.399 0.008 0.013
1 0.714 0.725 0.008 0.023
1 0.937 0.212 0.012 0.019
1 0.351 0.289 0.011 0.013
2 0.210 0.162 0.013 0.023
2 0.272 0.156 0.012 0.028
2 0.352 0.308 0.011 0.031
2 0.286 0.714 0.015 0.057
2 0.392 0.577 0.014 0.039
2 0.701 0.731 0.018 0.043
2 0.807 0.420 0.012 0.035
3 0.070 0.692 0.081 0.058
3 0.575 0.741 0.049 0.145
3 0.823 0.879 0.108 0.079
4 0.962 0.927 0.077 0.100
7 0.181 0.631 0.047 0.066
7 0.215 0.601 0.043 0.072
7 0.260 0.647 0.051 0.071
7 0.074 0.744 0.121 0.068
7 0.365 0.496 0.091 0.048
7 0.266 0.468 0.070 0.082
7 0.447 0.531 0.051 0.098
7 0.480 0.734 0.094 0.100
7 0.562 0.673 0.055 0.128
7 0.622 0.847 0.133 0.084
7 0.700 0.556 0.089 0.088
7 0.755 0.587 0.074 0.085
7 0.813 0.609 0.073 0.106
7 0.594 0.545 0.048 0.071
6 0.548 0.584 0.039 0.069
9 0.179 0.681 0.074 0.065
9 0.192 0.731 0.073 0.082
9 0.334 0.763 0.078 0.083
9 0.396 0.797 0.083 0.084
