0 0.146 0.139 0.026 0.056
0 0.446 0.455 0.025 0.095
0 0.575 0.514 0.024 0.141
0 0.608 0.489 0.029 0.083
0 0.612 0.595 0.027 0.098
0 0.656 0.641 0.030 0.094
0 0.833 0.635 0.037 0.165
0 0.623 0.336 0.021 0.096
0 0.880 0.819 0.043 0.117
4 0.947 0.830 0.079 0.147
4 0.487 0.360 0.056 0.081
4 0.932 0.631 0.107 0.111
1 0.613 0.562 0.018 0.032
1 0.661 0.612 0.012 0.019
1 0.637 0.644 0.019 0.037
1 0.832 0.579 0.018 0.035
1 0.580 0.466 0.021 0.028
1 0.602 0.465 0.011 0.023
1 0.441 0.423 0.009 0.018
1 0.536 0.331 0.014 0.027
1 0.626 0.305 0.012 0.021
1 0.315 0.355 0.007 0.013
1 0.138 0.124 0.008 0.012
1 0.885 0.783 0.022 0.042
0 0.536 0.334 0.020 0.040
0 0.314 0.367 0.023 0.052
2 0.149 0.133 0.015 0.024
2 0.315 0.375 0.016 0.025
2 0.447 0.446 0.014 0.031
2 0.573 0.507 0.019 0.054
2 0.613 0.606 0.020 0.056
2 0.658 0.650 0.017 0.045
2 0.623 0.337 0.015 0.040
2 0.831 0.618 0.028 0.055
10 0.537 0.264 0.027 0.037
