0 0.032 0.592 0.017 0.106
0 0.064 0.598 0.021 0.115
0 0.124 0.556 0.023 0.143
0 0.155 0.531 0.020 0.112
0 0.179 0.556 0.026 0.141
0 0.199 0.553 0.015 0.079
0 0.192 0.689 0.032 0.131
0 0.356 0.502 0.018 0.067
0 0.536 0.414 0.019 0.073
0 0.860 0.420 0.030 0.096
0 0.889 0.557 0.039 0.114
0 0.833 0.449 0.017 0.078
1 0.177 0.498 0.015 0.025
1 0.188 0.635 0.014 0.029
1 0.881 0.513 0.014 0.017
1 0.534 0.384 0.015 0.016
1 0.858 0.381 0.014 0.018
1 0.835 0.415 0.009 0.013
5 0.932 0.661 0.119 0.083
7 0.025 0.711 0.046 0.073
7 0.026 0.826 0.040 0.129
7 0.130 0.678 0.044 0.072
2 0.192 0.678 0.027 0.058
2 0.178 0.536 0.021 0.047
2 0.125 0.543 0.017 0.060
