5 0.506 0.398 0.384 0.062
5 0.547 0.493 0.156 0.092
0 0.115 0.260 0.035 0.185
0 0.375 0.254 0.032 0.068
0 0.480 0.231 0.019 0.090
0 0.548 0.237 0.011 0.071
0 0.607 0.248 0.022 0.069
0 0.639 0.326 0.048 0.282
2 0.113 0.241 0.025 0.072
2 0.376 0.249 0.016 0.031
2 0.639 0.276 0.039 0.083
2 0.606 0.242 0.011 0.025
2 0.550 0.231 0.010 0.029
2 0.478 0.227 0.013 0.026
1 0.657 0.200 0.021 0.036
1 0.604 0.219 0.007 0.013
1 0.550 0.213 0.008 0.012
1 0.482 0.205 0.008 0.012
1 0.387 0.238 0.008 0.017
1 0.105 0.185 0.017 0.024
10 0.390 0.318 0.018 0.037
10 0.524 0.213 0.024 0.065
11 0.154 0.589 0.276 0.310
5 0.774 0.572 0.221 0.155
