0 0.022 0.467 0.019 0.082
0 0.060 0.469 0.022 0.071
0 0.192 0.351 0.016 0.069
0 0.255 0.738 0.027 0.123
0 0.290 0.384 0.015 0.064
0 0.228 0.264 0.012 0.060
0 0.780 0.720 0.032 0.119
0 0.859 0.341 0.023 0.060
0 0.889 0.320 0.022 0.052
0 0.765 0.264 0.010 0.061
0 0.761 0.254 0.006 0.054
0 0.518 0.318 0.010 0.064
0 0.376 0.299 0.009 0.058
0 0.337 0.167 0.013 0.029
0 0.225 0.182 0.011 0.046
0 0.216 0.116 0.007 0.031
0 0.135 0.297 0.014 0.053
0 0.079 0.142 0.006 0.044
0 0.397 0.240 0.011 0.026
1 0.023 0.439 0.015 0.026
1 0.055 0.444 0.010 0.022
1 0.192 0.330 0.007 0.017
1 0.228 0.243 0.008 0.014
1 0.225 0.164 0.007 0.012
1 0.377 0.278 0.007 0.013
1 0.394 0.233 0.006 0.013
1 0.517 0.294 0.006 0.015
1 0.766 0.238 0.006 0.014
1 0.856 0.324 0.010 0.017
1 0.895 0.303 0.005 0.014
1 0.780 0.675 0.015 0.021
1 0.252 0.698 0.014 0.030
0 0.496 0.074 0.007 0.031
2 0.063 0.462 0.014 0.033
2 0.018 0.460 0.011 0.032
2 0.193 0.346 0.010 0.030
2 0.290 0.375 0.013 0.025
2 0.779 0.708 0.021 0.058
2 0.862 0.339 0.014 0.024
3 0.331 0.390 0.037 0.063
3 0.783 0.421 0.032 0.070
4 0.315 0.465 0.071 0.038
3 0.357 0.350 0.047 0.056
4 0.401 0.349 0.051 0.045
4 0.410 0.296 0.048 0.039
4 0.564 0.132 0.033 0.042
4 0.645 0.154 0.034 0.038
4 0.837 0.396 0.091 0.050
4 0.677 0.541 0.103 0.081
4 0.375 0.103 0.028 0.045
0 0.685 0.104 0.023 0.041
7 0.087 0.784 0.132 0.095
7 0.632 0.640 0.095 0.086
7 0.773 0.607 0.118 0.094
7 0.884 0.667 0.048 0.113
7 0.704 0.838 0.066 0.112
7 0.777 0.945 0.090 0.106
7 0.186 0.867 0.067 0.062
10 0.093 0.425 0.031 0.080
10 0.257 0.218 0.015 0.036
12 0.406 0.041 0.018 0.033
12 0.972 0.408 0.048 0.036
