0 0.241 0.338 0.022 0.068
0 0.276 0.333 0.020 0.075
0 0.307 0.339 0.018 0.060
0 0.321 0.893 0.026 0.123
0 0.455 0.761 0.026 0.111
0 0.732 0.588 0.016 0.081
0 0.885 0.945 0.038 0.089
0 0.985 0.440 0.018 0.080
1 0.985 0.406 0.009 0.015
1 0.734 0.559 0.009 0.023
1 0.895 0.925 0.011 0.028
1 0.453 0.724 0.013 0.019
1 0.318 0.847 0.013 0.020
1 0.243 0.314 0.009 0.012
1 0.270 0.311 0.010 0.021
1 0.306 0.320 0.008 0.017
2 0.237 0.328 0.014 0.026
2 0.278 0.325 0.011 0.031
2 0.307 0.344 0.013 0.030
2 0.319 0.877 0.017 0.051
2 0.457 0.756 0.015 0.044
2 0.731 0.585 0.014 0.036
2 0.879 0.931 0.025 0.054
2 0.986 0.430 0.016 0.032
7 0.131 0.906 0.127 0.073
7 0.530 0.920 0.098 0.098
7 0.606 0.861 0.035 0.117
7 0.321 0.638 0.074 0.066
7 0.398 0.679 0.052 0.072
7 0.266 0.771 0.041 0.083
7 0.234 0.799 0.045 0.070
7 0.305 0.819 0.029 0.061
7 0.499 0.709 0.050 0.095
7 0.613 0.646 0.047 0.081
7 0.674 0.769 0.032 0.093
7 0.756 0.743 0.094 0.099
7 0.871 0.778 0.069 0.058
7 0.809 0.781 0.086 0.100
9 0.231 0.846 0.072 0.060
9 0.245 0.900 0.076 0.082
9 0.386 0.941 0.080 0.085
9 0.445 0.965 0.070 0.069
