0 0.370 0.713 0.029 0.078
0 0.400 0.716 0.024 0.069
0 0.426 0.704 0.021 0.082
0 0.440 0.702 0.017 0.076
0 0.512 0.753 0.051 0.182
0 0.585 0.790 0.051 0.233
1 0.590 0.687 0.022 0.025
1 0.507 0.679 0.018 0.027
1 0.441 0.672 0.010 0.018
1 0.429 0.677 0.013 0.025
1 0.403 0.694 0.015 0.023
1 0.374 0.690 0.018 0.023
2 0.369 0.731 0.026 0.035
2 0.399 0.729 0.022 0.034
2 0.424 0.717 0.016 0.053
2 0.438 0.706 0.010 0.041
2 0.507 0.727 0.024 0.059
2 0.586 0.756 0.036 0.102
7 0.426 0.823 0.171 0.200
12 0.567 0.259 0.041 0.108
14 0.641 0.512 0.036 0.017
