0 0.030 0.246 0.024 0.114
0 0.098 0.178 0.025 0.102
0 0.451 0.320 0.024 0.123
0 0.664 0.716 0.028 0.164
0 0.857 0.606 0.059 0.124
1 0.448 0.269 0.011 0.014
1 0.665 0.651 0.014 0.022
1 0.882 0.573 0.015 0.022
1 0.030 0.200 0.009 0.010
2 0.451 0.311 0.019 0.051
2 0.099 0.178 0.019 0.050
4 0.683 0.612 0.078 0.135
4 0.354 0.619 0.078 0.205
3 0.596 0.642 0.078 0.117
7 0.105 0.273 0.120 0.097
7 0.073 0.528 0.126 0.124
7 0.112 0.400 0.099 0.103
7 0.057 0.855 0.090 0.168
7 0.221 0.895 0.084 0.209
7 0.170 0.718 0.065 0.138
7 0.134 0.972 0.072 0.056
7 0.715 0.546 0.098 0.125
7 0.375 0.507 0.019 0.123
7 0.377 0.334 0.047 0.056
7 0.310 0.312 0.034 0.075
