0 0.469 0.914 0.054 0.170
0 0.618 0.863 0.017 0.025
0 0.732 0.848 0.006 0.018
0 0.915 0.896 0.041 0.207
0 0.947 0.848 0.010 0.097
0 0.854 0.837 0.014 0.029
0 0.810 0.840 0.013 0.019
2 0.467 0.943 0.034 0.107
2 0.918 0.869 0.029 0.065
2 0.948 0.842 0.008 0.033
2 0.854 0.840 0.009 0.026
2 0.810 0.843 0.010 0.012
1 0.462 0.853 0.027 0.038
1 0.616 0.863 0.015 0.019
1 0.732 0.844 0.004 0.007
1 0.810 0.836 0.005 0.007
1 0.851 0.826 0.005 0.008
1 0.910 0.815 0.018 0.016
1 0.946 0.815 0.009 0.012
1 0.974 0.823 0.009 0.013
2 0.975 0.848 0.010 0.031
0 0.976 0.858 0.020 0.090
12 0.498 0.216 0.031 0.106
13 0.967 0.857 0.066 0.105
14 0.135 0.826 0.153 0.077
14 0.244 0.838 0.036 0.044
14 0.581 0.749 0.148 0.037
14 0.692 0.736 0.071 0.042
14 0.697 0.785 0.042 0.016
14 0.401 0.806 0.044 0.046
