12 0.506 0.614 0.018 0.034
12 0.541 0.153 0.030 0.108
0 0.389 0.863 0.026 0.064
0 0.433 0.862 0.027 0.061
0 0.427 0.854 0.024 0.073
0 0.494 0.861 0.036 0.078
0 0.540 0.861 0.021 0.072
0 0.562 0.912 0.035 0.176
0 0.649 0.782 0.015 0.081
1 0.390 0.844 0.016 0.020
1 0.435 0.840 0.015 0.019
1 0.431 0.826 0.015 0.016
1 0.493 0.833 0.014 0.021
1 0.543 0.836 0.013 0.022
1 0.555 0.835 0.013 0.019
7 0.419 0.948 0.153 0.105
7 0.518 0.946 0.039 0.107
2 0.559 0.897 0.029 0.076
2 0.489 0.875 0.022 0.056
2 0.431 0.877 0.030 0.030
2 0.385 0.881 0.022 0.037
