0 0.076 0.681 0.041 0.080
0 0.341 0.572 0.032 0.139
0 0.235 0.182 0.020 0.059
0 0.274 0.196 0.028 0.065
0 0.656 0.319 0.021 0.129
0 0.738 0.620 0.033 0.144
0 0.529 0.057 0.022 0.092
0 0.940 0.361 0.036 0.123
1 0.090 0.657 0.016 0.034
1 0.333 0.525 0.013 0.042
1 0.266 0.172 0.013 0.028
1 0.655 0.272 0.014 0.030
1 0.739 0.570 0.013 0.028
1 0.938 0.310 0.013 0.022
2 0.072 0.670 0.029 0.057
2 0.345 0.564 0.024 0.064
2 0.279 0.196 0.023 0.037
2 0.740 0.612 0.024 0.062
2 0.655 0.298 0.018 0.041
2 0.528 0.045 0.016 0.045
3 0.391 0.893 0.078 0.209
7 0.299 0.792 0.119 0.160
7 0.488 0.739 0.119 0.202
7 0.248 0.450 0.060 0.104
7 0.230 0.392 0.091 0.086
7 0.032 0.471 0.063 0.132
7 0.310 0.249 0.097 0.075
7 0.408 0.344 0.094 0.083
7 0.470 0.429 0.082 0.131
7 0.792 0.594 0.116 0.160
7 0.846 0.681 0.129 0.121
7 0.918 0.747 0.114 0.138
9 0.076 0.770 0.113 0.132
9 0.124 0.866 0.091 0.182
