0 0.191 0.577 0.025 0.023
0 0.231 0.581 0.024 0.025
0 0.088 0.685 0.067 0.089
0 0.092 0.644 0.030 0.027
0 0.284 0.750 0.157 0.086
0 0.326 0.837 0.264 0.133
0 0.655 0.656 0.048 0.052
1 0.655 0.641 0.037 0.015
1 0.415 0.795 0.062 0.045
1 0.233 0.727 0.034 0.034
1 0.095 0.637 0.018 0.012
1 0.101 0.651 0.031 0.022
1 0.192 0.571 0.013 0.007
1 0.232 0.573 0.015 0.007
2 0.192 0.580 0.016 0.011
2 0.231 0.582 0.015 0.013
2 0.080 0.677 0.047 0.042
2 0.306 0.742 0.090 0.049
2 0.306 0.799 0.194 0.041
2 0.656 0.663 0.044 0.026
3 0.771 0.742 0.331 0.068
3 0.562 0.821 0.344 0.130
7 0.653 0.707 0.195 0.065
7 0.150 0.674 0.099 0.038
11 0.107 0.755 0.198 0.054
12 0.409 0.179 0.256 0.164
