0 0.795 0.750 0.023 0.107
0 0.162 0.339 0.017 0.061
0 0.221 0.369 0.021 0.070
0 0.454 0.368 0.015 0.060
0 0.551 0.278 0.017 0.046
0 0.583 0.298 0.015 0.034
0 0.627 0.274 0.013 0.044
0 0.564 0.153 0.008 0.038
0 0.576 0.153 0.009 0.043
0 0.717 0.277 0.010 0.033
0 0.827 0.235 0.017 0.028
0 0.919 0.197 0.015 0.049
0 0.954 0.181 0.014 0.059
0 0.977 0.212 0.019 0.045
1 0.796 0.706 0.010 0.016
1 0.801 0.689 0.010 0.015
1 0.216 0.343 0.009 0.009
1 0.453 0.348 0.008 0.009
1 0.628 0.258 0.005 0.009
2 0.162 0.327 0.012 0.027
2 0.221 0.359 0.016 0.025
2 0.454 0.369 0.011 0.028
2 0.552 0.270 0.008 0.023
2 0.718 0.275 0.009 0.017
2 0.828 0.236 0.009 0.019
7 0.703 0.625 0.035 0.102
7 0.970 0.655 0.031 0.084
7 0.869 0.916 0.033 0.100
11 0.782 0.314 0.057 0.048
