12 0.386 0.186 0.067 0.124
5 0.760 0.965 0.196 0.066
5 0.511 0.910 0.236 0.131
5 0.463 0.849 0.113 0.158
5 0.536 0.758 0.054 0.041
0 0.010 0.415 0.020 0.120
0 0.062 0.405 0.065 0.100
0 0.356 0.579 0.021 0.090
0 0.376 0.794 0.056 0.115
0 0.519 0.662 0.024 0.121
0 0.548 0.540 0.031 0.060
0 0.509 0.531 0.022 0.060
0 0.523 0.476 0.029 0.069
0 0.573 0.492 0.014 0.073
0 0.551 0.463 0.013 0.032
0 0.479 0.526 0.015 0.080
0 0.355 0.493 0.022 0.058
0 0.360 0.440 0.014 0.049
0 0.453 0.506 0.019 0.046
0 0.466 0.422 0.017 0.056
0 0.693 0.502 0.015 0.024
0 0.815 0.388 0.018 0.074
1 0.008 0.371 0.015 0.020
1 0.056 0.369 0.023 0.029
1 0.350 0.544 0.009 0.015
1 0.353 0.470 0.008 0.011
1 0.478 0.493 0.009 0.012
1 0.504 0.507 0.010 0.015
1 0.541 0.521 0.013 0.021
1 0.572 0.462 0.007 0.008
1 0.517 0.615 0.010 0.019
1 0.390 0.750 0.006 0.016
11 0.706 0.633 0.111 0.112
7 0.432 0.740 0.070 0.066
7 0.378 0.649 0.069 0.070
7 0.481 0.615 0.048 0.117
2 0.009 0.425 0.013 0.066
2 0.051 0.425 0.038 0.056
2 0.354 0.573 0.014 0.043
2 0.352 0.490 0.013 0.022
2 0.371 0.753 0.020 0.029
2 0.519 0.651 0.016 0.048
2 0.553 0.545 0.013 0.044
2 0.572 0.484 0.010 0.032
2 0.692 0.504 0.011 0.016
2 0.480 0.518 0.009 0.031
2 0.814 0.381 0.011 0.031
