0 0.803 0.834 0.020 0.118
0 0.974 0.279 0.016 0.049
0 0.870 0.342 0.013 0.061
0 0.716 0.343 0.014 0.042
0 0.749 0.233 0.007 0.035
0 0.823 0.306 0.016 0.033
0 0.914 0.273 0.012 0.040
0 0.949 0.251 0.011 0.055
0 0.623 0.339 0.016 0.033
0 0.580 0.367 0.016 0.036
0 0.546 0.343 0.015 0.044
0 0.559 0.225 0.008 0.045
0 0.568 0.221 0.007 0.040
0 0.454 0.437 0.020 0.050
0 0.204 0.449 0.026 0.074
0 0.158 0.396 0.019 0.061
0 0.140 0.277 0.013 0.038
1 0.803 0.781 0.011 0.017
1 0.811 0.764 0.009 0.016
1 0.715 0.328 0.007 0.010
1 0.452 0.417 0.008 0.010
1 0.198 0.421 0.009 0.012
1 0.156 0.375 0.006 0.009
2 0.801 0.809 0.017 0.042
2 0.157 0.390 0.010 0.026
2 0.202 0.436 0.015 0.024
2 0.452 0.438 0.011 0.030
2 0.546 0.339 0.009 0.020
2 0.716 0.344 0.008 0.015
2 0.578 0.361 0.009 0.017
2 0.869 0.338 0.008 0.019
2 0.824 0.305 0.007 0.019
2 0.915 0.265 0.008 0.016
2 0.948 0.245 0.008 0.022
7 0.708 0.700 0.042 0.112
7 0.977 0.723 0.033 0.087
