0 0.105 0.572 0.062 0.168
0 0.201 0.517 0.057 0.217
0 0.876 0.609 0.077 0.305
0 0.979 0.352 0.015 0.043
1 0.101 0.517 0.028 0.053
1 0.188 0.423 0.022 0.033
0 0.962 0.354 0.012 0.039
1 0.963 0.340 0.007 0.013
1 0.977 0.337 0.008 0.010
2 0.107 0.542 0.039 0.049
2 0.198 0.493 0.031 0.090
2 0.874 0.530 0.067 0.122
2 0.961 0.357 0.011 0.026
2 0.979 0.355 0.011 0.022
14 0.943 0.091 0.024 0.043
13 0.190 0.231 0.086 0.030
13 0.829 0.244 0.069 0.013
13 0.761 0.249 0.045 0.010
10 0.802 0.620 0.157 0.516
10 0.623 0.581 0.122 0.294
10 0.912 0.381 0.035 0.102
