0 0.515 0.967 0.154 0.067
0 0.468 0.709 0.067 0.057
0 0.460 0.612 0.052 0.042
0 0.543 0.561 0.179 0.085
0 0.473 0.478 0.064 0.045
0 0.506 0.285 0.125 0.076
1 0.452 0.965 0.019 0.057
1 0.446 0.613 0.015 0.031
1 0.465 0.581 0.023 0.026
1 0.450 0.479 0.017 0.034
1 0.450 0.305 0.013 0.033
7 0.689 0.864 0.274 0.271
7 0.906 0.500 0.173 0.997
7 0.639 0.153 0.097 0.173
7 0.536 0.717 0.093 0.199
2 0.512 0.975 0.074 0.049
2 0.517 0.559 0.067 0.075
2 0.479 0.706 0.039 0.050
2 0.471 0.614 0.026 0.040
2 0.488 0.285 0.057 0.043
