0 0.299 0.880 0.046 0.180
0 0.526 0.875 0.046 0.178
0 0.535 0.764 0.024 0.110
0 0.443 0.604 0.020 0.079
0 0.607 0.632 0.026 0.112
0 0.587 0.598 0.017 0.071
0 0.706 0.610 0.016 0.075
0 0.739 0.612 0.021 0.071
0 0.977 0.544 0.021 0.085
0 0.950 0.535 0.021 0.068
2 0.295 0.854 0.032 0.071
2 0.443 0.591 0.020 0.029
2 0.527 0.858 0.031 0.078
2 0.533 0.757 0.016 0.054
2 0.607 0.613 0.021 0.058
2 0.948 0.537 0.016 0.040
2 0.981 0.526 0.015 0.044
12 0.395 0.197 0.094 0.119
1 0.527 0.805 0.019 0.025
1 0.296 0.800 0.021 0.034
1 0.588 0.569 0.020 0.035
1 0.607 0.582 0.011 0.019
1 0.562 0.631 0.014 0.033
11 0.799 0.802 0.133 0.162
1 0.030 0.452 0.022 0.022
2 0.030 0.490 0.023 0.041
2 0.701 0.604 0.009 0.021
2 0.742 0.606 0.016 0.026
2 0.764 0.625 0.015 0.033
