0 0.645 0.816 0.138 0.059
0 0.505 0.714 0.044 0.033
0 0.364 0.719 0.053 0.036
0 0.388 0.764 0.098 0.074
1 0.600 0.803 0.039 0.028
1 0.506 0.705 0.026 0.013
1 0.366 0.707 0.027 0.011
1 0.421 0.740 0.026 0.020
2 0.668 0.815 0.081 0.038
2 0.505 0.720 0.038 0.017
2 0.360 0.724 0.045 0.024
2 0.379 0.744 0.058 0.034
3 0.759 0.903 0.482 0.168
7 0.131 0.756 0.119 0.056
7 0.310 0.759 0.085 0.049
7 0.509 0.746 0.110 0.043
7 0.971 0.785 0.058 0.065
11 0.132 0.875 0.263 0.140
11 0.488 0.832 0.219 0.061
12 0.748 0.433 0.029 0.020
14 0.291 0.570 0.077 0.015
14 0.272 0.619 0.105 0.015
