10 0.696 0.329 0.042 0.134
0 0.864 0.478 0.134 0.671
0 0.968 0.527 0.063 0.627
0 0.499 0.256 0.008 0.054
0 0.489 0.279 0.009 0.026
0 0.960 0.262 0.030 0.048
1 0.870 0.182 0.051 0.072
1 0.960 0.250 0.012 0.020
1 0.995 0.246 0.009 0.019
1 0.489 0.273 0.007 0.012
1 0.500 0.233 0.004 0.008
1 0.634 0.274 0.008 0.012
2 0.857 0.387 0.093 0.245
2 0.983 0.409 0.034 0.231
2 0.959 0.271 0.018 0.024
2 0.995 0.271 0.011 0.024
2 0.489 0.286 0.008 0.011
2 0.499 0.249 0.007 0.022
3 0.494 0.331 0.086 0.083
5 0.365 0.746 0.730 0.343
5 0.279 0.866 0.511 0.268
