0 0.145 0.659 0.035 0.101
0 0.259 0.617 0.037 0.088
0 0.441 0.624 0.086 0.168
0 0.478 0.588 0.026 0.081
0 0.517 0.612 0.020 0.130
2 0.432 0.640 0.049 0.084
2 0.144 0.674 0.026 0.075
2 0.259 0.623 0.016 0.043
2 0.514 0.600 0.018 0.058
12 0.408 0.230 0.132 0.214
1 0.429 0.557 0.026 0.042
1 0.475 0.560 0.021 0.040
1 0.523 0.566 0.024 0.034
1 0.255 0.586 0.019 0.031
1 0.142 0.616 0.020 0.034
1 0.116 0.607 0.011 0.023
3 0.211 0.874 0.175 0.131
3 0.139 0.765 0.151 0.099
7 0.416 0.794 0.197 0.258
0 0.111 0.662 0.031 0.127
11 0.536 0.719 0.103 0.105
