0 0.386 0.844 0.071 0.306
0 0.435 0.873 0.040 0.244
0 0.607 0.717 0.010 0.038
1 0.388 0.707 0.039 0.043
1 0.432 0.778 0.035 0.054
1 0.609 0.704 0.005 0.008
2 0.388 0.850 0.053 0.179
2 0.431 0.866 0.034 0.114
2 0.608 0.713 0.007 0.015
4 0.266 0.548 0.167 0.179
4 0.675 0.695 0.106 0.050
4 0.696 0.722 0.052 0.043
4 0.702 0.769 0.040 0.068
7 0.791 0.696 0.120 0.072
7 0.838 0.767 0.200 0.071
6 0.877 0.858 0.246 0.211
4 0.571 0.720 0.052 0.034
10 0.296 0.754 0.040 0.149
10 0.488 0.716 0.017 0.089
10 0.505 0.717 0.010 0.059
14 0.049 0.543 0.097 0.156
14 0.049 0.844 0.097 0.311
14 0.032 0.269 0.062 0.098
14 0.142 0.364 0.082 0.097
14 0.029 0.202 0.052 0.082
13 0.092 0.437 0.178 0.124
13 0.293 0.484 0.217 0.086
