0 0.289 0.639 0.021 0.081
0 0.903 0.212 0.020 0.049
0 0.345 0.271 0.009 0.053
0 0.357 0.267 0.010 0.046
2 0.294 0.626 0.011 0.024
3 0.281 0.701 0.045 0.075
3 0.476 0.719 0.127 0.163
4 0.323 0.822 0.169 0.247
5 0.639 0.901 0.459 0.199
7 0.361 0.400 0.045 0.083
7 0.389 0.371 0.024 0.094
7 0.415 0.359 0.035 0.057
7 0.466 0.378 0.036 0.044
7 0.318 0.292 0.045 0.044
7 0.300 0.345 0.025 0.040
7 0.162 0.285 0.030 0.047
7 0.168 0.332 0.037 0.058
7 0.160 0.245 0.026 0.029
13 0.232 0.549 0.094 0.062
13 0.300 0.517 0.077 0.082
13 0.362 0.480 0.055 0.060
13 0.417 0.454 0.056 0.058
13 0.474 0.431 0.058 0.072
13 0.529 0.392 0.051 0.094
