5 0.514 0.470 0.387 0.065
5 0.532 0.560 0.147 0.090
0 0.186 0.325 0.035 0.175
0 0.396 0.303 0.021 0.105
0 0.516 0.301 0.026 0.075
0 0.588 0.309 0.015 0.054
0 0.639 0.316 0.017 0.056
0 0.649 0.455 0.077 0.154
2 0.184 0.294 0.034 0.081
2 0.653 0.405 0.051 0.057
2 0.640 0.314 0.009 0.022
2 0.586 0.305 0.006 0.031
2 0.515 0.296 0.009 0.028
2 0.396 0.297 0.016 0.037
1 0.171 0.240 0.013 0.012
1 0.397 0.269 0.010 0.013
1 0.690 0.390 0.014 0.037
1 0.516 0.275 0.007 0.006
1 0.588 0.285 0.005 0.008
1 0.641 0.297 0.005 0.009
10 0.405 0.392 0.017 0.034
10 0.548 0.284 0.019 0.051
11 0.150 0.610 0.255 0.207
13 0.931 0.089 0.138 0.042
13 0.777 0.055 0.122 0.051
5 0.743 0.669 0.160 0.127
