5 0.287 0.436 0.397 0.167
5 0.556 0.546 0.528 0.121
0 0.123 0.301 0.024 0.106
0 0.217 0.258 0.025 0.085
0 0.363 0.255 0.022 0.066
0 0.459 0.320 0.049 0.306
0 0.865 0.193 0.029 0.125
2 0.456 0.275 0.041 0.095
2 0.865 0.173 0.016 0.048
2 0.363 0.250 0.012 0.023
2 0.218 0.256 0.012 0.031
2 0.123 0.287 0.011 0.046
1 0.470 0.188 0.027 0.025
1 0.875 0.140 0.011 0.019
1 0.362 0.234 0.007 0.013
1 0.221 0.233 0.007 0.010
1 0.126 0.255 0.010 0.010
10 0.147 0.375 0.022 0.043
10 0.285 0.225 0.020 0.045
11 0.074 0.694 0.147 0.372
