0 0.321 0.821 0.062 0.327
0 0.498 0.824 0.075 0.244
4 0.406 0.875 0.098 0.184
4 0.592 0.900 0.098 0.192
4 0.860 0.650 0.115 0.055
7 0.959 0.683 0.074 0.158
12 0.415 0.319 0.096 0.137
10 0.449 0.702 0.029 0.088
14 0.064 0.173 0.127 0.158
14 0.187 0.262 0.099 0.130
14 0.044 0.055 0.087 0.097
14 0.064 0.463 0.127 0.174
14 0.045 0.872 0.090 0.241
1 0.324 0.686 0.036 0.056
1 0.495 0.719 0.022 0.037
2 0.313 0.755 0.036 0.073
10 0.650 0.672 0.015 0.049
10 0.671 0.673 0.010 0.035
1 0.732 0.657 0.004 0.010
13 0.205 0.399 0.135 0.089
13 0.342 0.429 0.141 0.068
