0 0.033 0.345 0.026 0.075
0 0.106 0.307 0.023 0.127
0 0.127 0.335 0.028 0.067
0 0.076 0.170 0.030 0.058
0 0.199 0.145 0.019 0.056
0 0.230 0.175 0.022 0.093
0 0.282 0.132 0.021 0.076
0 0.428 0.080 0.015 0.054
0 0.587 0.304 0.022 0.091
0 0.626 0.232 0.021 0.086
0 0.648 0.272 0.020 0.072
0 0.696 0.150 0.016 0.082
0 0.718 0.276 0.021 0.094
0 0.826 0.227 0.026 0.041
0 0.814 0.391 0.019 0.118
0 0.831 0.415 0.018 0.122
0 0.864 0.421 0.027 0.132
0 0.927 0.442 0.026 0.103
1 0.848 0.358 0.077 0.064
2 0.029 0.334 0.019 0.037
2 0.109 0.285 0.020 0.048
2 0.814 0.373 0.014 0.043
2 0.829 0.401 0.015 0.035
2 0.862 0.405 0.020 0.044
10 0.481 0.440 0.021 0.045
10 0.370 0.162 0.017 0.039
11 0.557 0.457 0.110 0.092
