12 0.482 0.077 0.240 0.151
14 0.111 0.401 0.191 0.017
14 0.048 0.449 0.091 0.022
0 0.123 0.544 0.026 0.034
0 0.139 0.542 0.034 0.029
0 0.188 0.561 0.045 0.073
0 0.145 0.585 0.083 0.074
0 0.371 0.647 0.092 0.065
0 0.455 0.618 0.101 0.119
1 0.475 0.572 0.058 0.024
1 0.347 0.629 0.044 0.027
1 0.035 0.480 0.013 0.006
1 0.125 0.533 0.020 0.011
1 0.141 0.532 0.019 0.008
1 0.184 0.530 0.018 0.010
1 0.176 0.557 0.021 0.015
1 0.229 0.476 0.012 0.007
2 0.139 0.548 0.030 0.019
2 0.131 0.568 0.053 0.026
2 0.189 0.551 0.035 0.029
2 0.394 0.629 0.047 0.013
2 0.448 0.626 0.087 0.078
7 0.079 0.582 0.086 0.043
7 0.279 0.568 0.094 0.040
7 0.594 0.627 0.225 0.036
7 0.778 0.606 0.193 0.069
3 0.871 0.642 0.258 0.045
3 0.573 0.718 0.508 0.128
11 0.251 0.643 0.225 0.045
