0 0.059 0.837 0.041 0.120
0 0.479 0.977 0.028 0.046
0 0.530 0.938 0.040 0.080
0 0.566 0.385 0.023 0.093
0 0.473 0.405 0.026 0.089
1 0.048 0.793 0.015 0.024
1 0.484 0.970 0.016 0.029
1 0.540 0.909 0.009 0.020
1 0.562 0.350 0.010 0.015
1 0.473 0.367 0.010 0.016
2 0.563 0.375 0.015 0.034
2 0.472 0.392 0.015 0.032
2 0.524 0.929 0.023 0.048
2 0.481 0.993 0.020 0.015
2 0.063 0.810 0.020 0.046
7 0.207 0.411 0.094 0.104
7 0.307 0.715 0.089 0.166
7 0.235 0.721 0.067 0.168
7 0.398 0.731 0.124 0.128
7 0.428 0.641 0.062 0.119
7 0.406 0.447 0.035 0.056
7 0.665 0.606 0.083 0.128
7 0.665 0.492 0.043 0.078
7 0.683 0.427 0.042 0.078
7 0.602 0.419 0.037 0.067
7 0.566 0.308 0.070 0.084
9 0.382 0.382 0.054 0.057
9 0.435 0.382 0.052 0.066
10 0.253 0.236 0.030 0.070
11 0.829 0.125 0.071 0.073
12 0.604 0.211 0.032 0.086
