3 0.597 0.584 0.083 0.090
4 0.521 0.269 0.066 0.106
4 0.682 0.278 0.133 0.131
10 0.454 0.609 0.056 0.160
4 0.404 0.388 0.056 0.094
4 0.758 0.301 0.075 0.127
4 0.831 0.310 0.073 0.136
4 0.906 0.338 0.105 0.158
4 0.981 0.349 0.038 0.125
6 0.585 0.413 0.043 0.087
6 0.618 0.415 0.040 0.088
6 0.650 0.416 0.040 0.086
6 0.687 0.416 0.045 0.084
6 0.647 0.367 0.083 0.038
0 0.423 0.076 0.010 0.048
0 0.433 0.075 0.009 0.044
7 0.133 0.876 0.197 0.248
7 0.610 0.973 0.063 0.054
7 0.401 0.980 0.080 0.040
7 0.472 0.401 0.052 0.089
7 0.541 0.414 0.049 0.084
7 0.690 0.956 0.080 0.088
7 0.785 0.975 0.090 0.050
7 0.907 0.735 0.092 0.186
7 0.971 0.725 0.057 0.182
14 0.369 0.458 0.060 0.199
14 0.598 0.255 0.028 0.068
14 0.314 0.596 0.019 0.052
14 0.378 0.601 0.030 0.047
14 0.415 0.584 0.016 0.049
14 0.471 0.508 0.019 0.063
13 0.139 0.608 0.136 0.217
13 0.717 0.049 0.115 0.064
13 0.314 0.628 0.206 0.167
