0 0.233 0.926 0.099 0.148
0 0.567 0.883 0.030 0.076
0 0.591 0.846 0.015 0.037
0 0.612 0.885 0.034 0.113
0 0.631 0.804 0.030 0.067
0 0.648 0.894 0.033 0.120
0 0.770 0.844 0.022 0.044
0 0.805 0.853 0.024 0.086
0 0.775 0.925 0.051 0.120
0 0.925 0.942 0.034 0.106
0 0.979 0.932 0.042 0.114
0 0.996 0.825 0.008 0.081
1 0.234 0.869 0.057 0.063
1 0.559 0.850 0.018 0.040
1 0.592 0.841 0.011 0.022
1 0.611 0.838 0.013 0.028
1 0.627 0.788 0.016 0.029
1 0.650 0.841 0.026 0.036
1 0.772 0.837 0.014 0.021
1 0.776 0.877 0.017 0.021
1 0.806 0.828 0.018 0.025
1 0.931 0.917 0.022 0.035
1 0.986 0.898 0.023 0.029
2 0.239 0.958 0.073 0.084
2 0.646 0.908 0.032 0.078
2 0.612 0.897 0.029 0.069
2 0.594 0.898 0.013 0.083
2 0.567 0.908 0.023 0.060
2 0.637 0.819 0.020 0.031
2 0.767 0.938 0.035 0.074
2 0.780 0.860 0.047 0.012
2 0.806 0.884 0.021 0.062
2 0.933 0.949 0.028 0.044
2 0.983 0.941 0.034 0.069
2 0.997 0.835 0.006 0.037
3 0.600 0.964 0.108 0.072
10 0.549 0.939 0.048 0.079
12 0.539 0.025 0.028 0.047
