0 0.147 0.955 0.086 0.090
0 0.482 0.973 0.024 0.055
0 0.513 0.973 0.015 0.055
0 0.528 0.969 0.021 0.063
0 0.551 0.928 0.032 0.071
0 0.569 0.975 0.022 0.050
0 0.680 0.978 0.028 0.042
0 0.721 0.975 0.023 0.050
0 0.915 0.985 0.018 0.030
1 0.148 0.932 0.038 0.073
1 0.483 0.955 0.015 0.029
1 0.511 0.955 0.013 0.020
1 0.530 0.954 0.014 0.024
1 0.543 0.912 0.020 0.033
1 0.576 0.967 0.026 0.035
1 0.678 0.976 0.014 0.019
1 0.719 0.969 0.018 0.020
1 0.918 0.979 0.014 0.018
2 0.141 0.983 0.049 0.033
2 0.482 0.985 0.015 0.018
2 0.511 0.981 0.009 0.022
2 0.529 0.989 0.019 0.021
2 0.559 0.938 0.016 0.032
2 0.563 0.996 0.022 0.008
2 0.917 0.994 0.010 0.012
12 0.516 0.243 0.029 0.066
