0 0.011 0.166 0.018 0.085
0 0.095 0.106 0.021 0.057
0 0.192 0.127 0.020 0.069
0 0.322 0.454 0.021 0.080
0 0.353 0.553 0.024 0.093
0 0.298 0.684 0.032 0.053
0 0.162 0.409 0.030 0.060
0 0.477 0.962 0.034 0.076
0 0.522 0.825 0.017 0.112
0 0.984 0.870 0.032 0.119
0 0.472 0.234 0.022 0.035
0 0.429 0.197 0.017 0.066
1 0.009 0.133 0.011 0.016
1 0.096 0.087 0.010 0.018
1 0.191 0.103 0.008 0.018
1 0.153 0.399 0.009 0.028
1 0.320 0.429 0.011 0.019
1 0.353 0.520 0.013 0.021
1 0.287 0.676 0.011 0.021
1 0.474 0.939 0.017 0.028
1 0.522 0.785 0.009 0.021
1 0.994 0.827 0.011 0.019
2 0.986 0.861 0.024 0.048
2 0.477 0.974 0.026 0.045
2 0.521 0.818 0.013 0.044
2 0.302 0.670 0.022 0.026
2 0.353 0.546 0.018 0.033
2 0.324 0.451 0.013 0.029
2 0.164 0.400 0.014 0.030
2 0.011 0.156 0.012 0.037
2 0.093 0.110 0.013 0.028
2 0.193 0.129 0.014 0.031
2 0.430 0.198 0.009 0.034
2 0.472 0.238 0.016 0.019
1 0.430 0.177 0.009 0.017
1 0.476 0.228 0.010 0.018
7 0.072 0.606 0.085 0.094
7 0.158 0.449 0.085 0.056
7 0.134 0.526 0.066 0.101
7 0.082 0.738 0.057 0.100
7 0.067 0.869 0.100 0.210
