12 0.421 0.330 0.064 0.101
10 0.372 0.143 0.023 0.028
5 0.565 0.965 0.063 0.044
0 0.013 0.560 0.025 0.132
0 0.057 0.545 0.058 0.115
0 0.371 0.601 0.028 0.046
0 0.377 0.669 0.020 0.084
0 0.358 0.924 0.049 0.148
0 0.496 0.848 0.030 0.141
0 0.535 0.852 0.021 0.126
0 0.583 0.729 0.032 0.060
0 0.509 0.732 0.028 0.026
0 0.514 0.689 0.014 0.053
0 0.540 0.714 0.020 0.069
0 0.556 0.661 0.024 0.075
0 0.587 0.684 0.010 0.043
0 0.594 0.638 0.014 0.031
0 0.616 0.673 0.015 0.073
0 0.746 0.694 0.013 0.025
0 0.885 0.587 0.017 0.081
1 0.015 0.506 0.019 0.020
1 0.057 0.508 0.024 0.033
1 0.374 0.633 0.010 0.013
1 0.495 0.785 0.012 0.019
1 0.536 0.800 0.014 0.020
1 0.519 0.726 0.009 0.017
1 0.515 0.669 0.009 0.015
1 0.538 0.689 0.011 0.017
1 0.573 0.710 0.014 0.021
1 0.557 0.633 0.010 0.019
1 0.616 0.643 0.008 0.011
1 0.885 0.555 0.010 0.013
11 0.760 0.846 0.123 0.106
7 0.434 0.932 0.117 0.108
7 0.391 0.832 0.068 0.079
2 0.012 0.559 0.020 0.080
2 0.051 0.570 0.041 0.067
2 0.376 0.655 0.016 0.029
2 0.506 0.734 0.018 0.026
2 0.589 0.729 0.017 0.048
2 0.557 0.668 0.017 0.038
2 0.617 0.666 0.011 0.030
2 0.496 0.830 0.020 0.063
2 0.535 0.839 0.019 0.048
2 0.352 0.905 0.024 0.053
2 0.885 0.575 0.015 0.030
14 0.082 0.119 0.163 0.073
13 0.224 0.132 0.121 0.071
