0 0.394 0.779 0.040 0.228
0 0.462 0.827 0.049 0.237
0 0.770 0.696 0.018 0.045
4 0.522 0.831 0.069 0.131
6 0.965 0.863 0.071 0.187
4 0.846 0.698 0.106 0.062
7 0.954 0.708 0.089 0.106
14 0.130 0.430 0.258 0.171
14 0.064 0.071 0.114 0.141
12 0.450 0.130 0.093 0.146
10 0.456 0.684 0.033 0.106
14 0.207 0.201 0.087 0.121
14 0.180 0.891 0.099 0.219
1 0.474 0.726 0.023 0.026
2 0.390 0.719 0.028 0.058
10 0.647 0.676 0.014 0.046
10 0.662 0.684 0.010 0.047
13 0.326 0.402 0.114 0.078
13 0.411 0.421 0.063 0.065
