0 0.574 0.734 0.177 0.072
0 0.590 0.662 0.049 0.082
0 0.391 0.732 0.157 0.091
0 0.239 0.630 0.046 0.032
0 0.139 0.676 0.105 0.082
0 0.061 0.637 0.044 0.041
0 0.100 0.637 0.034 0.040
1 0.061 0.623 0.024 0.011
1 0.100 0.626 0.026 0.013
1 0.240 0.622 0.024 0.013
1 0.176 0.642 0.021 0.014
1 0.334 0.718 0.041 0.030
1 0.594 0.629 0.024 0.010
1 0.630 0.718 0.044 0.036
2 0.588 0.654 0.040 0.034
2 0.548 0.734 0.116 0.053
2 0.405 0.707 0.094 0.039
2 0.242 0.636 0.039 0.015
2 0.136 0.660 0.056 0.036
2 0.097 0.642 0.026 0.022
2 0.063 0.643 0.041 0.025
3 0.855 0.737 0.291 0.064
3 0.559 0.818 0.546 0.149
7 0.754 0.698 0.193 0.083
7 0.246 0.661 0.100 0.041
7 0.056 0.677 0.110 0.049
11 0.212 0.738 0.192 0.056
12 0.435 0.134 0.249 0.165
12 0.487 0.354 0.029 0.023
