0 0.585 0.945 0.053 0.109
0 0.467 0.963 0.034 0.074
0 0.430 0.958 0.026 0.081
0 0.891 0.939 0.053 0.122
1 0.886 0.893 0.021 0.020
1 0.589 0.911 0.024 0.033
1 0.429 0.935 0.018 0.027
1 0.465 0.939 0.018 0.019
1 0.396 0.956 0.032 0.043
1 0.139 0.985 0.027 0.030
1 0.105 0.978 0.010 0.025
1 0.154 0.974 0.015 0.030
2 0.585 0.969 0.031 0.062
2 0.891 0.954 0.037 0.088
2 0.466 0.980 0.028 0.035
12 0.220 0.026 0.033 0.051
12 0.468 0.507 0.017 0.037
14 0.777 0.835 0.053 0.051
14 0.827 0.751 0.060 0.034
13 0.724 0.766 0.042 0.034
13 0.772 0.762 0.042 0.041
13 0.598 0.787 0.049 0.032
13 0.551 0.784 0.039 0.028
13 0.956 0.721 0.030 0.033
13 0.371 0.806 0.036 0.026
14 0.630 0.575 0.018 0.049
