0 0.356 0.667 0.022 0.111
0 0.173 0.351 0.022 0.056
0 0.149 0.271 0.016 0.053
0 0.015 0.203 0.015 0.061
0 0.191 0.143 0.008 0.035
0 0.216 0.133 0.010 0.036
0 0.283 0.196 0.011 0.028
0 0.328 0.200 0.009 0.048
0 0.415 0.287 0.018 0.061
0 0.390 0.221 0.013 0.046
0 0.782 0.297 0.016 0.060
0 0.760 0.295 0.020 0.068
0 0.658 0.221 0.010 0.063
0 0.652 0.213 0.011 0.065
0 0.879 0.206 0.014 0.069
0 0.901 0.204 0.017 0.065
0 0.912 0.267 0.020 0.076
0 0.967 0.092 0.013 0.049
0 0.932 0.119 0.023 0.030
0 0.397 0.038 0.008 0.035
0 0.453 0.036 0.014 0.033
0 0.513 0.045 0.007 0.025
0 0.559 0.044 0.012 0.029
1 0.179 0.333 0.009 0.016
1 0.102 0.544 0.013 0.026
1 0.354 0.622 0.011 0.020
1 0.215 0.118 0.006 0.010
1 0.413 0.263 0.006 0.018
1 0.657 0.196 0.007 0.011
1 0.778 0.273 0.009 0.018
1 0.883 0.182 0.007 0.013
1 0.902 0.182 0.005 0.017
1 0.916 0.237 0.008 0.015
2 0.170 0.339 0.013 0.028
2 0.354 0.657 0.018 0.051
2 0.657 0.215 0.007 0.029
2 0.783 0.288 0.013 0.027
2 0.911 0.255 0.012 0.032
2 0.878 0.198 0.010 0.027
2 0.902 0.200 0.012 0.026
2 0.148 0.263 0.009 0.018
2 0.329 0.194 0.008 0.022
2 0.282 0.195 0.007 0.017
3 0.224 0.356 0.037 0.074
3 0.673 0.375 0.033 0.067
3 0.978 0.580 0.045 0.045
4 0.203 0.432 0.080 0.047
3 0.246 0.310 0.046 0.051
4 0.295 0.311 0.049 0.047
4 0.307 0.255 0.054 0.042
4 0.459 0.093 0.030 0.037
4 0.265 0.057 0.031 0.031
4 0.540 0.108 0.030 0.030
3 0.578 0.063 0.023 0.039
4 0.896 0.093 0.042 0.029
4 0.725 0.352 0.084 0.048
4 0.972 0.462 0.057 0.106
4 0.915 0.423 0.071 0.094
4 0.576 0.496 0.101 0.077
7 0.073 0.855 0.089 0.106
7 0.605 0.791 0.064 0.122
7 0.681 0.895 0.093 0.139
7 0.534 0.585 0.082 0.094
7 0.663 0.554 0.109 0.112
7 0.770 0.605 0.049 0.088
7 0.942 0.583 0.094 0.122
7 0.864 0.657 0.048 0.085
10 0.145 0.190 0.020 0.054
12 0.850 0.363 0.046 0.054
