0 0.388 0.879 0.028 0.076
0 0.430 0.867 0.026 0.084
0 0.445 0.873 0.027 0.069
0 0.486 0.870 0.037 0.088
0 0.507 0.864 0.023 0.076
0 0.561 0.914 0.042 0.171
1 0.558 0.841 0.018 0.025
1 0.509 0.835 0.010 0.016
1 0.485 0.839 0.016 0.024
1 0.447 0.850 0.018 0.019
1 0.434 0.839 0.013 0.022
1 0.390 0.856 0.017 0.022
2 0.388 0.893 0.022 0.040
2 0.428 0.877 0.018 0.046
2 0.443 0.887 0.023 0.032
2 0.482 0.880 0.023 0.054
2 0.507 0.870 0.015 0.056
2 0.562 0.901 0.029 0.081
7 0.424 0.945 0.167 0.109
12 0.533 0.128 0.033 0.106
14 0.629 0.659 0.058 0.015
