0 0.012 0.669 0.022 0.063
0 0.053 0.644 0.021 0.065
0 0.096 0.475 0.017 0.061
0 0.147 0.500 0.015 0.064
0 0.126 0.425 0.012 0.049
0 0.284 0.800 0.026 0.099
0 0.309 0.719 0.021 0.096
0 0.274 0.569 0.013 0.065
0 0.364 0.483 0.018 0.048
0 0.465 0.467 0.007 0.039
0 0.921 0.790 0.025 0.111
0 0.845 0.534 0.027 0.057
0 0.747 0.450 0.009 0.061
0 0.753 0.435 0.009 0.052
0 0.987 0.507 0.023 0.045
0 0.996 0.432 0.009 0.056
0 0.978 0.302 0.009 0.044
0 0.247 0.364 0.008 0.049
0 0.232 0.332 0.008 0.031
0 0.311 0.357 0.012 0.033
0 0.471 0.284 0.007 0.031
0 0.481 0.261 0.007 0.027
0 0.481 0.279 0.007 0.021
0 0.205 0.306 0.009 0.029
1 0.017 0.648 0.009 0.022
1 0.045 0.625 0.010 0.021
1 0.096 0.452 0.011 0.017
1 0.123 0.408 0.006 0.013
1 0.145 0.472 0.008 0.022
1 0.233 0.324 0.005 0.010
1 0.247 0.348 0.005 0.010
1 0.314 0.347 0.007 0.008
0 0.242 0.488 0.015 0.036
0 0.384 0.423 0.012 0.023
1 0.273 0.545 0.007 0.013
1 0.361 0.465 0.006 0.011
1 0.306 0.680 0.009 0.024
1 0.283 0.762 0.012 0.022
1 0.922 0.746 0.010 0.017
1 0.840 0.513 0.009 0.016
1 0.855 0.504 0.008 0.018
0 0.849 0.517 0.029 0.053
1 0.752 0.417 0.006 0.012
1 0.746 0.425 0.005 0.010
1 0.996 0.503 0.006 0.017
1 0.997 0.415 0.007 0.010
1 0.979 0.286 0.005 0.012
0 0.599 0.276 0.008 0.026
1 0.465 0.453 0.005 0.010
1 0.011 0.668 0.016 0.038
1 0.147 0.494 0.013 0.024
1 0.274 0.562 0.012 0.021
1 0.283 0.787 0.018 0.044
1 0.308 0.708 0.019 0.050
1 0.922 0.780 0.022 0.048
2 0.847 0.528 0.017 0.026
2 0.988 0.500 0.010 0.023
2 0.996 0.432 0.007 0.031
3 0.315 0.571 0.037 0.062
3 0.769 0.606 0.030 0.067
3 0.340 0.534 0.043 0.060
4 0.385 0.531 0.053 0.044
4 0.398 0.479 0.056 0.036
4 0.549 0.321 0.039 0.035
4 0.626 0.342 0.028 0.032
4 0.822 0.580 0.090 0.039
4 0.986 0.331 0.027 0.033
4 0.665 0.729 0.104 0.081
4 0.297 0.649 0.069 0.040
4 0.365 0.293 0.026 0.041
0 0.666 0.294 0.024 0.043
7 0.618 0.824 0.097 0.110
7 0.758 0.794 0.122 0.094
7 0.873 0.853 0.054 0.095
7 0.975 0.916 0.049 0.082
7 0.065 0.949 0.128 0.102
10 0.251 0.411 0.021 0.051
10 0.078 0.607 0.035 0.080
14 0.013 0.026 0.024 0.050
14 0.652 0.081 0.027 0.017
14 0.738 0.076 0.040 0.023
12 0.195 0.147 0.016 0.027
12 0.390 0.205 0.016 0.033
12 0.954 0.596 0.056 0.050
