12 0.523 0.092 0.212 0.159
12 0.453 0.456 0.027 0.017
14 0.981 0.550 0.039 0.024
14 0.088 0.590 0.070 0.015
0 0.377 0.655 0.036 0.042
0 0.572 0.807 0.107 0.040
0 0.343 0.813 0.099 0.033
0 0.194 0.734 0.035 0.028
0 0.079 0.783 0.084 0.071
0 0.053 0.736 0.062 0.034
1 0.876 0.645 0.012 0.008
1 0.388 0.639 0.011 0.008
1 0.050 0.725 0.025 0.009
1 0.070 0.724 0.021 0.009
1 0.112 0.758 0.017 0.017
1 0.193 0.724 0.019 0.009
1 0.315 0.808 0.044 0.022
1 0.556 0.805 0.057 0.035
0 0.468 0.775 0.031 0.089
1 0.468 0.738 0.025 0.015
2 0.469 0.765 0.028 0.038
2 0.572 0.818 0.103 0.016
2 0.361 0.821 0.055 0.016
2 0.195 0.738 0.028 0.017
2 0.068 0.761 0.063 0.028
2 0.036 0.742 0.021 0.022
2 0.050 0.743 0.031 0.021
2 0.377 0.650 0.022 0.016
7 0.719 0.803 0.194 0.057
7 0.195 0.764 0.103 0.039
7 0.029 0.776 0.056 0.046
3 0.881 0.849 0.238 0.044
3 0.498 0.902 0.528 0.153
11 0.178 0.848 0.230 0.053
