0 0.404 0.845 0.054 0.293
0 0.443 0.776 0.037 0.096
4 0.484 0.900 0.116 0.142
4 0.634 0.905 0.126 0.189
4 0.927 0.701 0.114 0.073
12 0.501 0.363 0.090 0.159
10 0.511 0.735 0.023 0.081
14 0.109 0.452 0.191 0.244
14 0.099 0.128 0.142 0.169
14 0.086 0.050 0.128 0.097
14 0.253 0.259 0.087 0.123
14 0.080 0.901 0.155 0.197
1 0.422 0.730 0.032 0.061
1 0.440 0.750 0.024 0.044
2 0.405 0.783 0.041 0.069
10 0.716 0.713 0.017 0.049
10 0.735 0.723 0.013 0.042
1 0.797 0.712 0.005 0.007
13 0.292 0.433 0.155 0.095
13 0.428 0.473 0.139 0.069
