1 0.212 0.558 0.044 0.043
1 0.349 0.525 0.052 0.038
1 0.607 0.670 0.041 0.051
1 0.967 0.571 0.067 0.108
12 0.549 0.104 0.141 0.206
3 0.197 0.835 0.373 0.330
4 0.546 0.698 0.379 0.256
0 0.625 0.744 0.102 0.272
0 0.922 0.742 0.156 0.494
0 0.364 0.676 0.118 0.358
10 0.121 0.527 0.039 0.094
2 0.208 0.650 0.053 0.102
2 0.344 0.625 0.062 0.132
2 0.628 0.760 0.080 0.148
2 0.943 0.816 0.114 0.318
2 0.058 0.522 0.012 0.031
2 0.069 0.530 0.013 0.027
0 0.210 0.620 0.072 0.179
0 0.057 0.530 0.015 0.069
0 0.069 0.536 0.017 0.068
