14 0.508 0.198 0.063 0.041
0 0.207 0.450 0.120 0.176
0 0.554 0.410 0.062 0.087
0 0.683 0.482 0.358 0.215
0 0.836 0.391 0.054 0.086
0 0.950 0.394 0.059 0.089
1 0.830 0.355 0.030 0.015
1 0.941 0.357 0.026 0.015
1 0.536 0.373 0.019 0.013
1 0.561 0.380 0.027 0.019
1 0.637 0.406 0.114 0.060
1 0.191 0.379 0.051 0.031
1 0.019 0.371 0.036 0.019
2 0.201 0.434 0.107 0.073
2 0.550 0.409 0.049 0.040
2 0.635 0.500 0.178 0.146
2 0.787 0.459 0.131 0.049
2 0.837 0.378 0.048 0.034
2 0.945 0.386 0.044 0.043
7 0.356 0.438 0.139 0.063
7 0.781 0.407 0.119 0.051
3 0.575 0.702 0.849 0.295
11 0.488 0.513 0.145 0.065
11 0.064 0.593 0.126 0.204
1 0.644 0.367 0.030 0.014
