0 0.030 0.943 0.016 0.070
0 0.055 0.958 0.019 0.040
0 0.074 0.963 0.022 0.048
0 0.326 0.868 0.020 0.055
0 0.385 0.912 0.018 0.081
0 0.375 0.650 0.011 0.032
0 0.358 0.662 0.006 0.028
0 0.484 0.782 0.008 0.046
0 0.480 0.717 0.009 0.035
0 0.518 0.757 0.011 0.021
0 0.916 0.839 0.019 0.085
0 0.811 0.753 0.009 0.068
0 0.807 0.747 0.011 0.068
0 0.653 0.576 0.010 0.031
0 0.346 0.601 0.008 0.031
0 0.268 0.604 0.008 0.033
0 0.017 0.719 0.010 0.052
0 0.027 0.706 0.011 0.050
0 0.300 0.788 0.015 0.042
1 0.016 0.698 0.006 0.010
1 0.034 0.922 0.011 0.017
1 0.060 0.946 0.008 0.018
1 0.330 0.849 0.008 0.015
1 0.386 0.880 0.010 0.015
1 0.484 0.767 0.004 0.015
1 0.518 0.751 0.005 0.009
1 0.913 0.805 0.008 0.014
1 0.809 0.729 0.006 0.012
1 0.808 0.720 0.006 0.011
1 0.374 0.643 0.006 0.009
1 0.346 0.591 0.004 0.008
0 0.941 0.825 0.020 0.038
0 0.675 0.576 0.010 0.034
2 0.017 0.713 0.008 0.023
2 0.029 0.948 0.011 0.038
2 0.052 0.949 0.017 0.022
2 0.386 0.907 0.013 0.035
2 0.916 0.831 0.015 0.036
3 0.370 0.875 0.039 0.066
3 0.836 0.921 0.036 0.072
4 0.421 0.583 0.030 0.031
4 0.605 0.613 0.038 0.032
4 0.442 0.828 0.047 0.049
4 0.454 0.775 0.049 0.038
3 0.395 0.829 0.043 0.056
4 0.350 0.955 0.077 0.047
4 0.890 0.896 0.092 0.062
4 0.685 0.638 0.028 0.032
3 0.723 0.592 0.022 0.030
10 0.306 0.706 0.016 0.046
14 0.087 0.326 0.043 0.113
14 0.705 0.382 0.019 0.011
14 0.792 0.376 0.036 0.014
12 0.257 0.456 0.016 0.031
12 0.409 0.449 0.011 0.034
