0 0.387 0.767 0.060 0.315
0 0.443 0.726 0.069 0.282
4 0.326 0.769 0.072 0.173
6 0.970 0.681 0.059 0.194
4 0.834 0.536 0.121 0.060
7 0.951 0.523 0.099 0.103
12 0.405 0.225 0.085 0.135
14 0.044 0.079 0.086 0.108
14 0.154 0.171 0.100 0.130
14 0.095 0.422 0.154 0.127
14 0.089 0.828 0.145 0.344
1 0.392 0.649 0.030 0.069
1 0.424 0.612 0.022 0.052
2 0.452 0.661 0.037 0.067
10 0.633 0.561 0.014 0.038
10 0.651 0.563 0.012 0.040
10 0.440 0.589 0.025 0.047
13 0.237 0.329 0.144 0.085
13 0.358 0.350 0.101 0.058
