0 0.041 0.245 0.018 0.106
0 0.007 0.240 0.013 0.108
0 0.030 0.213 0.011 0.075
0 0.101 0.277 0.016 0.087
0 0.283 0.106 0.013 0.067
0 0.304 0.112 0.019 0.050
0 0.371 0.098 0.012 0.069
0 0.447 0.242 0.016 0.056
0 0.400 0.637 0.019 0.086
0 0.489 0.530 0.017 0.113
0 0.806 0.693 0.029 0.106
0 0.907 0.374 0.019 0.090
0 0.765 0.339 0.017 0.069
0 0.649 0.316 0.016 0.094
1 0.007 0.197 0.009 0.019
1 0.030 0.184 0.010 0.018
1 0.039 0.199 0.009 0.018
1 0.102 0.244 0.015 0.022
1 0.372 0.077 0.013 0.021
1 0.400 0.601 0.017 0.031
1 0.486 0.484 0.009 0.024
1 0.444 0.221 0.009 0.015
1 0.646 0.285 0.014 0.020
1 0.766 0.310 0.009 0.019
1 0.810 0.648 0.012 0.019
1 0.908 0.336 0.011 0.021
2 0.008 0.225 0.013 0.038
2 0.043 0.223 0.016 0.032
2 0.283 0.095 0.013 0.031
2 0.306 0.098 0.011 0.022
2 0.371 0.092 0.012 0.027
2 0.399 0.632 0.018 0.046
2 0.489 0.516 0.017 0.044
2 0.447 0.243 0.014 0.032
2 0.802 0.674 0.016 0.052
2 0.909 0.359 0.014 0.041
3 0.171 0.623 0.078 0.061
3 0.671 0.680 0.046 0.142
3 0.926 0.811 0.113 0.062
7 0.177 0.683 0.118 0.094
7 0.280 0.571 0.046 0.069
7 0.313 0.536 0.038 0.077
7 0.365 0.404 0.077 0.093
7 0.352 0.586 0.046 0.068
7 0.718 0.786 0.131 0.081
7 0.571 0.673 0.102 0.102
7 0.800 0.496 0.082 0.102
7 0.540 0.465 0.059 0.100
7 0.659 0.602 0.060 0.119
7 0.693 0.480 0.048 0.073
7 0.460 0.438 0.091 0.056
7 0.913 0.549 0.070 0.118
7 0.854 0.525 0.087 0.088
6 0.642 0.521 0.037 0.075
9 0.274 0.613 0.074 0.058
9 0.291 0.666 0.076 0.098
9 0.430 0.697 0.077 0.083
9 0.492 0.732 0.076 0.079
