0 0.372 0.850 0.068 0.300
0 0.434 0.821 0.069 0.302
4 0.308 0.863 0.093 0.153
6 0.957 0.822 0.086 0.217
4 0.805 0.654 0.094 0.064
7 0.932 0.650 0.116 0.084
12 0.391 0.185 0.083 0.142
14 0.072 0.497 0.132 0.143
14 0.080 0.854 0.134 0.291
14 0.140 0.258 0.089 0.121
14 0.031 0.143 0.054 0.081
1 0.377 0.747 0.033 0.069
1 0.412 0.715 0.029 0.072
2 0.434 0.754 0.027 0.059
1 0.711 0.659 0.006 0.009
10 0.609 0.667 0.019 0.047
10 0.625 0.669 0.009 0.042
13 0.220 0.414 0.145 0.086
13 0.341 0.435 0.097 0.059
