0 0.567 0.511 0.034 0.036
0 0.654 0.558 0.054 0.042
0 0.794 0.553 0.050 0.039
0 0.689 0.598 0.081 0.074
0 0.928 0.661 0.139 0.097
1 0.900 0.629 0.056 0.028
1 0.791 0.542 0.023 0.012
1 0.654 0.548 0.034 0.013
1 0.715 0.575 0.024 0.020
1 0.566 0.499 0.019 0.009
2 0.570 0.511 0.021 0.021
2 0.653 0.563 0.042 0.021
2 0.676 0.583 0.049 0.034
2 0.796 0.558 0.045 0.019
2 0.931 0.651 0.087 0.052
3 0.936 0.744 0.128 0.122
7 0.445 0.596 0.101 0.062
7 0.606 0.598 0.075 0.052
7 0.807 0.589 0.094 0.046
9 0.332 0.854 0.662 0.242
11 0.412 0.694 0.442 0.118
11 0.775 0.656 0.181 0.064
14 0.563 0.420 0.080 0.011
14 0.551 0.467 0.101 0.011
