0 0.133 0.536 0.035 0.041
0 0.157 0.535 0.025 0.031
0 0.163 0.574 0.069 0.089
0 0.306 0.537 0.056 0.017
0 0.412 0.640 0.166 0.069
0 0.561 0.610 0.153 0.107
1 0.604 0.572 0.052 0.027
1 0.358 0.622 0.039 0.027
1 0.321 0.534 0.020 0.011
1 0.138 0.525 0.022 0.012
1 0.156 0.525 0.019 0.013
1 0.178 0.539 0.025 0.017
2 0.134 0.541 0.026 0.023
2 0.156 0.538 0.024 0.017
2 0.151 0.558 0.044 0.037
2 0.300 0.539 0.038 0.011
2 0.435 0.631 0.101 0.040
2 0.544 0.611 0.106 0.068
3 0.878 0.636 0.244 0.073
3 0.590 0.710 0.551 0.149
7 0.099 0.578 0.090 0.044
7 0.297 0.562 0.093 0.037
7 0.795 0.598 0.206 0.073
11 0.271 0.637 0.209 0.055
12 0.497 0.069 0.266 0.138
14 0.057 0.441 0.112 0.014
14 0.074 0.392 0.082 0.015
