0 0.437 0.682 0.130 0.068
0 0.291 0.700 0.125 0.052
0 0.156 0.617 0.049 0.031
0 0.017 0.625 0.032 0.040
0 0.045 0.668 0.089 0.076
1 0.451 0.666 0.069 0.033
1 0.252 0.688 0.051 0.024
1 0.153 0.609 0.030 0.012
1 0.015 0.615 0.029 0.015
1 0.079 0.643 0.026 0.018
2 0.159 0.622 0.031 0.019
2 0.014 0.633 0.026 0.025
2 0.033 0.649 0.063 0.032
2 0.298 0.706 0.091 0.031
2 0.436 0.694 0.088 0.034
3 0.499 0.771 0.544 0.179
3 0.805 0.705 0.297 0.056
7 0.673 0.663 0.208 0.062
7 0.163 0.649 0.094 0.045
11 0.147 0.721 0.198 0.059
12 0.388 0.335 0.038 0.023
