0 0.531 0.725 0.172 0.079
0 0.306 0.732 0.158 0.080
0 0.500 0.659 0.046 0.083
0 0.175 0.626 0.041 0.030
0 0.261 0.561 0.021 0.022
0 0.031 0.631 0.048 0.040
0 0.063 0.674 0.079 0.076
1 0.261 0.555 0.012 0.006
1 0.175 0.616 0.023 0.011
1 0.034 0.621 0.027 0.013
1 0.252 0.710 0.042 0.028
1 0.504 0.626 0.029 0.012
1 0.588 0.701 0.045 0.026
2 0.507 0.728 0.115 0.056
2 0.312 0.712 0.073 0.033
2 0.501 0.649 0.033 0.035
2 0.262 0.563 0.011 0.010
2 0.179 0.631 0.028 0.018
2 0.054 0.655 0.054 0.029
2 0.030 0.635 0.034 0.023
3 0.812 0.728 0.329 0.062
3 0.498 0.811 0.542 0.139
7 0.690 0.694 0.193 0.074
7 0.182 0.661 0.093 0.048
11 0.145 0.733 0.171 0.065
12 0.392 0.092 0.252 0.161
12 0.428 0.351 0.051 0.030
