12 0.535 0.181 0.244 0.159
14 0.043 0.561 0.069 0.018
14 0.961 0.504 0.079 0.039
0 0.244 0.636 0.017 0.018
0 0.013 0.643 0.023 0.016
0 0.017 0.705 0.031 0.031
0 0.031 0.749 0.060 0.087
0 0.061 0.728 0.042 0.083
0 0.133 0.709 0.044 0.021
0 0.296 0.826 0.173 0.082
0 0.802 0.873 0.202 0.133
0 0.842 0.741 0.050 0.093
1 0.780 0.870 0.072 0.046
1 0.831 0.702 0.030 0.014
1 0.241 0.798 0.044 0.027
1 0.147 0.704 0.019 0.010
1 0.013 0.695 0.023 0.009
1 0.050 0.715 0.017 0.019
1 0.061 0.693 0.020 0.011
1 0.016 0.637 0.011 0.005
1 0.247 0.631 0.010 0.004
2 0.245 0.637 0.013 0.010
2 0.014 0.643 0.017 0.009
2 0.010 0.712 0.019 0.018
2 0.017 0.732 0.031 0.036
2 0.064 0.717 0.031 0.030
2 0.129 0.711 0.031 0.015
2 0.319 0.814 0.113 0.045
2 0.822 0.848 0.155 0.054
2 0.841 0.730 0.040 0.040
7 0.157 0.733 0.106 0.040
7 0.460 0.802 0.297 0.042
7 0.688 0.774 0.199 0.075
3 0.827 0.810 0.314 0.048
3 0.494 0.904 0.520 0.137
11 0.137 0.819 0.236 0.049
