0 0.378 0.360 0.103 0.095
0 0.614 0.335 0.037 0.052
0 0.634 0.336 0.044 0.046
0 0.681 0.359 0.059 0.097
0 0.905 0.318 0.063 0.082
0 0.971 0.326 0.057 0.155
1 0.978 0.265 0.044 0.030
1 0.893 0.295 0.026 0.017
1 0.691 0.320 0.032 0.017
1 0.615 0.316 0.027 0.014
1 0.629 0.320 0.027 0.011
1 0.370 0.327 0.047 0.022
2 0.375 0.372 0.082 0.058
2 0.612 0.341 0.019 0.029
2 0.627 0.340 0.028 0.030
2 0.673 0.348 0.044 0.044
2 0.903 0.315 0.048 0.024
2 0.978 0.336 0.044 0.091
3 0.877 0.566 0.246 0.219
7 0.469 0.377 0.119 0.047
7 0.637 0.378 0.073 0.042
7 0.868 0.337 0.126 0.033
11 0.790 0.423 0.311 0.065
11 0.191 0.529 0.380 0.207
14 0.637 0.185 0.062 0.016
14 0.629 0.240 0.107 0.018
