10 0.549 0.571 0.020 0.047
10 0.414 0.103 0.021 0.029
14 0.169 0.156 0.182 0.048
14 0.731 0.038 0.056 0.024
0 0.059 0.530 0.023 0.108
0 0.090 0.528 0.018 0.109
0 0.148 0.610 0.034 0.061
0 0.522 0.648 0.073 0.148
0 0.755 0.583 0.053 0.281
0 0.697 0.491 0.018 0.097
0 0.885 0.449 0.011 0.050
0 0.900 0.452 0.015 0.044
1 0.497 0.597 0.021 0.043
1 0.746 0.457 0.023 0.027
1 0.697 0.450 0.009 0.010
1 0.896 0.435 0.005 0.008
1 0.885 0.428 0.007 0.008
1 0.139 0.595 0.016 0.027
1 0.086 0.481 0.011 0.017
1 0.057 0.485 0.011 0.019
2 0.901 0.455 0.011 0.028
2 0.883 0.454 0.008 0.031
2 0.760 0.542 0.043 0.113
2 0.696 0.475 0.016 0.036
2 0.532 0.631 0.049 0.062
2 0.058 0.511 0.015 0.039
2 0.089 0.510 0.016 0.041
2 0.153 0.603 0.020 0.043
5 0.238 0.820 0.220 0.246
