0 0.071 0.666 0.016 0.086
0 0.083 0.696 0.018 0.091
0 0.666 0.842 0.035 0.104
0 0.021 0.265 0.018 0.038
0 0.107 0.271 0.019 0.038
0 0.007 0.154 0.009 0.026
0 0.196 0.234 0.016 0.056
0 0.223 0.230 0.017 0.023
0 0.245 0.152 0.014 0.045
0 0.290 0.182 0.014 0.054
0 0.325 0.200 0.012 0.055
0 0.342 0.187 0.011 0.054
0 0.355 0.260 0.009 0.069
0 0.369 0.259 0.013 0.071
0 0.391 0.271 0.014 0.064
0 0.472 0.156 0.010 0.048
0 0.486 0.136 0.008 0.051
0 0.496 0.135 0.008 0.045
0 0.521 0.148 0.008 0.052
0 0.536 0.147 0.010 0.045
0 0.537 0.137 0.006 0.048
0 0.556 0.129 0.008 0.047
0 0.322 0.078 0.007 0.034
0 0.350 0.174 0.009 0.049
4 0.610 0.790 0.034 0.142
7 0.206 0.872 0.102 0.079
7 0.410 0.864 0.039 0.096
7 0.495 0.923 0.068 0.144
7 0.430 0.962 0.054 0.077
7 0.491 0.809 0.039 0.071
7 0.459 0.680 0.065 0.069
7 0.505 0.528 0.065 0.060
7 0.499 0.602 0.055 0.080
7 0.097 0.835 0.069 0.104
7 0.027 0.606 0.045 0.098
7 0.264 0.587 0.032 0.069
7 0.211 0.641 0.032 0.074
