12 0.395 0.225 0.096 0.123
1 0.505 0.790 0.023 0.038
1 0.530 0.754 0.020 0.027
1 0.408 0.589 0.026 0.040
1 0.590 0.604 0.028 0.039
1 0.549 0.623 0.020 0.023
7 0.386 0.765 0.127 0.101
0 0.507 0.851 0.031 0.142
0 0.928 0.528 0.011 0.069
0 0.899 0.548 0.014 0.052
0 0.583 0.656 0.028 0.135
11 0.767 0.812 0.126 0.149
2 0.931 0.525 0.014 0.030
2 0.897 0.553 0.014 0.026
2 0.654 0.615 0.011 0.031
2 0.507 0.847 0.033 0.083
2 0.716 0.640 0.014 0.031
2 0.405 0.615 0.016 0.024
2 0.586 0.633 0.022 0.044
2 0.285 0.862 0.018 0.056
0 0.291 0.899 0.041 0.201
0 0.403 0.615 0.016 0.081
