0 0.991 0.441 0.018 0.248
0 0.719 0.474 0.041 0.270
0 0.658 0.323 0.015 0.033
0 0.672 0.325 0.009 0.044
0 0.627 0.344 0.014 0.044
0 0.608 0.350 0.016 0.060
0 0.145 0.405 0.019 0.029
2 0.144 0.408 0.015 0.018
2 0.717 0.442 0.040 0.107
2 0.609 0.361 0.011 0.026
2 0.628 0.356 0.016 0.025
2 0.672 0.330 0.006 0.021
2 0.661 0.333 0.008 0.014
2 0.990 0.421 0.014 0.073
1 0.150 0.395 0.007 0.007
1 0.720 0.367 0.034 0.050
1 0.606 0.331 0.015 0.014
1 0.627 0.334 0.013 0.016
1 0.671 0.313 0.009 0.009
1 0.660 0.312 0.009 0.008
1 0.995 0.354 0.010 0.041
4 0.080 0.602 0.160 0.246
7 0.869 0.428 0.109 0.123
7 0.920 0.482 0.083 0.083
7 0.962 0.624 0.076 0.101
9 0.161 0.828 0.322 0.272
14 0.868 0.124 0.103 0.019
14 0.572 0.251 0.040 0.028
14 0.528 0.147 0.093 0.020
14 0.432 0.155 0.053 0.016
4 0.233 0.530 0.184 0.253
