12 0.535 0.475 0.016 0.022
12 0.569 0.252 0.033 0.110
0 0.376 0.718 0.030 0.072
0 0.408 0.716 0.023 0.061
0 0.430 0.711 0.018 0.084
0 0.446 0.704 0.021 0.081
0 0.517 0.713 0.045 0.077
0 0.590 0.794 0.045 0.241
1 0.379 0.693 0.018 0.022
1 0.410 0.697 0.017 0.020
1 0.433 0.679 0.011 0.017
1 0.446 0.674 0.008 0.013
1 0.511 0.683 0.013 0.015
1 0.592 0.689 0.018 0.027
7 0.432 0.831 0.178 0.194
7 0.547 0.797 0.053 0.119
2 0.588 0.762 0.034 0.106
2 0.510 0.725 0.023 0.057
2 0.429 0.716 0.016 0.053
2 0.446 0.712 0.017 0.059
2 0.406 0.731 0.018 0.030
2 0.376 0.733 0.013 0.038
