0 0.014 0.645 0.026 0.043
0 0.045 0.643 0.039 0.037
0 0.131 0.676 0.073 0.092
0 0.321 0.743 0.127 0.087
0 0.357 0.824 0.173 0.198
0 0.878 0.670 0.075 0.099
1 0.869 0.631 0.039 0.016
1 0.405 0.741 0.056 0.034
1 0.278 0.715 0.033 0.029
1 0.142 0.641 0.036 0.017
1 0.042 0.633 0.027 0.015
1 0.012 0.632 0.021 0.011
2 0.011 0.649 0.020 0.025
2 0.043 0.651 0.029 0.022
2 0.131 0.669 0.064 0.041
2 0.344 0.729 0.072 0.052
2 0.351 0.777 0.158 0.068
2 0.875 0.664 0.055 0.039
3 0.821 0.736 0.329 0.062
3 0.573 0.818 0.379 0.151
7 0.196 0.665 0.097 0.041
7 0.698 0.700 0.205 0.081
11 0.150 0.748 0.210 0.063
12 0.353 0.182 0.258 0.160
