0 0.234 0.587 0.026 0.106
0 0.026 0.395 0.017 0.061
0 0.033 0.497 0.030 0.081
0 0.062 0.158 0.013 0.035
0 0.146 0.229 0.010 0.048
0 0.598 0.475 0.028 0.090
0 0.521 0.247 0.010 0.060
0 0.516 0.238 0.011 0.064
0 0.731 0.228 0.016 0.056
0 0.750 0.227 0.010 0.055
0 0.760 0.211 0.011 0.056
0 0.850 0.270 0.015 0.069
0 0.862 0.270 0.014 0.040
0 0.891 0.147 0.014 0.037
0 0.817 0.122 0.007 0.045
0 0.737 0.101 0.011 0.045
0 0.513 0.077 0.008 0.042
0 0.496 0.083 0.013 0.038
0 0.376 0.076 0.009 0.035
0 0.259 0.075 0.009 0.032
0 0.039 0.175 0.010 0.041
1 0.028 0.375 0.010 0.019
1 0.232 0.543 0.013 0.020
1 0.065 0.146 0.006 0.011
1 0.602 0.438 0.011 0.011
1 0.521 0.223 0.006 0.008
0 0.746 0.285 0.017 0.046
1 0.746 0.272 0.010 0.015
1 0.735 0.210 0.006 0.010
1 0.750 0.207 0.008 0.010
0 0.624 0.296 0.014 0.056
0 0.638 0.322 0.014 0.081
1 0.625 0.276 0.006 0.013
1 0.635 0.297 0.008 0.017
2 0.033 0.487 0.018 0.047
2 0.233 0.578 0.020 0.056
2 0.039 0.173 0.007 0.019
2 0.598 0.464 0.017 0.042
2 0.521 0.241 0.009 0.031
2 0.624 0.292 0.011 0.025
2 0.729 0.222 0.010 0.024
2 0.752 0.227 0.010 0.027
2 0.761 0.207 0.009 0.025
2 0.849 0.262 0.011 0.027
2 0.864 0.268 0.011 0.028
3 0.074 0.400 0.046 0.090
3 0.542 0.399 0.033 0.073
3 0.835 0.585 0.058 0.056
3 0.104 0.348 0.052 0.061
4 0.152 0.344 0.055 0.048
4 0.165 0.289 0.061 0.043
4 0.065 0.475 0.078 0.035
4 0.323 0.118 0.039 0.036
4 0.116 0.084 0.033 0.038
4 0.405 0.143 0.031 0.039
3 0.442 0.090 0.019 0.039
4 0.742 0.126 0.040 0.031
4 0.844 0.472 0.121 0.100
4 0.768 0.430 0.066 0.073
4 0.947 0.416 0.096 0.044
4 0.446 0.522 0.096 0.085
4 0.591 0.375 0.079 0.047
7 0.411 0.620 0.091 0.085
7 0.534 0.579 0.102 0.091
7 0.637 0.623 0.041 0.087
7 0.470 0.807 0.059 0.108
7 0.547 0.910 0.074 0.144
7 0.797 0.590 0.094 0.130
7 0.726 0.678 0.045 0.108
7 0.378 0.915 0.071 0.078
12 0.707 0.376 0.040 0.047
