0 0.606 0.834 0.133 0.048
0 0.770 0.822 0.123 0.053
0 0.470 0.736 0.049 0.033
0 0.327 0.743 0.056 0.037
0 0.355 0.787 0.092 0.079
1 0.325 0.730 0.025 0.009
1 0.467 0.727 0.028 0.012
1 0.387 0.762 0.019 0.017
1 0.557 0.829 0.032 0.033
1 0.762 0.810 0.070 0.030
2 0.772 0.834 0.113 0.016
2 0.628 0.832 0.076 0.028
2 0.469 0.741 0.038 0.016
2 0.342 0.767 0.055 0.033
2 0.324 0.748 0.043 0.023
3 0.728 0.913 0.544 0.168
7 0.952 0.797 0.096 0.070
7 0.470 0.766 0.098 0.040
7 0.273 0.784 0.096 0.054
7 0.097 0.784 0.117 0.062
11 0.455 0.852 0.213 0.058
11 0.127 0.897 0.252 0.152
12 0.698 0.449 0.035 0.025
14 0.246 0.593 0.078 0.013
14 0.228 0.643 0.107 0.013
