11 0.868 0.643 0.263 0.227
10 0.537 0.423 0.038 0.118
0 0.247 0.678 0.194 0.644
0 0.115 0.669 0.141 0.663
0 0.799 0.370 0.027 0.114
0 0.828 0.366 0.019 0.123
0 0.675 0.471 0.031 0.057
1 0.201 0.395 0.054 0.077
1 0.095 0.375 0.054 0.076
1 0.673 0.457 0.006 0.027
1 0.796 0.323 0.010 0.018
1 0.827 0.316 0.011 0.019
1 0.996 0.433 0.008 0.031
0 0.988 0.450 0.024 0.069
2 0.195 0.583 0.082 0.251
2 0.091 0.583 0.070 0.242
2 0.798 0.351 0.016 0.043
2 0.830 0.350 0.015 0.051
3 0.369 0.444 0.085 0.078
5 0.375 0.697 0.187 0.094
5 0.039 0.864 0.077 0.170
5 0.439 0.755 0.274 0.150
5 0.552 0.617 0.382 0.053
