0 0.379 0.764 0.056 0.312
0 0.431 0.731 0.085 0.257
6 0.962 0.679 0.076 0.194
4 0.322 0.769 0.073 0.171
7 0.945 0.513 0.109 0.076
4 0.813 0.534 0.118 0.051
12 0.396 0.251 0.091 0.156
10 0.429 0.595 0.037 0.103
14 0.080 0.419 0.145 0.122
14 0.091 0.853 0.153 0.294
14 0.161 0.160 0.115 0.113
14 0.027 0.063 0.053 0.086
1 0.370 0.639 0.028 0.060
1 0.397 0.629 0.019 0.042
2 0.427 0.667 0.039 0.069
10 0.622 0.556 0.014 0.044
10 0.643 0.561 0.012 0.039
13 0.228 0.331 0.140 0.086
13 0.348 0.347 0.102 0.056
