0 0.281 0.684 0.048 0.158
0 0.352 0.748 0.038 0.155
0 0.432 0.554 0.046 0.152
11 0.497 0.450 0.145 0.161
11 0.523 0.571 0.088 0.141
1 0.266 0.616 0.013 0.029
1 0.343 0.680 0.013 0.022
1 0.449 0.490 0.014 0.024
13 0.207 0.259 0.228 0.507
14 0.177 0.448 0.015 0.080
14 0.228 0.288 0.010 0.066
7 0.346 0.112 0.095 0.189
7 0.477 0.103 0.148 0.178
7 0.602 0.192 0.152 0.230
7 0.610 0.048 0.066 0.094
7 0.723 0.087 0.155 0.168
7 0.391 0.333 0.142 0.209
7 0.684 0.625 0.158 0.238
7 0.674 0.817 0.195 0.211
7 0.816 0.768 0.066 0.239
7 0.920 0.822 0.156 0.257
2 0.283 0.660 0.028 0.071
2 0.430 0.530 0.027 0.054
3 0.952 0.353 0.096 0.353
3 0.942 0.639 0.116 0.127
7 0.045 0.069 0.072 0.137
