0 0.110 0.767 0.034 0.184
2 0.109 0.734 0.026 0.067
1 0.104 0.683 0.016 0.018
4 0.083 0.344 0.054 0.169
3 0.141 0.328 0.046 0.166
3 0.324 0.302 0.040 0.131
3 0.397 0.300 0.042 0.144
3 0.443 0.304 0.048 0.164
3 0.502 0.305 0.045 0.158
3 0.551 0.313 0.048 0.158
7 0.285 0.844 0.076 0.130
7 0.549 0.952 0.062 0.096
7 0.620 0.100 0.043 0.105
7 0.677 0.106 0.037 0.102
7 0.646 0.032 0.121 0.033
7 0.543 0.067 0.052 0.118
7 0.501 0.069 0.025 0.055
7 0.158 0.188 0.052 0.081
11 0.321 0.085 0.094 0.049
7 0.385 0.962 0.102 0.077
11 0.072 0.661 0.102 0.100
5 0.798 0.283 0.056 0.113
5 0.826 0.303 0.053 0.169
5 0.860 0.277 0.057 0.159
5 0.886 0.342 0.047 0.163
5 0.919 0.313 0.061 0.151
