0 0.103 0.152 0.056 0.123
0 0.090 0.372 0.060 0.181
0 0.170 0.696 0.053 0.112
0 0.165 0.133 0.021 0.066
0 0.383 0.369 0.041 0.100
0 0.809 0.052 0.032 0.097
0 0.947 0.053 0.028 0.096
1 0.098 0.103 0.014 0.021
1 0.166 0.123 0.014 0.019
1 0.082 0.282 0.017 0.036
1 0.180 0.660 0.024 0.068
2 0.106 0.143 0.025 0.058
2 0.090 0.335 0.038 0.080
2 0.174 0.706 0.035 0.056
2 0.806 0.034 0.019 0.059
11 0.060 0.217 0.080 0.095
4 0.037 0.395 0.074 0.117
4 0.086 0.492 0.103 0.116
4 0.149 0.594 0.140 0.137
4 0.594 0.579 0.124 0.139
11 0.459 0.260 0.081 0.098
