0 0.377 0.729 0.017 0.125
0 0.507 0.775 0.031 0.116
0 0.531 0.918 0.028 0.086
0 0.050 0.874 0.039 0.150
0 0.078 0.354 0.019 0.060
0 0.243 0.366 0.018 0.075
0 0.051 0.090 0.026 0.039
0 0.417 0.056 0.018 0.056
0 0.295 0.082 0.009 0.056
0 0.223 0.021 0.013 0.041
0 0.108 0.067 0.018 0.055
0 0.447 0.040 0.014 0.044
0 0.438 0.050 0.008 0.043
0 0.639 0.069 0.021 0.072
0 0.668 0.049 0.014 0.067
0 0.710 0.160 0.011 0.067
0 0.741 0.159 0.020 0.081
0 0.689 0.049 0.014 0.036
1 0.037 0.819 0.013 0.024
1 0.381 0.681 0.016 0.032
1 0.509 0.743 0.016 0.038
1 0.529 0.886 0.014 0.025
1 0.248 0.342 0.009 0.019
1 0.076 0.333 0.009 0.019
0 0.049 0.386 0.020 0.082
1 0.042 0.078 0.006 0.014
1 0.103 0.043 0.004 0.012
1 0.291 0.064 0.003 0.019
1 0.417 0.031 0.004 0.012
1 0.447 0.022 0.004 0.009
1 0.636 0.036 0.007 0.011
1 0.738 0.123 0.009 0.010
1 0.715 0.129 0.010 0.014
2 0.051 0.863 0.017 0.060
2 0.529 0.920 0.027 0.038
2 0.517 0.800 0.023 0.054
2 0.382 0.730 0.023 0.056
2 0.739 0.156 0.007 0.042
2 0.713 0.156 0.010 0.033
2 0.682 0.051 0.007 0.020
2 0.667 0.046 0.009 0.023
2 0.637 0.052 0.006 0.028
2 0.416 0.050 0.009 0.019
2 0.438 0.059 0.006 0.016
2 0.449 0.040 0.005 0.023
2 0.296 0.078 0.007 0.019
2 0.225 0.013 0.006 0.023
2 0.106 0.064 0.007 0.025
2 0.051 0.091 0.010 0.020
3 0.668 0.214 0.066 0.061
3 0.443 0.852 0.126 0.091
4 0.723 0.873 0.164 0.173
4 0.283 0.903 0.077 0.194
9 0.357 0.820 0.064 0.118
10 0.595 0.227 0.008 0.072
10 0.395 0.034 0.008 0.047
10 0.062 0.037 0.014 0.060
