0 0.104 0.831 0.056 0.248
1 0.097 0.721 0.033 0.035
2 0.103 0.798 0.033 0.092
7 0.217 0.242 0.103 0.159
7 0.383 0.259 0.082 0.205
7 0.527 0.385 0.092 0.153
7 0.572 0.274 0.088 0.128
7 0.973 0.147 0.053 0.138
7 0.971 0.342 0.059 0.158
7 0.899 0.575 0.201 0.179
7 0.970 0.780 0.059 0.097
7 0.966 0.926 0.068 0.148
7 0.778 0.965 0.113 0.069
7 0.698 0.867 0.090 0.220
7 0.434 0.666 0.085 0.141
7 0.361 0.400 0.095 0.088
7 0.238 0.781 0.102 0.128
7 0.226 0.945 0.282 0.110
7 0.041 0.907 0.074 0.186
9 0.088 0.276 0.110 0.168
