14 0.800 0.835 0.040 0.082
0 0.291 0.269 0.019 0.100
1 0.289 0.227 0.010 0.015
14 0.727 0.781 0.019 0.044
14 0.948 0.740 0.015 0.049
13 0.956 0.458 0.088 0.120
13 0.729 0.394 0.070 0.090
7 0.673 0.458 0.141 0.206
7 0.692 0.565 0.054 0.096
7 0.585 0.484 0.048 0.096
7 0.175 0.429 0.136 0.237
7 0.250 0.525 0.082 0.105
7 0.305 0.567 0.107 0.131
7 0.376 0.598 0.072 0.121
2 0.289 0.260 0.013 0.036
3 0.030 0.229 0.060 0.095
6 0.235 0.940 0.170 0.119
10 0.713 0.668 0.047 0.095
3 0.531 0.749 0.087 0.083
7 0.975 0.612 0.049 0.194
