4 0.426 0.455 0.076 0.055
4 0.623 0.234 0.043 0.045
4 0.729 0.258 0.038 0.039
4 0.278 0.682 0.145 0.060
4 0.287 0.568 0.118 0.075
4 0.799 0.771 0.148 0.116
4 0.376 0.202 0.032 0.030
10 0.228 0.369 0.014 0.048
7 0.369 0.919 0.170 0.162
7 0.738 0.905 0.114 0.122
7 0.928 0.864 0.144 0.122
0 0.887 0.688 0.021 0.099
0 0.876 0.587 0.028 0.060
0 0.931 0.284 0.010 0.052
0 0.992 0.400 0.016 0.094
9 0.903 0.284 0.042 0.042
0 0.133 0.652 0.040 0.070
0 0.168 0.535 0.015 0.094
0 0.201 0.562 0.019 0.088
0 0.429 0.404 0.009 0.053
0 0.334 0.782 0.020 0.121
0 0.512 0.531 0.018 0.056
0 0.542 0.523 0.018 0.044
0 0.884 0.169 0.010 0.041
0 0.982 0.271 0.012 0.056
0 0.781 0.597 0.020 0.115
0 0.221 0.262 0.009 0.055
2 0.332 0.774 0.019 0.049
1 0.335 0.735 0.013 0.020
3 0.929 0.594 0.046 0.111
3 0.956 0.500 0.035 0.069
3 0.679 0.272 0.035 0.047
3 0.780 0.192 0.026 0.045
10 0.015 0.644 0.030 0.092
0 0.166 0.452 0.021 0.037
0 0.142 0.593 0.019 0.098
1 0.173 0.441 0.006 0.012
1 0.167 0.498 0.010 0.013
1 0.141 0.553 0.008 0.012
1 0.203 0.522 0.009 0.013
1 0.509 0.513 0.008 0.017
1 0.536 0.507 0.008 0.010
1 0.428 0.384 0.005 0.006
1 0.932 0.263 0.006 0.008
1 0.981 0.251 0.007 0.007
1 0.990 0.363 0.008 0.011
1 0.892 0.647 0.015 0.023
1 0.883 0.562 0.008 0.011
2 0.890 0.675 0.015 0.044
2 0.877 0.588 0.016 0.032
2 0.785 0.572 0.009 0.029
2 0.992 0.389 0.010 0.034
2 0.981 0.268 0.008 0.022
2 0.932 0.284 0.007 0.024
2 0.429 0.400 0.007 0.018
2 0.542 0.524 0.014 0.021
2 0.167 0.522 0.014 0.034
2 0.200 0.550 0.015 0.031
2 0.125 0.633 0.019 0.031
2 0.140 0.580 0.011 0.037
2 0.163 0.450 0.015 0.027
2 0.227 0.689 0.022 0.020
1 0.211 0.680 0.008 0.018
