3 0.459 0.129 0.104 0.119
3 0.202 0.213 0.085 0.153
3 0.143 0.236 0.077 0.169
4 0.645 0.053 0.123 0.099
4 0.804 0.049 0.158 0.094
0 0.293 0.100 0.024 0.103
0 0.470 0.294 0.030 0.163
0 0.556 0.536 0.031 0.148
0 0.628 0.665 0.035 0.140
1 0.630 0.612 0.017 0.025
1 0.558 0.475 0.017 0.029
1 0.297 0.059 0.015 0.019
1 0.476 0.226 0.014 0.022
2 0.297 0.088 0.016 0.040
2 0.470 0.274 0.028 0.062
2 0.554 0.522 0.026 0.064
2 0.631 0.660 0.025 0.067
6 0.838 0.909 0.110 0.096
6 0.193 0.539 0.097 0.180
11 0.400 0.317 0.095 0.097
11 0.126 0.436 0.067 0.122
