0 0.523 0.433 0.018 0.068
0 0.384 0.731 0.053 0.112
0 0.174 0.385 0.016 0.094
4 0.172 0.548 0.146 0.119
4 0.783 0.129 0.076 0.081
4 0.563 0.073 0.088 0.088
3 0.681 0.169 0.077 0.095
2 0.395 0.712 0.029 0.041
1 0.368 0.687 0.012 0.024
1 0.524 0.406 0.011 0.017
2 0.523 0.438 0.018 0.038
1 0.343 0.894 0.024 0.028
0 0.050 0.244 0.014 0.086
0 0.063 0.229 0.012 0.072
0 0.072 0.212 0.010 0.031
4 0.048 0.025 0.083 0.049
0 0.288 0.364 0.019 0.078
1 0.171 0.344 0.010 0.015
2 0.172 0.380 0.014 0.041
1 0.051 0.204 0.011 0.014
1 0.061 0.199 0.008 0.011
2 0.051 0.231 0.011 0.031
