0 0.025 0.445 0.046 0.231
0 0.082 0.466 0.040 0.237
0 0.289 0.106 0.038 0.182
0 0.400 0.175 0.037 0.182
0 0.504 0.101 0.035 0.150
0 0.592 0.225 0.043 0.092
0 0.843 0.046 0.035 0.084
10 0.798 0.204 0.066 0.194
3 0.273 0.621 0.162 0.149
3 0.070 0.687 0.138 0.206
2 0.022 0.409 0.032 0.086
2 0.078 0.427 0.030 0.090
2 0.396 0.153 0.025 0.081
2 0.499 0.095 0.021 0.079
2 0.285 0.075 0.029 0.077
2 0.840 0.043 0.022 0.055
1 0.022 0.350 0.025 0.042
1 0.084 0.362 0.022 0.034
1 0.399 0.095 0.015 0.031
1 0.586 0.207 0.017 0.030
1 0.501 0.037 0.016 0.029
1 0.289 0.024 0.018 0.024
1 0.851 0.011 0.014 0.018
