4 0.589 0.424 0.072 0.141
4 0.610 0.306 0.051 0.078
4 0.720 0.865 0.170 0.135
4 0.268 0.884 0.076 0.212
3 0.454 0.862 0.114 0.072
3 0.670 0.227 0.052 0.063
9 0.353 0.826 0.081 0.107
0 0.303 0.730 0.038 0.098
0 0.519 0.830 0.037 0.125
0 0.598 0.916 0.039 0.085
0 0.147 0.850 0.028 0.137
0 0.209 0.394 0.028 0.105
0 0.504 0.080 0.011 0.075
0 0.647 0.163 0.014 0.061
0 0.663 0.064 0.014 0.060
0 0.683 0.058 0.014 0.029
0 0.702 0.070 0.010 0.053
0 0.527 0.069 0.009 0.059
10 0.064 0.041 0.011 0.044
10 0.603 0.231 0.019 0.064
2 0.301 0.741 0.026 0.058
2 0.521 0.799 0.028 0.044
2 0.598 0.931 0.030 0.048
2 0.149 0.852 0.022 0.064
1 0.143 0.794 0.016 0.024
1 0.296 0.696 0.018 0.025
1 0.601 0.889 0.018 0.026
0 0.296 0.026 0.010 0.050
0 0.058 0.401 0.017 0.087
3 0.109 0.402 0.072 0.084
0 0.401 0.033 0.012 0.064
0 0.441 0.078 0.009 0.065
0 0.464 0.069 0.015 0.023
0 0.253 0.023 0.010 0.044
0 0.806 0.913 0.035 0.034
1 0.801 0.916 0.019 0.023
