0 0.142 0.709 0.061 0.189
0 0.280 0.161 0.019 0.079
0 0.417 0.143 0.016 0.081
0 0.558 0.094 0.027 0.087
1 0.141 0.652 0.019 0.030
1 0.555 0.068 0.007 0.012
1 0.315 0.482 0.013 0.028
1 0.858 0.140 0.009 0.018
1 0.838 0.136 0.011 0.018
2 0.858 0.171 0.013 0.038
2 0.845 0.162 0.013 0.033
2 0.721 0.367 0.012 0.043
0 0.449 0.824 0.037 0.092
0 0.724 0.380 0.020 0.113
0 0.841 0.172 0.019 0.103
0 0.857 0.182 0.016 0.103
0 0.673 0.079 0.037 0.036
0 0.602 0.094 0.015 0.057
0 0.529 0.096 0.018 0.065
0 0.394 0.106 0.017 0.073
1 0.448 0.794 0.021 0.019
4 0.654 0.119 0.072 0.073
11 0.171 0.665 0.067 0.065
4 0.074 0.891 0.146 0.147
11 0.566 0.711 0.086 0.108
