0 0.307 0.656 0.036 0.119
0 0.443 0.219 0.020 0.080
0 0.464 0.204 0.028 0.089
0 0.639 0.493 0.038 0.129
0 0.840 0.317 0.020 0.058
0 0.940 0.091 0.022 0.061
1 0.303 0.613 0.013 0.031
1 0.463 0.170 0.014 0.019
1 0.443 0.188 0.010 0.025
1 0.632 0.440 0.014 0.018
1 0.841 0.294 0.009 0.018
1 0.936 0.072 0.013 0.018
2 0.305 0.659 0.032 0.071
2 0.638 0.471 0.029 0.056
2 0.465 0.208 0.024 0.050
2 0.448 0.227 0.016 0.052
3 0.853 0.611 0.103 0.156
4 0.346 0.937 0.279 0.121
4 0.634 0.143 0.091 0.074
3 0.398 0.252 0.074 0.075
