0 0.696 0.438 0.036 0.219
0 0.692 0.136 0.027 0.140
0 0.521 0.117 0.029 0.095
0 0.419 0.435 0.035 0.189
0 0.240 0.263 0.032 0.126
3 0.484 0.263 0.079 0.184
11 0.864 0.203 0.090 0.082
1 0.237 0.214 0.015 0.022
1 0.420 0.354 0.015 0.024
1 0.693 0.345 0.014 0.031
1 0.694 0.081 0.013 0.022
1 0.524 0.081 0.010 0.020
2 0.696 0.407 0.028 0.080
2 0.695 0.122 0.017 0.055
2 0.521 0.123 0.024 0.057
2 0.417 0.407 0.025 0.069
2 0.239 0.251 0.019 0.047
7 0.485 0.710 0.236 0.198
7 0.733 0.793 0.091 0.207
7 0.182 0.843 0.203 0.191
7 0.927 0.803 0.145 0.361
4 0.236 0.601 0.333 0.200
4 0.594 0.207 0.169 0.116
3 0.572 0.086 0.176 0.083
4 0.559 0.033 0.154 0.054
