0 0.038 0.201 0.039 0.117
0 0.394 0.239 0.046 0.160
0 0.421 0.605 0.041 0.206
0 0.527 0.552 0.052 0.189
0 0.663 0.594 0.046 0.202
2 0.048 0.209 0.022 0.058
2 0.426 0.586 0.033 0.084
2 0.528 0.541 0.034 0.093
2 0.668 0.589 0.027 0.087
2 0.396 0.239 0.024 0.059
1 0.039 0.166 0.016 0.026
1 0.384 0.190 0.023 0.041
1 0.427 0.517 0.025 0.038
1 0.524 0.477 0.022 0.029
1 0.658 0.515 0.024 0.040
11 0.107 0.100 0.067 0.095
11 0.505 0.182 0.072 0.089
4 0.043 0.402 0.086 0.123
4 0.075 0.516 0.148 0.123
4 0.038 0.292 0.075 0.092
4 0.533 0.526 0.128 0.131
