3 0.524 0.716 0.115 0.087
4 0.787 0.719 0.164 0.128
4 0.350 0.732 0.074 0.217
4 0.683 0.154 0.045 0.073
0 0.131 0.713 0.039 0.106
1 0.127 0.675 0.017 0.027
0 0.462 0.601 0.062 0.156
1 0.452 0.531 0.014 0.019
2 0.449 0.580 0.024 0.058
0 0.589 0.667 0.025 0.158
1 0.587 0.602 0.017 0.024
2 0.592 0.655 0.021 0.067
0 0.880 0.765 0.036 0.021
1 0.892 0.767 0.012 0.019
2 0.875 0.768 0.025 0.019
10 0.670 0.076 0.025 0.068
0 0.247 0.212 0.023 0.056
2 0.245 0.215 0.017 0.036
1 0.249 0.189 0.007 0.011
1 0.433 0.225 0.009 0.019
