0 0.082 0.419 0.035 0.079
0 0.099 0.323 0.024 0.089
0 0.146 0.339 0.022 0.057
0 0.200 0.400 0.024 0.101
0 0.275 0.354 0.017 0.093
0 0.285 0.573 0.025 0.107
0 0.410 0.347 0.018 0.084
0 0.501 0.364 0.019 0.036
0 0.368 0.223 0.014 0.052
0 0.346 0.154 0.011 0.044
0 0.126 0.230 0.019 0.035
0 0.188 0.040 0.011 0.045
0 0.832 0.574 0.019 0.108
0 0.737 0.451 0.019 0.069
0 0.849 0.447 0.030 0.062
0 0.946 0.307 0.016 0.104
0 0.897 0.186 0.014 0.057
0 0.686 0.054 0.013 0.044
0 0.755 0.032 0.008 0.026
0 0.861 0.057 0.009 0.038
0 0.875 0.052 0.011 0.034
0 0.392 0.026 0.008 0.021
0 0.013 0.308 0.019 0.040
3 0.881 0.487 0.041 0.106
0 0.992 0.632 0.015 0.104
1 0.281 0.532 0.010 0.021
1 0.196 0.362 0.009 0.018
1 0.406 0.314 0.008 0.014
1 0.367 0.202 0.006 0.007
1 0.276 0.316 0.010 0.014
1 0.098 0.288 0.009 0.012
1 0.133 0.219 0.006 0.010
1 0.143 0.315 0.010 0.007
1 0.495 0.350 0.006 0.008
1 0.345 0.134 0.004 0.006
1 0.186 0.022 0.004 0.005
1 0.736 0.418 0.007 0.012
1 0.837 0.528 0.009 0.011
1 0.861 0.428 0.007 0.009
1 0.946 0.263 0.009 0.012
1 0.898 0.164 0.008 0.008
1 0.972 0.215 0.008 0.014
1 0.950 0.155 0.008 0.009
0 0.969 0.248 0.016 0.082
0 0.949 0.169 0.011 0.038
1 0.859 0.042 0.005 0.005
1 0.879 0.039 0.003 0.006
1 0.754 0.023 0.003 0.005
1 0.690 0.037 0.004 0.009
2 0.833 0.559 0.016 0.041
2 0.848 0.438 0.018 0.022
2 0.736 0.444 0.011 0.035
2 0.280 0.563 0.014 0.040
2 0.501 0.362 0.013 0.016
2 0.274 0.345 0.015 0.034
2 0.199 0.386 0.014 0.030
2 0.081 0.398 0.019 0.031
2 0.148 0.338 0.014 0.031
2 0.096 0.314 0.011 0.031
2 0.368 0.218 0.007 0.020
2 0.122 0.222 0.011 0.015
2 0.189 0.037 0.006 0.019
2 0.945 0.290 0.009 0.030
2 0.969 0.241 0.014 0.026
2 0.897 0.180 0.008 0.023
2 0.949 0.173 0.007 0.019
2 0.861 0.053 0.004 0.013
0 0.936 0.060 0.006 0.044
7 0.677 0.767 0.108 0.120
7 0.859 0.754 0.141 0.151
7 0.332 0.741 0.211 0.171
4 0.948 0.469 0.103 0.081
4 0.702 0.122 0.038 0.038
4 0.597 0.079 0.042 0.037
7 0.491 0.845 0.054 0.106
3 0.942 0.398 0.108 0.086
3 0.651 0.137 0.035 0.052
10 0.190 0.150 0.014 0.038
4 0.240 0.478 0.127 0.069
4 0.390 0.272 0.068 0.063
