0 0.770 0.653 0.044 0.149
0 0.859 0.352 0.025 0.066
0 0.303 0.103 0.017 0.040
0 0.335 0.394 0.030 0.074
0 0.285 0.381 0.035 0.114
0 0.401 0.383 0.045 0.081
0 0.457 0.018 0.015 0.034
0 0.594 0.030 0.019 0.057
0 0.768 0.035 0.016 0.068
0 0.172 0.035 0.018 0.069
0 0.071 0.101 0.009 0.044
0 0.207 0.106 0.021 0.078
2 0.332 0.401 0.020 0.039
2 0.399 0.375 0.028 0.081
1 0.287 0.381 0.016 0.056
2 0.776 0.631 0.021 0.060
2 0.857 0.350 0.016 0.039
2 0.072 0.097 0.005 0.026
2 0.208 0.101 0.020 0.043
2 0.172 0.025 0.011 0.036
2 0.456 0.012 0.010 0.015
2 0.600 0.012 0.008 0.021
1 0.074 0.086 0.007 0.012
1 0.174 0.008 0.006 0.014
1 0.209 0.071 0.007 0.013
1 0.310 0.094 0.005 0.020
1 0.448 0.005 0.004 0.008
1 0.292 0.339 0.013 0.020
1 0.349 0.387 0.006 0.019
1 0.390 0.356 0.006 0.013
1 0.777 0.575 0.014 0.012
1 0.866 0.332 0.009 0.018
1 0.763 0.006 0.006 0.011
2 0.766 0.024 0.008 0.036
0 0.017 0.449 0.019 0.123
2 0.016 0.459 0.014 0.046
1 0.015 0.406 0.011 0.022
3 0.447 0.674 0.109 0.137
3 0.108 0.128 0.065 0.072
3 0.765 0.337 0.068 0.107
4 0.159 0.658 0.177 0.160
4 0.397 0.180 0.067 0.093
4 0.066 0.300 0.124 0.124
9 0.893 0.393 0.046 0.077
