0 0.723 0.364 0.024 0.098
0 0.612 0.159 0.025 0.095
0 0.586 0.139 0.024 0.063
0 0.102 0.069 0.021 0.114
0 0.066 0.089 0.022 0.082
4 0.380 0.158 0.110 0.155
4 0.486 0.137 0.102 0.092
10 0.871 0.955 0.025 0.072
4 0.974 0.137 0.053 0.092
11 0.154 0.674 0.117 0.061
0 0.499 0.073 0.022 0.049
2 0.722 0.369 0.017 0.065
1 0.729 0.328 0.009 0.022
2 0.499 0.078 0.018 0.031
3 0.623 0.275 0.107 0.091
2 0.104 0.064 0.018 0.048
1 0.100 0.027 0.011 0.017
2 0.609 0.154 0.016 0.043
2 0.589 0.147 0.015 0.036
1 0.615 0.123 0.010 0.017
1 0.591 0.113 0.011 0.015
1 0.502 0.052 0.009 0.015
9 0.416 0.057 0.078 0.055
