0 0.627 0.398 0.027 0.127
0 0.360 0.399 0.019 0.073
0 0.241 0.350 0.021 0.106
0 0.968 0.389 0.027 0.106
0 0.064 0.030 0.017 0.044
0 0.124 0.055 0.022 0.054
2 0.625 0.387 0.022 0.040
1 0.633 0.353 0.014 0.019
1 0.635 0.347 0.010 0.017
1 0.359 0.387 0.006 0.020
1 0.242 0.312 0.016 0.012
2 0.244 0.351 0.023 0.041
2 0.122 0.051 0.009 0.026
2 0.065 0.029 0.007 0.023
1 0.124 0.030 0.005 0.011
1 0.065 0.008 0.005 0.010
2 0.967 0.379 0.020 0.036
1 0.979 0.354 0.013 0.017
3 0.072 0.266 0.062 0.074
10 0.256 0.087 0.020 0.037
