3 0.503 0.090 0.083 0.165
3 0.563 0.083 0.078 0.156
3 0.825 0.044 0.102 0.085
4 0.249 0.073 0.121 0.139
0 0.432 0.308 0.030 0.153
0 0.571 0.922 0.066 0.099
0 0.955 0.549 0.038 0.152
0 0.316 0.966 0.033 0.069
1 0.313 0.952 0.020 0.032
1 0.961 0.488 0.020 0.030
1 0.434 0.248 0.018 0.027
2 0.433 0.293 0.023 0.063
2 0.955 0.534 0.024 0.066
2 0.575 0.921 0.042 0.069
2 0.316 0.988 0.025 0.024
6 0.535 0.401 0.099 0.188
6 0.177 0.804 0.114 0.155
6 0.266 0.943 0.059 0.114
11 0.755 0.209 0.099 0.094
8 0.566 0.981 0.107 0.039
4 0.018 0.158 0.036 0.119
11 0.477 0.283 0.059 0.128
