4 0.292 0.919 0.246 0.163
7 0.045 0.288 0.090 0.136
7 0.040 0.806 0.078 0.168
7 0.073 0.923 0.110 0.154
7 0.367 0.167 0.128 0.250
7 0.283 0.184 0.049 0.103
7 0.709 0.359 0.080 0.229
7 0.895 0.280 0.104 0.114
7 0.653 0.354 0.038 0.104
7 0.726 0.229 0.138 0.119
11 0.270 0.524 0.059 0.081
13 0.375 0.505 0.204 0.277
13 0.553 0.507 0.140 0.246
14 0.436 0.525 0.036 0.066
14 0.365 0.478 0.020 0.049
13 0.742 0.116 0.158 0.090
13 0.913 0.181 0.173 0.102
13 0.605 0.134 0.099 0.104
13 0.753 0.780 0.136 0.242
13 0.890 0.578 0.146 0.209
13 0.967 0.451 0.066 0.093
13 0.683 0.773 0.075 0.216
13 0.762 0.642 0.104 0.150
13 0.837 0.537 0.106 0.129
13 0.908 0.424 0.099 0.142
13 0.969 0.319 0.062 0.109
