0 0.069 0.205 0.038 0.121
0 0.420 0.222 0.048 0.183
0 0.431 0.580 0.044 0.233
0 0.543 0.540 0.046 0.227
0 0.709 0.574 0.049 0.239
1 0.056 0.152 0.022 0.028
1 0.413 0.143 0.015 0.044
1 0.429 0.497 0.018 0.028
1 0.543 0.446 0.020 0.028
1 0.702 0.475 0.026 0.038
2 0.071 0.197 0.030 0.059
2 0.423 0.198 0.031 0.058
2 0.429 0.561 0.039 0.099
2 0.544 0.505 0.031 0.069
2 0.709 0.546 0.033 0.068
11 0.116 0.075 0.064 0.094
0 0.391 0.263 0.051 0.086
1 0.389 0.236 0.026 0.036
11 0.510 0.156 0.081 0.091
4 0.083 0.503 0.163 0.137
4 0.058 0.383 0.109 0.167
4 0.042 0.272 0.082 0.118
