0 0.510 0.475 0.041 0.097
0 0.832 0.280 0.042 0.081
0 0.977 0.504 0.046 0.124
0 0.060 0.127 0.035 0.174
0 0.828 0.164 0.044 0.172
0 0.877 0.171 0.033 0.164
0 0.619 0.137 0.046 0.092
1 0.632 0.108 0.015 0.031
1 0.821 0.098 0.018 0.026
1 0.883 0.103 0.016 0.022
1 0.962 0.462 0.022 0.035
1 0.061 0.055 0.015 0.032
10 0.555 0.304 0.069 0.181
10 0.714 0.400 0.028 0.046
2 0.877 0.162 0.028 0.085
1 0.508 0.447 0.026 0.032
2 0.511 0.494 0.029 0.054
3 0.061 0.761 0.114 0.168
2 0.063 0.111 0.023 0.076
10 0.490 0.301 0.032 0.120
3 0.118 0.875 0.154 0.169
2 0.825 0.150 0.021 0.066
2 0.616 0.139 0.035 0.059
2 0.835 0.275 0.030 0.053
2 0.985 0.506 0.030 0.073
