0 0.224 0.324 0.018 0.094
0 0.055 0.197 0.015 0.051
0 0.607 0.204 0.026 0.075
1 0.054 0.179 0.010 0.017
1 0.226 0.286 0.011 0.018
7 0.229 0.062 0.068 0.076
7 0.459 0.347 0.141 0.219
7 0.539 0.464 0.118 0.138
7 0.623 0.512 0.130 0.128
7 0.945 0.396 0.110 0.201
7 0.973 0.504 0.055 0.117
7 0.865 0.414 0.049 0.112
7 0.684 0.984 0.111 0.032
2 0.225 0.320 0.016 0.051
2 0.608 0.183 0.022 0.031
3 0.135 0.142 0.083 0.100
3 0.307 0.153 0.075 0.087
3 0.098 0.075 0.063 0.095
3 0.030 0.111 0.059 0.074
6 0.531 0.914 0.204 0.171
10 0.986 0.625 0.028 0.084
10 0.007 0.163 0.012 0.093
3 0.813 0.683 0.085 0.076
