0 0.583 0.519 0.029 0.118
0 0.796 0.523 0.033 0.069
0 0.879 0.224 0.015 0.030
0 0.745 0.212 0.013 0.043
0 0.569 0.393 0.023 0.104
0 0.515 0.188 0.015 0.066
0 0.537 0.186 0.016 0.068
0 0.526 0.186 0.008 0.075
0 0.429 0.520 0.015 0.108
0 0.462 0.506 0.021 0.113
0 0.399 0.478 0.020 0.083
0 0.337 0.465 0.027 0.109
0 0.044 0.431 0.031 0.037
0 0.117 0.408 0.023 0.061
0 0.492 0.121 0.015 0.035
3 0.472 0.425 0.042 0.099
3 0.723 0.243 0.039 0.071
4 0.865 0.498 0.158 0.141
4 0.969 0.407 0.061 0.057
11 0.681 0.387 0.052 0.048
1 0.784 0.493 0.008 0.013
1 0.881 0.218 0.006 0.014
1 0.589 0.469 0.009 0.016
1 0.567 0.350 0.007 0.013
1 0.393 0.443 0.007 0.010
1 0.466 0.457 0.006 0.017
1 0.426 0.475 0.007 0.014
1 0.333 0.417 0.007 0.013
1 0.052 0.422 0.008 0.020
1 0.118 0.386 0.008 0.011
1 0.514 0.161 0.006 0.011
1 0.536 0.156 0.006 0.009
2 0.800 0.519 0.019 0.051
2 0.582 0.500 0.018 0.048
2 0.571 0.380 0.014 0.038
2 0.461 0.485 0.012 0.041
2 0.427 0.507 0.012 0.031
2 0.399 0.466 0.008 0.030
2 0.113 0.405 0.013 0.031
2 0.038 0.424 0.012 0.026
2 0.516 0.181 0.010 0.024
2 0.536 0.175 0.010 0.022
2 0.493 0.121 0.008 0.016
1 0.489 0.108 0.004 0.007
7 0.477 0.677 0.129 0.117
7 0.616 0.714 0.048 0.111
7 0.810 0.657 0.113 0.162
7 0.735 0.763 0.113 0.286
7 0.413 0.958 0.079 0.084
7 0.305 0.755 0.116 0.090
7 0.125 0.911 0.061 0.112
4 0.761 0.448 0.086 0.094
4 0.751 0.351 0.077 0.061
4 0.527 0.384 0.081 0.045
3 0.506 0.325 0.068 0.047
4 0.512 0.298 0.083 0.033
4 0.269 0.113 0.039 0.042
4 0.156 0.091 0.044 0.044
3 0.220 0.133 0.037 0.044
3 0.828 0.112 0.026 0.051
4 0.709 0.058 0.043 0.032
4 0.880 0.159 0.033 0.053
3 0.316 0.045 0.032 0.041
4 0.333 0.621 0.169 0.124
