0 0.727 0.106 0.015 0.090
0 0.788 0.080 0.024 0.059
1 0.965 0.211 0.017 0.025
1 0.996 0.223 0.008 0.016
1 0.731 0.074 0.015 0.014
1 0.787 0.071 0.014 0.018
2 0.960 0.254 0.019 0.067
2 0.996 0.269 0.008 0.059
0 0.096 0.221 0.027 0.061
2 0.099 0.215 0.015 0.028
2 0.729 0.111 0.011 0.043
2 0.582 0.015 0.013 0.029
0 0.583 0.039 0.034 0.077
0 0.954 0.270 0.037 0.180
0 0.989 0.290 0.021 0.168
0 0.799 0.092 0.054 0.085
3 0.830 0.389 0.064 0.137
4 0.457 0.038 0.115 0.056
4 0.554 0.368 0.147 0.142
4 0.221 0.409 0.112 0.120
9 0.094 0.459 0.068 0.120
10 0.107 0.470 0.012 0.039
10 0.178 0.096 0.015 0.032
