0 0.217 0.471 0.020 0.089
0 0.597 0.350 0.031 0.084
0 0.047 0.343 0.015 0.047
1 0.217 0.436 0.009 0.016
1 0.046 0.326 0.010 0.012
14 0.996 0.880 0.007 0.053
7 0.221 0.209 0.071 0.070
7 0.453 0.500 0.139 0.231
7 0.516 0.603 0.086 0.102
7 0.572 0.645 0.108 0.136
7 0.639 0.671 0.068 0.123
7 0.938 0.549 0.124 0.230
7 0.965 0.648 0.063 0.113
7 0.855 0.570 0.051 0.111
2 0.217 0.470 0.013 0.044
2 0.599 0.334 0.016 0.035
2 0.046 0.350 0.011 0.024
3 0.124 0.293 0.079 0.089
3 0.093 0.218 0.061 0.088
3 0.298 0.301 0.074 0.090
3 0.025 0.257 0.049 0.071
10 0.982 0.775 0.035 0.097
3 0.800 0.837 0.088 0.085
