0 0.069 0.075 0.051 0.082
0 0.158 0.077 0.042 0.063
0 0.225 0.134 0.023 0.102
0 0.247 0.181 0.020 0.080
0 0.384 0.272 0.039 0.131
0 0.426 0.143 0.028 0.119
0 0.482 0.196 0.023 0.076
0 0.593 0.324 0.037 0.083
1 0.058 0.045 0.018 0.021
1 0.160 0.046 0.012 0.021
1 0.219 0.097 0.014 0.022
1 0.254 0.141 0.008 0.017
1 0.376 0.218 0.011 0.024
1 0.477 0.170 0.011 0.014
1 0.422 0.092 0.013 0.016
1 0.599 0.306 0.018 0.046
2 0.483 0.200 0.015 0.040
2 0.426 0.127 0.014 0.048
2 0.388 0.253 0.017 0.044
2 0.245 0.178 0.010 0.043
2 0.233 0.132 0.010 0.051
2 0.147 0.069 0.019 0.035
7 0.120 0.958 0.139 0.084
10 0.291 0.337 0.040 0.089
9 0.934 0.294 0.055 0.069
11 0.433 0.370 0.126 0.106
