0 0.639 0.069 0.033 0.136
0 0.711 0.066 0.045 0.131
0 0.909 0.545 0.053 0.254
0 0.662 0.754 0.050 0.230
1 0.914 0.446 0.025 0.035
1 0.657 0.666 0.026 0.040
2 0.910 0.521 0.040 0.097
2 0.710 0.032 0.024 0.062
2 0.638 0.038 0.026 0.074
2 0.662 0.726 0.047 0.088
3 0.916 0.729 0.167 0.156
7 0.255 0.069 0.146 0.137
7 0.121 0.232 0.194 0.158
7 0.287 0.450 0.225 0.226
7 0.197 0.589 0.114 0.219
7 0.015 0.709 0.029 0.300
7 0.035 0.948 0.070 0.102
7 0.214 0.847 0.204 0.304
7 0.414 0.745 0.123 0.209
7 0.649 0.356 0.118 0.246
7 0.612 0.181 0.098 0.136
7 0.574 0.028 0.087 0.055
7 0.678 0.064 0.092 0.081
