14 0.213 0.116 0.032 0.033
0 0.557 0.279 0.031 0.069
0 0.695 0.285 0.022 0.056
0 0.977 0.755 0.022 0.176
0 0.365 0.137 0.020 0.111
0 0.416 0.137 0.027 0.054
0 0.390 0.046 0.019 0.056
0 0.314 0.062 0.017 0.091
0 0.298 0.077 0.016 0.094
0 0.172 0.175 0.027 0.053
0 0.230 0.307 0.028 0.059
0 0.624 0.029 0.015 0.056
11 0.051 0.144 0.091 0.077
1 0.170 0.153 0.008 0.015
1 0.238 0.287 0.010 0.019
1 0.547 0.253 0.009 0.019
1 0.798 0.274 0.008 0.020
2 0.561 0.278 0.016 0.048
2 0.696 0.284 0.017 0.035
2 0.228 0.306 0.021 0.044
2 0.162 0.174 0.014 0.030
2 0.364 0.111 0.018 0.034
2 0.315 0.050 0.013 0.034
2 0.389 0.042 0.016 0.019
2 0.626 0.013 0.012 0.023
2 0.978 0.714 0.020 0.047
10 0.404 0.437 0.024 0.093
10 0.119 0.094 0.023 0.053
14 0.343 0.019 0.017 0.031
1 0.409 0.120 0.008 0.020
