0 0.583 0.553 0.033 0.181
0 0.343 0.950 0.044 0.099
11 0.581 0.437 0.149 0.163
11 0.623 0.562 0.058 0.134
1 0.344 0.922 0.022 0.035
1 0.583 0.469 0.014 0.020
14 0.260 0.440 0.012 0.076
14 0.311 0.272 0.013 0.069
13 0.289 0.269 0.218 0.537
7 0.134 0.059 0.068 0.117
7 0.430 0.108 0.092 0.197
7 0.560 0.089 0.146 0.177
7 0.686 0.183 0.148 0.230
7 0.804 0.084 0.152 0.139
7 0.474 0.319 0.152 0.223
7 0.765 0.609 0.163 0.247
7 0.757 0.815 0.201 0.187
7 0.897 0.759 0.069 0.235
7 0.960 0.803 0.080 0.239
2 0.580 0.527 0.022 0.070
2 0.344 0.964 0.026 0.049
7 0.076 0.047 0.047 0.093
7 0.697 0.035 0.065 0.068
3 0.984 0.631 0.031 0.118
