0 0.138 0.089 0.046 0.171
0 0.168 0.070 0.034 0.138
0 0.339 0.215 0.046 0.208
0 0.401 0.392 0.035 0.185
0 0.496 0.379 0.039 0.192
0 0.645 0.613 0.045 0.173
1 0.644 0.546 0.027 0.033
1 0.886 0.095 0.018 0.026
1 0.497 0.313 0.021 0.030
1 0.399 0.329 0.024 0.037
1 0.348 0.119 0.025 0.026
1 0.142 0.010 0.021 0.018
2 0.138 0.071 0.026 0.097
2 0.340 0.188 0.031 0.097
2 0.395 0.384 0.019 0.080
2 0.494 0.366 0.033 0.084
2 0.639 0.606 0.030 0.097
7 0.089 0.169 0.177 0.122
7 0.052 0.389 0.104 0.223
7 0.086 0.787 0.170 0.217
7 0.359 0.338 0.097 0.123
7 0.435 0.700 0.122 0.239
7 0.371 0.512 0.120 0.153
7 0.979 0.245 0.042 0.158
0 0.888 0.158 0.045 0.175
2 0.884 0.152 0.030 0.069
7 0.932 0.903 0.127 0.194
7 0.024 0.918 0.046 0.153
