0 0.503 0.301 0.042 0.237
0 0.612 0.288 0.033 0.204
0 0.595 0.243 0.029 0.156
0 0.487 0.554 0.033 0.182
1 0.491 0.481 0.022 0.033
1 0.498 0.213 0.025 0.032
1 0.629 0.213 0.016 0.035
1 0.611 0.193 0.019 0.036
2 0.505 0.269 0.024 0.080
2 0.596 0.246 0.022 0.057
2 0.611 0.268 0.026 0.070
2 0.490 0.543 0.026 0.081
5 0.536 0.272 0.262 0.081
5 0.946 0.051 0.108 0.073
5 0.136 0.377 0.271 0.047
5 0.099 0.420 0.197 0.075
5 0.170 0.454 0.282 0.090
7 0.405 0.377 0.214 0.192
7 0.716 0.165 0.185 0.173
7 0.787 0.365 0.206 0.207
7 0.811 0.574 0.207 0.227
11 0.688 0.903 0.232 0.192
