0 0.551 0.156 0.054 0.147
0 0.746 0.073 0.048 0.144
2 0.748 0.046 0.023 0.058
2 0.548 0.132 0.034 0.076
1 0.568 0.097 0.014 0.025
7 0.494 0.297 0.041 0.073
7 0.451 0.593 0.102 0.165
7 0.383 0.775 0.208 0.188
7 0.207 0.702 0.116 0.241
7 0.059 0.726 0.105 0.228
7 0.618 0.725 0.015 0.160
7 0.927 0.602 0.137 0.241
7 0.935 0.306 0.059 0.121
7 0.971 0.180 0.058 0.115
7 0.892 0.108 0.059 0.119
7 0.043 0.065 0.085 0.128
7 0.347 0.330 0.111 0.206
9 0.823 0.070 0.084 0.059
9 0.104 0.113 0.058 0.117
9 0.113 0.040 0.054 0.078
1 0.808 0.011 0.019 0.019
7 0.843 0.765 0.151 0.157
