0 0.136 0.873 0.047 0.171
0 0.182 0.750 0.045 0.163
0 0.288 0.838 0.032 0.090
0 0.307 0.849 0.045 0.214
0 0.786 0.678 0.024 0.167
0 0.945 0.881 0.046 0.231
0 0.437 0.103 0.067 0.169
1 0.472 0.028 0.022 0.032
1 0.790 0.629 0.017 0.034
1 0.950 0.786 0.021 0.031
1 0.310 0.763 0.024 0.035
1 0.190 0.696 0.028 0.031
1 0.138 0.803 0.036 0.033
2 0.457 0.091 0.032 0.079
2 0.788 0.686 0.031 0.070
2 0.947 0.844 0.041 0.070
2 0.314 0.821 0.048 0.075
2 0.186 0.758 0.034 0.083
2 0.135 0.867 0.036 0.082
7 0.646 0.543 0.077 0.140
7 0.054 0.740 0.098 0.123
7 0.162 0.784 0.073 0.064
7 0.080 0.922 0.116 0.110
