0 0.493 0.450 0.016 0.069
0 0.637 0.393 0.017 0.064
0 0.900 0.351 0.019 0.062
0 0.914 0.358 0.030 0.068
4 0.580 0.955 0.077 0.091
4 0.661 0.926 0.068 0.135
4 0.657 0.824 0.067 0.074
4 0.670 0.789 0.065 0.083
4 0.684 0.736 0.077 0.087
4 0.686 0.658 0.054 0.064
4 0.827 0.769 0.194 0.354
4 0.562 0.754 0.130 0.237
10 0.584 0.305 0.041 0.067
10 0.947 0.648 0.055 0.069
1 0.641 0.368 0.007 0.012
1 0.905 0.325 0.007 0.013
1 0.922 0.330 0.008 0.013
1 0.492 0.424 0.007 0.010
2 0.922 0.352 0.014 0.029
2 0.901 0.343 0.011 0.026
2 0.637 0.388 0.010 0.024
