0 0.402 0.070 0.017 0.072
0 0.432 0.123 0.025 0.186
0 0.454 0.131 0.047 0.202
0 0.330 0.051 0.010 0.026
0 0.343 0.058 0.010 0.037
1 0.329 0.040 0.003 0.006
1 0.342 0.043 0.003 0.005
1 0.403 0.042 0.006 0.011
1 0.435 0.037 0.011 0.015
1 0.447 0.040 0.011 0.019
1 0.458 0.040 0.016 0.020
2 0.329 0.056 0.006 0.015
2 0.345 0.056 0.006 0.017
2 0.403 0.059 0.009 0.019
2 0.433 0.087 0.022 0.054
2 0.452 0.110 0.023 0.079
11 0.233 0.651 0.465 0.697
11 0.312 0.221 0.248 0.172
13 0.735 0.067 0.531 0.034
13 0.716 0.527 0.568 0.937
14 0.644 0.075 0.073 0.024
14 0.970 0.075 0.060 0.019
