0 0.269 0.189 0.032 0.056
0 0.659 0.296 0.025 0.064
0 0.520 0.153 0.026 0.057
0 0.480 0.063 0.018 0.049
0 0.807 0.308 0.034 0.050
11 0.147 0.159 0.088 0.078
1 0.653 0.274 0.009 0.019
1 0.271 0.170 0.008 0.018
14 0.312 0.128 0.028 0.050
14 0.442 0.034 0.014 0.035
2 0.261 0.185 0.014 0.037
2 0.330 0.322 0.023 0.024
2 0.523 0.147 0.016 0.033
2 0.482 0.061 0.014 0.024
10 0.502 0.449 0.027 0.094
10 0.217 0.107 0.015 0.056
14 0.018 0.102 0.022 0.042
0 0.048 0.134 0.020 0.046
2 0.048 0.136 0.015 0.033
1 0.312 0.203 0.005 0.014
1 0.511 0.131 0.006 0.013
1 0.818 0.289 0.009 0.014
1 0.884 0.264 0.009 0.019
