2 0.386 0.020 0.016 0.031
2 0.361 0.017 0.018 0.031
7 0.251 0.760 0.110 0.188
7 0.348 0.887 0.123 0.192
7 0.095 0.194 0.189 0.301
7 0.435 0.151 0.256 0.269
7 0.843 0.287 0.291 0.289
10 0.495 0.323 0.078 0.100
10 0.598 0.452 0.087 0.130
11 0.431 0.482 0.071 0.097
6 0.107 0.696 0.211 0.297
13 0.532 0.469 0.216 0.267
13 0.688 0.465 0.132 0.246
13 0.655 0.349 0.201 0.205
13 0.489 0.345 0.150 0.185
13 0.623 0.105 0.343 0.159
13 0.983 0.452 0.033 0.286
13 0.936 0.540 0.078 0.314
13 0.890 0.705 0.113 0.294
14 0.464 0.400 0.080 0.125
14 0.533 0.438 0.028 0.057
14 0.611 0.487 0.053 0.093
14 0.733 0.397 0.032 0.069
