0 0.843 0.291 0.009 0.035
0 0.857 0.310 0.014 0.069
0 0.865 0.312 0.019 0.066
0 0.798 0.281 0.010 0.018
0 0.337 0.260 0.038 0.073
0 0.487 0.276 0.033 0.061
1 0.347 0.234 0.011 0.015
1 0.496 0.256 0.011 0.019
1 0.798 0.274 0.003 0.004
1 0.844 0.278 0.004 0.006
1 0.860 0.282 0.005 0.008
1 0.867 0.282 0.005 0.005
2 0.331 0.260 0.018 0.040
2 0.483 0.280 0.015 0.034
2 0.857 0.300 0.008 0.020
2 0.864 0.303 0.010 0.019
2 0.842 0.289 0.007 0.015
5 0.543 0.402 0.137 0.081
5 0.263 0.648 0.526 0.456
5 0.184 0.475 0.368 0.199
5 0.065 0.247 0.067 0.038
5 0.160 0.322 0.116 0.069
5 0.591 0.281 0.078 0.021
5 0.572 0.297 0.017 0.019
5 0.571 0.323 0.011 0.015
5 0.563 0.317 0.008 0.017
5 0.592 0.298 0.028 0.023
5 0.604 0.301 0.027 0.018
5 0.593 0.321 0.015 0.020
5 0.582 0.320 0.012 0.019
5 0.609 0.317 0.014 0.028
5 0.617 0.328 0.010 0.014
5 0.627 0.310 0.009 0.013
5 0.629 0.323 0.013 0.014
5 0.645 0.293 0.022 0.028
5 0.654 0.297 0.015 0.020
11 0.817 0.337 0.066 0.061
10 0.026 0.231 0.051 0.144
10 0.466 0.234 0.018 0.055
13 0.933 0.417 0.134 0.262
14 0.507 0.065 0.131 0.128
