0 0.834 0.845 0.044 0.163
0 0.451 0.535 0.028 0.074
0 0.448 0.412 0.023 0.107
0 0.571 0.391 0.027 0.066
0 0.701 0.490 0.034 0.129
0 0.102 0.209 0.017 0.105
0 0.103 0.050 0.016 0.065
0 0.136 0.045 0.016 0.046
0 0.161 0.045 0.016 0.067
0 0.250 0.059 0.017 0.056
0 0.470 0.107 0.019 0.062
0 0.511 0.084 0.024 0.045
0 0.499 0.125 0.021 0.061
0 0.557 0.128 0.015 0.063
0 0.567 0.154 0.009 0.032
0 0.585 0.190 0.015 0.068
0 0.769 0.023 0.009 0.044
0 0.790 0.030 0.007 0.058
0 0.736 0.012 0.015 0.022
0 0.859 0.015 0.020 0.028
0 0.789 0.241 0.017 0.079
2 0.837 0.840 0.036 0.076
2 0.704 0.479 0.023 0.048
2 0.571 0.399 0.020 0.039
2 0.444 0.394 0.018 0.056
2 0.453 0.530 0.025 0.026
2 0.793 0.241 0.012 0.034
2 0.581 0.199 0.013 0.044
2 0.790 0.015 0.015 0.028
2 0.737 0.010 0.011 0.018
2 0.554 0.138 0.009 0.028
2 0.514 0.092 0.010 0.033
2 0.471 0.106 0.018 0.019
2 0.501 0.127 0.013 0.028
2 0.101 0.050 0.017 0.031
2 0.139 0.050 0.011 0.018
2 0.164 0.038 0.013 0.025
2 0.247 0.066 0.014 0.031
1 0.103 0.019 0.010 0.015
1 0.133 0.031 0.013 0.015
1 0.159 0.019 0.010 0.016
1 0.247 0.036 0.006 0.010
1 0.469 0.087 0.011 0.011
1 0.503 0.113 0.007 0.018
1 0.513 0.073 0.008 0.025
1 0.557 0.117 0.007 0.019
1 0.569 0.155 0.006 0.016
1 0.582 0.170 0.007 0.017
1 0.786 0.224 0.005 0.015
1 0.441 0.508 0.017 0.022
1 0.446 0.353 0.016 0.023
1 0.571 0.369 0.015 0.013
1 0.696 0.439 0.016 0.019
1 0.819 0.789 0.010 0.027
3 0.500 0.436 0.100 0.095
3 0.547 0.208 0.061 0.076
4 0.682 0.644 0.155 0.091
4 0.589 0.496 0.059 0.086
4 0.660 0.563 0.086 0.150
4 0.216 0.362 0.173 0.106
4 0.171 0.592 0.081 0.143
9 0.283 0.210 0.092 0.073
9 0.820 0.576 0.110 0.123
10 0.368 0.125 0.045 0.069
10 0.614 0.144 0.031 0.044
10 0.823 0.662 0.022 0.058
11 0.599 0.578 0.064 0.065
