5 0.837 0.725 0.326 0.154
5 0.665 0.628 0.433 0.167
5 0.549 0.397 0.282 0.196
5 0.356 0.297 0.453 0.065
5 0.252 0.096 0.130 0.079
0 0.741 0.431 0.030 0.218
0 0.501 0.165 0.027 0.093
0 0.438 0.227 0.034 0.185
0 0.306 0.108 0.028 0.206
0 0.263 0.163 0.028 0.156
0 0.189 0.287 0.015 0.145
2 0.740 0.406 0.027 0.076
1 0.739 0.351 0.016 0.024
2 0.506 0.171 0.019 0.063
2 0.438 0.213 0.019 0.076
2 0.310 0.111 0.016 0.054
2 0.266 0.154 0.021 0.066
2 0.198 0.306 0.017 0.074
1 0.197 0.251 0.021 0.047
1 0.249 0.126 0.022 0.028
1 0.316 0.078 0.033 0.041
1 0.433 0.155 0.018 0.037
1 0.504 0.137 0.020 0.020
11 0.287 0.038 0.051 0.074
11 0.676 0.119 0.064 0.083
