14 0.512 0.227 0.026 0.042
0 0.537 0.420 0.029 0.054
0 0.854 0.355 0.032 0.059
0 0.640 0.220 0.019 0.101
0 0.618 0.200 0.020 0.093
0 0.568 0.218 0.022 0.104
0 0.689 0.138 0.022 0.048
0 0.180 0.234 0.021 0.066
0 0.466 0.293 0.025 0.054
0 0.008 0.429 0.015 0.126
11 0.353 0.280 0.091 0.076
1 0.174 0.208 0.009 0.015
1 0.470 0.274 0.009 0.015
1 0.546 0.404 0.011 0.022
1 0.621 0.159 0.009 0.014
1 0.639 0.174 0.009 0.015
1 0.710 0.215 0.009 0.016
1 0.849 0.336 0.011 0.020
14 0.222 0.238 0.019 0.041
14 0.636 0.119 0.015 0.036
2 0.861 0.350 0.013 0.032
2 0.532 0.418 0.016 0.034
2 0.460 0.294 0.014 0.030
2 0.183 0.235 0.014 0.038
2 0.571 0.197 0.014 0.031
2 0.617 0.190 0.013 0.039
2 0.690 0.141 0.015 0.029
10 0.713 0.525 0.025 0.088
10 0.416 0.220 0.021 0.050
