0 0.051 0.215 0.033 0.141
0 0.076 0.166 0.036 0.138
0 0.079 0.241 0.030 0.153
0 0.170 0.371 0.037 0.164
0 0.554 0.247 0.056 0.181
0 0.600 0.220 0.031 0.177
0 0.410 0.623 0.054 0.138
0 0.492 0.627 0.054 0.136
0 0.385 0.270 0.043 0.106
1 0.054 0.163 0.019 0.041
1 0.083 0.128 0.015 0.026
1 0.087 0.186 0.009 0.019
1 0.183 0.315 0.019 0.025
1 0.381 0.238 0.016 0.035
1 0.559 0.170 0.013 0.024
1 0.599 0.154 0.013 0.015
1 0.430 0.594 0.023 0.031
1 0.486 0.579 0.025 0.031
2 0.055 0.208 0.032 0.072
2 0.077 0.166 0.027 0.070
2 0.080 0.236 0.023 0.051
2 0.168 0.353 0.027 0.075
2 0.407 0.626 0.035 0.061
2 0.488 0.638 0.049 0.088
2 0.558 0.230 0.028 0.075
2 0.604 0.200 0.023 0.056
11 0.049 0.142 0.068 0.070
4 0.039 0.340 0.077 0.145
4 0.095 0.423 0.099 0.104
4 0.137 0.535 0.176 0.141
4 0.600 0.459 0.115 0.153
11 0.458 0.150 0.081 0.105
