0 0.267 0.448 0.013 0.034
0 0.468 0.398 0.008 0.022
2 0.266 0.444 0.006 0.011
1 0.267 0.437 0.004 0.005
1 0.062 0.365 0.003 0.006
1 0.055 0.363 0.004 0.005
0 0.055 0.371 0.009 0.028
0 0.064 0.375 0.009 0.031
1 0.838 0.263 0.007 0.010
6 0.577 0.531 0.064 0.076
6 0.226 0.506 0.028 0.028
4 0.189 0.483 0.040 0.054
5 0.453 0.754 0.135 0.135
10 0.423 0.412 0.011 0.018
12 0.885 0.057 0.027 0.039
14 0.952 0.240 0.035 0.023
14 0.561 0.803 0.042 0.031
14 0.043 0.138 0.079 0.041
13 0.906 0.446 0.189 0.231
11 0.221 0.408 0.020 0.014
13 0.155 0.713 0.258 0.574
