0 0.829 0.438 0.031 0.113
0 0.860 0.368 0.029 0.108
0 0.685 0.810 0.029 0.195
14 0.484 0.312 0.040 0.053
1 0.691 0.724 0.015 0.021
1 0.832 0.393 0.014 0.024
1 0.862 0.325 0.013 0.025
14 0.407 0.255 0.020 0.048
14 0.626 0.209 0.014 0.046
14 0.793 0.574 0.015 0.064
14 0.860 0.436 0.015 0.061
13 0.855 0.343 0.291 0.616
7 0.040 0.069 0.078 0.137
7 0.086 0.591 0.112 0.165
7 0.174 0.731 0.117 0.191
7 0.686 0.109 0.112 0.217
7 0.368 0.043 0.059 0.083
7 0.786 0.050 0.045 0.079
7 0.871 0.061 0.106 0.106
7 0.972 0.425 0.057 0.392
2 0.686 0.781 0.021 0.069
2 0.862 0.373 0.024 0.056
4 0.378 0.727 0.239 0.189
4 0.383 0.831 0.169 0.239
6 0.017 0.562 0.034 0.158
10 0.397 0.151 0.048 0.098
3 0.211 0.230 0.077 0.074
