0 0.477 0.238 0.033 0.152
0 0.296 0.225 0.040 0.164
0 0.376 0.490 0.050 0.131
0 0.783 0.320 0.028 0.101
1 0.300 0.151 0.016 0.019
1 0.478 0.172 0.014 0.019
1 0.364 0.437 0.019 0.012
1 0.780 0.293 0.020 0.029
1 0.786 0.331 0.014 0.024
2 0.290 0.190 0.021 0.058
2 0.476 0.213 0.023 0.050
2 0.369 0.474 0.029 0.051
2 0.535 0.343 0.026 0.049
0 0.536 0.329 0.031 0.080
1 0.535 0.304 0.018 0.017
4 0.667 0.294 0.152 0.119
4 0.693 0.421 0.206 0.070
4 0.230 0.254 0.072 0.099
4 0.239 0.354 0.069 0.087
3 0.412 0.283 0.112 0.079
14 0.386 0.721 0.230 0.157
