0 0.561 0.449 0.030 0.118
0 0.794 0.173 0.037 0.119
0 0.579 0.751 0.057 0.081
0 0.954 0.506 0.042 0.131
0 0.171 0.932 0.061 0.095
2 0.560 0.445 0.018 0.068
2 0.793 0.175 0.019 0.078
2 0.577 0.733 0.036 0.065
2 0.184 0.903 0.046 0.072
1 0.150 0.903 0.021 0.021
1 0.603 0.757 0.006 0.044
1 0.561 0.394 0.025 0.031
1 0.797 0.131 0.019 0.037
1 0.970 0.457 0.017 0.031
3 0.055 0.077 0.093 0.137
6 0.089 0.398 0.086 0.157
6 0.518 0.960 0.073 0.080
6 0.759 0.681 0.108 0.169
6 0.876 0.800 0.112 0.200
11 0.268 0.129 0.090 0.065
8 0.171 0.969 0.088 0.061
