0 0.328 0.505 0.043 0.111
0 0.409 0.434 0.039 0.095
0 0.496 0.394 0.035 0.129
0 0.570 0.406 0.036 0.090
0 0.950 0.345 0.037 0.092
0 0.988 0.301 0.023 0.073
0 0.845 0.157 0.028 0.086
0 0.876 0.144 0.029 0.074
0 0.917 0.148 0.032 0.079
0 0.908 0.072 0.039 0.086
0 0.608 0.048 0.024 0.086
1 0.339 0.462 0.014 0.012
1 0.410 0.407 0.014 0.019
1 0.501 0.340 0.016 0.026
1 0.564 0.382 0.020 0.019
1 0.951 0.311 0.014 0.026
1 0.982 0.271 0.009 0.018
1 0.900 0.045 0.011 0.015
1 0.845 0.126 0.011 0.014
1 0.879 0.118 0.017 0.027
1 0.904 0.123 0.014 0.025
2 0.328 0.487 0.031 0.041
2 0.411 0.432 0.023 0.038
2 0.499 0.383 0.021 0.052
2 0.571 0.408 0.027 0.043
2 0.956 0.349 0.025 0.044
2 0.873 0.152 0.017 0.031
2 0.907 0.067 0.021 0.038
2 0.606 0.042 0.016 0.033
0 0.497 0.139 0.031 0.097
11 0.370 0.517 0.081 0.088
