0 0.264 0.193 0.052 0.143
0 0.445 0.430 0.038 0.207
0 0.516 0.460 0.048 0.228
0 0.095 0.616 0.054 0.176
0 0.070 0.165 0.028 0.144
0 0.064 0.101 0.028 0.147
0 0.788 0.309 0.051 0.188
2 0.090 0.616 0.033 0.087
2 0.440 0.429 0.034 0.103
2 0.516 0.440 0.031 0.086
2 0.790 0.287 0.023 0.064
2 0.264 0.194 0.026 0.076
1 0.089 0.557 0.033 0.042
1 0.450 0.357 0.023 0.033
1 0.511 0.368 0.028 0.034
1 0.778 0.233 0.024 0.033
1 0.068 0.049 0.016 0.026
10 0.970 0.908 0.059 0.115
4 0.241 0.375 0.100 0.147
11 0.041 0.053 0.058 0.089
11 0.447 0.131 0.080 0.113
4 0.047 0.478 0.094 0.169
4 0.027 0.361 0.046 0.108
