0 0.055 0.703 0.062 0.182
0 0.094 0.665 0.052 0.231
0 0.218 0.669 0.049 0.130
0 0.658 0.665 0.049 0.228
0 0.720 0.809 0.058 0.242
0 0.772 0.469 0.038 0.218
1 0.045 0.630 0.021 0.037
1 0.088 0.588 0.018 0.040
1 0.219 0.620 0.021 0.031
1 0.667 0.565 0.022 0.031
1 0.710 0.704 0.017 0.032
1 0.769 0.387 0.023 0.032
2 0.044 0.696 0.025 0.085
2 0.088 0.658 0.032 0.096
2 0.214 0.664 0.047 0.052
2 0.650 0.628 0.032 0.096
2 0.718 0.761 0.031 0.074
2 0.768 0.451 0.028 0.090
7 0.565 0.367 0.077 0.137
7 0.098 0.616 0.084 0.105
7 0.008 0.550 0.015 0.084
7 0.022 0.745 0.039 0.129
