0 0.036 0.206 0.033 0.119
0 0.061 0.148 0.033 0.172
0 0.146 0.332 0.046 0.205
0 0.292 0.549 0.040 0.134
0 0.621 0.281 0.054 0.181
0 0.372 0.206 0.047 0.061
0 0.700 0.286 0.051 0.206
2 0.064 0.124 0.016 0.051
2 0.034 0.204 0.022 0.051
2 0.146 0.308 0.027 0.072
2 0.293 0.564 0.030 0.054
2 0.623 0.261 0.022 0.066
2 0.702 0.264 0.030 0.075
1 0.067 0.083 0.016 0.026
1 0.040 0.157 0.016 0.025
1 0.159 0.257 0.014 0.031
1 0.302 0.510 0.025 0.039
1 0.619 0.196 0.019 0.033
1 0.698 0.213 0.015 0.040
1 0.367 0.188 0.023 0.031
11 0.035 0.094 0.069 0.098
4 0.587 0.396 0.094 0.136
4 0.073 0.397 0.109 0.147
4 0.150 0.481 0.162 0.144
4 0.036 0.303 0.070 0.102
11 0.439 0.100 0.086 0.105
