0 0.230 0.521 0.014 0.033
1 0.232 0.510 0.005 0.006
2 0.231 0.519 0.006 0.010
7 0.955 0.947 0.026 0.028
3 0.919 0.929 0.028 0.031
3 0.884 0.925 0.046 0.047
13 0.319 0.618 0.073 0.119
13 0.381 0.683 0.061 0.170
13 0.577 0.845 0.137 0.309
13 0.781 0.892 0.278 0.217
13 0.113 0.544 0.199 0.081
14 0.427 0.619 0.046 0.435
14 0.664 0.602 0.064 0.028
14 0.755 0.615 0.068 0.029
14 0.803 0.623 0.035 0.030
14 0.972 0.499 0.057 0.034
14 0.848 0.497 0.054 0.073
14 0.656 0.678 0.051 0.025
14 0.718 0.685 0.047 0.029
14 0.789 0.692 0.059 0.032
14 0.312 0.600 0.024 0.089
14 0.273 0.778 0.000 0.002
14 0.369 0.659 0.057 0.134
14 0.266 0.499 0.045 0.038
14 0.264 0.542 0.044 0.037
14 0.254 0.437 0.016 0.032
