0 0.978 0.630 0.027 0.141
0 0.845 0.472 0.026 0.128
0 0.521 0.342 0.019 0.064
0 0.352 0.322 0.026 0.130
0 0.251 0.314 0.025 0.120
0 0.223 0.635 0.038 0.154
0 0.098 0.396 0.036 0.106
0 0.032 0.308 0.038 0.061
0 0.015 0.159 0.027 0.053
0 0.304 0.057 0.018 0.051
4 0.170 0.500 0.195 0.106
1 0.843 0.419 0.011 0.023
1 0.983 0.572 0.014 0.024
1 0.221 0.570 0.015 0.022
1 0.351 0.268 0.011 0.018
1 0.245 0.265 0.011 0.021
1 0.522 0.318 0.008 0.016
1 0.105 0.354 0.011 0.019
1 0.017 0.290 0.008 0.022
1 0.023 0.145 0.008 0.020
0 0.295 0.136 0.010 0.054
2 0.979 0.619 0.023 0.056
2 0.843 0.458 0.014 0.046
0 0.771 0.127 0.015 0.056
2 0.519 0.340 0.014 0.030
2 0.220 0.614 0.027 0.060
2 0.350 0.308 0.016 0.055
2 0.250 0.310 0.014 0.057
2 0.086 0.495 0.019 0.038
0 0.087 0.503 0.028 0.069
2 0.090 0.385 0.019 0.047
2 0.035 0.309 0.021 0.044
2 0.009 0.157 0.013 0.038
1 0.770 0.108 0.006 0.013
7 0.274 0.859 0.257 0.235
7 0.758 0.898 0.158 0.157
7 0.957 0.866 0.086 0.181
7 0.509 0.962 0.069 0.077
4 0.370 0.218 0.096 0.092
