0 0.041 0.064 0.028 0.127
0 0.104 0.059 0.042 0.117
0 0.150 0.054 0.031 0.106
0 0.131 0.914 0.059 0.165
0 0.179 0.839 0.065 0.224
0 0.282 0.905 0.039 0.135
0 0.328 0.900 0.046 0.199
0 0.799 0.744 0.042 0.162
0 0.932 0.905 0.056 0.190
0 0.433 0.159 0.065 0.138
1 0.466 0.113 0.016 0.052
1 0.180 0.759 0.022 0.034
1 0.127 0.864 0.028 0.037
1 0.328 0.819 0.026 0.031
1 0.289 0.867 0.027 0.040
1 0.793 0.680 0.017 0.032
1 0.933 0.830 0.019 0.024
2 0.934 0.906 0.026 0.086
2 0.795 0.743 0.028 0.072
2 0.333 0.887 0.037 0.098
2 0.290 0.912 0.035 0.056
2 0.177 0.823 0.032 0.071
2 0.126 0.934 0.034 0.085
2 0.457 0.156 0.037 0.079
7 0.046 0.820 0.091 0.132
7 0.645 0.616 0.080 0.144
7 0.051 0.956 0.091 0.088
