0 0.302 0.230 0.023 0.096
0 0.359 0.278 0.035 0.116
0 0.378 0.219 0.035 0.109
0 0.542 0.052 0.031 0.079
0 0.521 0.428 0.040 0.123
0 0.710 0.736 0.044 0.126
1 0.542 0.018 0.016 0.033
1 0.302 0.188 0.017 0.031
1 0.355 0.231 0.018 0.034
1 0.524 0.379 0.021 0.036
1 0.731 0.716 0.019 0.045
1 0.374 0.176 0.023 0.033
0 0.314 0.053 0.021 0.102
4 0.436 0.494 0.182 0.091
4 0.248 0.377 0.121 0.137
2 0.706 0.710 0.029 0.041
2 0.518 0.424 0.021 0.052
2 0.363 0.251 0.019 0.046
2 0.376 0.201 0.016 0.038
2 0.543 0.040 0.009 0.030
2 0.315 0.048 0.019 0.036
2 0.304 0.220 0.018 0.039
7 0.075 0.281 0.148 0.142
7 0.034 0.140 0.067 0.086
7 0.188 0.154 0.045 0.057
7 0.240 0.231 0.083 0.083
7 0.317 0.155 0.082 0.058
7 0.219 0.061 0.072 0.053
4 0.380 0.569 0.093 0.117
