5 0.639 0.085 0.264 0.159
0 0.191 0.412 0.030 0.125
0 0.240 0.392 0.030 0.094
0 0.279 0.425 0.032 0.156
0 0.361 0.406 0.015 0.160
0 0.351 0.375 0.015 0.143
0 0.298 0.237 0.028 0.169
0 0.610 0.765 0.071 0.108
0 0.728 0.561 0.034 0.202
0 0.792 0.669 0.027 0.180
0 0.582 0.430 0.051 0.106
0 0.926 0.128 0.020 0.105
0 0.609 0.032 0.013 0.062
0 0.683 0.025 0.017 0.049
1 0.600 0.755 0.030 0.049
1 0.796 0.597 0.029 0.039
1 0.740 0.490 0.039 0.032
1 0.570 0.429 0.017 0.048
1 0.930 0.085 0.015 0.036
1 0.308 0.178 0.019 0.034
1 0.352 0.321 0.013 0.037
1 0.360 0.335 0.015 0.037
1 0.280 0.352 0.017 0.034
1 0.243 0.362 0.008 0.016
1 0.196 0.365 0.016 0.024
2 0.195 0.423 0.027 0.060
2 0.236 0.411 0.013 0.065
2 0.275 0.425 0.020 0.093
2 0.361 0.406 0.014 0.098
2 0.346 0.372 0.011 0.097
2 0.296 0.229 0.026 0.046
2 0.928 0.126 0.018 0.060
2 0.726 0.542 0.021 0.081
2 0.789 0.640 0.030 0.082
2 0.615 0.757 0.055 0.067
2 0.595 0.414 0.033 0.037
3 0.797 0.556 0.095 0.173
3 0.949 0.225 0.057 0.100
4 0.726 0.767 0.203 0.165
4 0.984 0.344 0.032 0.088
10 0.129 0.549 0.041 0.090
10 0.192 0.554 0.071 0.156
10 0.357 0.666 0.047 0.070
10 0.627 0.092 0.023 0.059
12 0.820 0.276 0.052 0.119
