0 0.341 0.662 0.012 0.031
0 0.467 0.302 0.006 0.029
0 0.613 0.287 0.009 0.027
0 0.538 0.182 0.012 0.031
0 0.760 0.172 0.008 0.023
0 0.641 0.218 0.007 0.032
1 0.340 0.650 0.007 0.006
2 0.342 0.659 0.007 0.010
1 0.641 0.208 0.004 0.005
2 0.537 0.180 0.005 0.010
5 0.589 0.616 0.113 0.126
5 0.443 0.702 0.194 0.329
5 0.262 0.524 0.078 0.076
4 0.368 0.367 0.041 0.051
6 0.405 0.378 0.026 0.030
6 0.763 0.341 0.056 0.050
10 0.585 0.246 0.010 0.018
10 0.289 0.570 0.022 0.034
14 0.300 0.630 0.030 0.026
14 0.265 0.093 0.079 0.017
13 0.046 0.189 0.019 0.036
14 0.023 0.226 0.040 0.059
11 0.406 0.287 0.018 0.018
1 0.467 0.292 0.003 0.004
2 0.468 0.299 0.004 0.009
1 0.537 0.172 0.004 0.004
