14 0.740 0.707 0.040 0.081
0 0.228 0.142 0.022 0.093
1 0.229 0.102 0.010 0.013
14 0.665 0.655 0.022 0.052
14 0.885 0.614 0.017 0.044
13 0.674 0.264 0.060 0.082
13 0.928 0.319 0.144 0.106
7 0.910 0.477 0.046 0.201
7 0.614 0.322 0.133 0.188
7 0.627 0.432 0.052 0.103
7 0.524 0.350 0.042 0.104
7 0.117 0.302 0.148 0.229
7 0.186 0.391 0.076 0.100
7 0.243 0.444 0.106 0.128
7 0.313 0.470 0.063 0.134
7 0.348 0.950 0.111 0.099
2 0.229 0.128 0.013 0.036
6 0.153 0.919 0.106 0.161
6 0.205 0.883 0.169 0.216
10 0.651 0.547 0.048 0.097
3 0.473 0.619 0.076 0.079
7 0.964 0.436 0.072 0.130
7 0.970 0.557 0.060 0.205
