5 0.928 0.783 0.144 0.323
3 0.701 0.669 0.128 0.146
3 0.695 0.572 0.120 0.057
3 0.705 0.510 0.109 0.009
3 0.713 0.457 0.102 0.106
4 0.656 0.850 0.186 0.206
7 0.506 0.236 0.135 0.190
7 0.373 0.319 0.101 0.230
7 0.399 0.181 0.092 0.150
7 0.264 0.212 0.059 0.148
7 0.215 0.185 0.077 0.174
7 0.120 0.147 0.096 0.171
7 0.096 0.294 0.141 0.160
7 0.139 0.378 0.131 0.128
7 0.407 0.767 0.123 0.224
7 0.374 0.913 0.195 0.147
7 0.517 0.873 0.081 0.248
7 0.760 0.918 0.070 0.165
7 0.625 0.944 0.136 0.112
11 0.253 0.536 0.123 0.194
13 0.023 0.074 0.043 0.146
13 0.064 0.127 0.040 0.132
5 0.819 0.363 0.052 0.120
5 0.639 0.230 0.118 0.079
