0 0.379 0.662 0.009 0.033
0 0.808 0.792 0.008 0.038
0 0.816 0.786 0.011 0.044
0 0.661 0.700 0.013 0.028
0 0.637 0.710 0.009 0.036
0 0.502 0.556 0.008 0.019
0 0.392 0.452 0.007 0.028
0 0.380 0.438 0.010 0.025
1 0.379 0.649 0.004 0.006
1 0.502 0.551 0.004 0.008
1 0.379 0.430 0.003 0.006
1 0.639 0.698 0.004 0.010
1 0.663 0.693 0.003 0.007
1 0.811 0.777 0.004 0.008
1 0.819 0.774 0.005 0.007
2 0.380 0.659 0.007 0.010
2 0.660 0.698 0.006 0.009
2 0.826 0.804 0.006 0.017
0 0.825 0.804 0.008 0.036
3 0.264 0.403 0.035 0.030
3 0.240 0.385 0.019 0.029
3 0.260 0.380 0.020 0.022
3 0.551 0.678 0.026 0.044
3 0.578 0.679 0.024 0.044
3 0.614 0.657 0.025 0.054
4 0.608 0.731 0.047 0.085
4 0.242 0.688 0.026 0.071
4 0.389 0.619 0.032 0.040
7 0.346 0.612 0.021 0.034
7 0.337 0.582 0.022 0.030
7 0.924 0.839 0.041 0.052
7 0.836 0.863 0.066 0.069
0 0.889 0.977 0.014 0.044
1 0.893 0.967 0.006 0.010
13 0.193 0.849 0.359 0.056
