0 0.518 0.830 0.029 0.145
0 0.289 0.755 0.040 0.112
0 0.108 0.869 0.024 0.141
0 0.161 0.386 0.013 0.059
0 0.646 0.192 0.016 0.076
0 0.064 0.424 0.018 0.083
0 0.010 0.103 0.013 0.070
0 0.273 0.044 0.009 0.044
0 0.424 0.096 0.009 0.060
0 0.249 0.039 0.014 0.045
0 0.511 0.023 0.007 0.034
0 0.508 0.093 0.008 0.043
0 0.375 0.020 0.009 0.039
0 0.679 0.074 0.016 0.028
0 0.702 0.053 0.014 0.046
0 0.692 0.081 0.007 0.035
0 0.655 0.015 0.009 0.029
0 0.224 0.405 0.029 0.095
10 0.398 0.058 0.015 0.039
10 0.602 0.245 0.017 0.057
4 0.594 0.444 0.073 0.151
4 0.611 0.319 0.047 0.065
4 0.719 0.889 0.164 0.145
4 0.279 0.898 0.085 0.204
9 0.359 0.834 0.067 0.085
3 0.456 0.889 0.111 0.094
3 0.669 0.255 0.054 0.070
3 0.112 0.417 0.069 0.084
2 0.518 0.816 0.022 0.065
2 0.286 0.765 0.023 0.071
10 0.066 0.069 0.013 0.059
2 0.108 0.866 0.020 0.079
1 0.286 0.713 0.018 0.023
1 0.517 0.771 0.014 0.018
1 0.102 0.811 0.010 0.019
