0 0.021 0.819 0.041 0.169
2 0.022 0.806 0.026 0.063
1 0.012 0.750 0.017 0.020
4 0.072 0.421 0.055 0.148
4 0.022 0.031 0.043 0.041
3 0.544 0.346 0.051 0.146
3 0.494 0.356 0.046 0.156
3 0.434 0.348 0.043 0.143
3 0.388 0.358 0.047 0.145
3 0.321 0.357 0.046 0.114
3 0.128 0.406 0.052 0.133
7 0.362 0.131 0.033 0.064
7 0.531 0.088 0.049 0.089
7 0.582 0.016 0.116 0.030
7 0.625 0.056 0.108 0.035
7 0.606 0.146 0.054 0.123
7 0.659 0.139 0.034 0.106
7 0.281 0.900 0.062 0.117
7 0.562 0.963 0.057 0.073
13 0.366 0.035 0.277 0.063
13 0.814 0.026 0.263 0.050
7 0.155 0.272 0.055 0.103
11 0.291 0.150 0.095 0.057
7 0.378 0.980 0.087 0.040
11 0.104 0.317 0.089 0.080
14 0.417 0.016 0.030 0.030
14 0.258 0.025 0.028 0.041
5 0.794 0.307 0.036 0.123
5 0.818 0.315 0.049 0.183
5 0.852 0.303 0.042 0.169
5 0.879 0.368 0.055 0.198
5 0.910 0.327 0.058 0.164
