14 0.655 0.660 0.036 0.071
14 0.581 0.612 0.020 0.049
14 0.799 0.566 0.013 0.044
14 0.971 0.944 0.017 0.061
13 0.944 0.831 0.111 0.335
13 0.882 0.295 0.237 0.140
13 0.589 0.221 0.066 0.085
7 0.058 0.255 0.088 0.089
7 0.090 0.359 0.079 0.109
7 0.131 0.393 0.080 0.117
7 0.169 0.415 0.077 0.121
7 0.222 0.428 0.070 0.128
7 0.434 0.307 0.046 0.103
7 0.524 0.284 0.135 0.207
7 0.542 0.387 0.062 0.097
7 0.259 0.931 0.116 0.138
7 0.883 0.488 0.066 0.185
7 0.823 0.493 0.055 0.112
7 0.824 0.390 0.033 0.083
7 0.963 0.411 0.045 0.073
6 0.111 0.867 0.177 0.238
10 0.570 0.517 0.048 0.118
3 0.389 0.577 0.088 0.078
7 0.890 0.366 0.084 0.121
7 0.034 0.259 0.068 0.233
