0 0.076 0.224 0.038 0.135
0 0.810 0.250 0.016 0.087
0 0.864 0.275 0.036 0.112
0 0.883 0.204 0.021 0.079
0 0.827 0.078 0.022 0.065
0 0.486 0.094 0.019 0.101
0 0.235 0.101 0.014 0.119
1 0.815 0.216 0.010 0.023
1 0.855 0.226 0.011 0.019
1 0.884 0.176 0.016 0.026
4 0.759 0.392 0.131 0.152
4 0.927 0.501 0.147 0.084
4 0.902 0.589 0.085 0.135
2 0.078 0.206 0.028 0.041
2 0.232 0.089 0.014 0.038
2 0.811 0.250 0.013 0.044
2 0.866 0.256 0.016 0.031
2 0.883 0.205 0.013 0.034
2 0.829 0.063 0.012 0.020
7 0.588 0.309 0.153 0.121
7 0.547 0.189 0.091 0.084
7 0.750 0.245 0.078 0.089
7 0.824 0.171 0.093 0.056
7 0.710 0.089 0.033 0.070
7 0.698 0.174 0.040 0.051
2 0.486 0.087 0.015 0.042
1 0.487 0.057 0.011 0.016
