0 0.665 0.819 0.008 0.024
0 0.645 0.775 0.008 0.026
0 0.546 0.856 0.009 0.029
0 0.617 0.831 0.008 0.020
0 0.655 0.965 0.014 0.047
0 0.740 0.859 0.007 0.026
0 0.063 0.808 0.006 0.028
0 0.131 0.866 0.008 0.030
0 0.127 0.722 0.006 0.019
1 0.547 0.847 0.004 0.006
2 0.546 0.856 0.005 0.011
1 0.615 0.825 0.003 0.004
2 0.618 0.830 0.003 0.009
1 0.665 0.812 0.002 0.005
2 0.665 0.819 0.005 0.009
1 0.644 0.765 0.004 0.004
1 0.740 0.851 0.004 0.007
4 0.290 0.695 0.015 0.016
10 0.457 0.863 0.013 0.021
11 0.227 0.850 0.028 0.027
14 0.474 0.523 0.011 0.031
14 0.185 0.575 0.098 0.019
11 0.900 0.605 0.030 0.031
13 0.135 0.665 0.106 0.032
14 0.123 0.554 0.039 0.011
14 0.116 0.594 0.040 0.006
13 0.145 0.556 0.179 0.015
13 0.146 0.592 0.145 0.012
4 0.113 0.966 0.103 0.045
4 0.149 0.706 0.019 0.020
4 0.269 0.685 0.020 0.014
4 0.187 0.694 0.020 0.019
