0 0.438 0.337 0.024 0.111
0 0.583 0.260 0.023 0.121
0 0.767 0.205 0.023 0.084
0 0.473 0.147 0.018 0.097
0 0.313 0.054 0.019 0.089
0 0.235 0.061 0.021 0.064
0 0.182 0.038 0.022 0.075
0 0.134 0.035 0.021 0.069
0 0.235 0.028 0.026 0.039
2 0.432 0.324 0.016 0.046
2 0.582 0.241 0.015 0.040
2 0.767 0.193 0.016 0.026
2 0.472 0.142 0.011 0.035
2 0.310 0.037 0.013 0.036
2 0.235 0.063 0.011 0.022
2 0.183 0.014 0.011 0.027
2 0.131 0.017 0.014 0.031
1 0.231 0.043 0.007 0.012
1 0.317 0.015 0.005 0.010
1 0.467 0.109 0.013 0.016
1 0.585 0.208 0.008 0.017
1 0.436 0.288 0.010 0.014
4 0.279 0.642 0.080 0.166
4 0.050 0.616 0.099 0.082
7 0.505 0.488 0.140 0.111
7 0.815 0.746 0.093 0.211
7 0.962 0.734 0.053 0.090
7 0.902 0.961 0.080 0.078
10 0.575 0.114 0.055 0.069
9 0.583 0.429 0.044 0.053
9 0.569 0.513 0.052 0.085
14 0.467 0.081 0.019 0.022
14 0.947 0.371 0.036 0.056
