4 0.379 0.272 0.106 0.152
4 0.480 0.236 0.107 0.095
3 0.617 0.379 0.097 0.083
4 0.677 0.061 0.068 0.098
0 0.063 0.194 0.021 0.098
0 0.392 0.103 0.022 0.045
9 0.421 0.160 0.072 0.052
0 0.468 0.182 0.016 0.047
0 0.372 0.129 0.022 0.101
0 0.541 0.228 0.020 0.091
0 0.772 0.425 0.037 0.121
11 0.148 0.779 0.116 0.065
2 0.467 0.193 0.011 0.029
0 0.608 0.276 0.034 0.096
4 0.971 0.256 0.058 0.096
1 0.763 0.386 0.012 0.019
2 0.764 0.433 0.019 0.060
2 0.607 0.268 0.021 0.039
2 0.542 0.231 0.014 0.044
1 0.546 0.197 0.009 0.015
1 0.610 0.236 0.014 0.019
2 0.064 0.187 0.020 0.043
1 0.060 0.153 0.013 0.017
