0 0.188 0.644 0.048 0.194
0 0.236 0.523 0.041 0.194
0 0.336 0.825 0.042 0.194
0 0.386 0.685 0.040 0.202
0 0.589 0.164 0.070 0.190
0 0.748 0.482 0.043 0.187
0 0.362 0.034 0.026 0.066
0 0.015 0.064 0.029 0.126
2 0.187 0.623 0.030 0.065
2 0.236 0.487 0.030 0.065
2 0.387 0.655 0.023 0.079
2 0.334 0.802 0.026 0.077
2 0.748 0.458 0.022 0.064
2 0.604 0.147 0.028 0.069
1 0.236 0.437 0.021 0.021
1 0.188 0.570 0.027 0.029
1 0.384 0.599 0.018 0.031
1 0.336 0.750 0.021 0.027
1 0.754 0.401 0.016 0.023
1 0.601 0.091 0.020 0.028
2 0.010 0.029 0.020 0.040
2 0.360 0.021 0.018 0.034
7 0.193 0.801 0.078 0.094
7 0.298 0.866 0.045 0.064
7 0.810 0.602 0.077 0.131
7 0.956 0.894 0.087 0.157
