0 0.143 0.406 0.024 0.078
0 0.205 0.444 0.016 0.093
0 0.242 0.490 0.018 0.102
0 0.333 0.406 0.013 0.096
0 0.404 0.497 0.020 0.119
0 0.604 0.507 0.029 0.067
0 0.398 0.292 0.018 0.080
0 0.335 0.157 0.013 0.066
0 0.351 0.159 0.011 0.073
1 0.205 0.404 0.009 0.011
1 0.152 0.374 0.008 0.010
1 0.243 0.446 0.009 0.016
1 0.335 0.363 0.006 0.012
1 0.403 0.443 0.009 0.012
1 0.401 0.256 0.008 0.011
1 0.595 0.479 0.009 0.014
0 0.672 0.281 0.014 0.041
7 0.284 0.652 0.129 0.106
7 0.218 0.940 0.072 0.085
7 0.110 0.735 0.110 0.100
7 0.426 0.696 0.048 0.106
7 0.549 0.736 0.048 0.094
7 0.558 0.829 0.075 0.104
7 0.617 0.639 0.102 0.156
2 0.145 0.388 0.015 0.025
2 0.208 0.432 0.012 0.031
2 0.242 0.477 0.018 0.039
2 0.332 0.393 0.013 0.038
2 0.405 0.481 0.017 0.041
2 0.398 0.284 0.012 0.035
2 0.337 0.148 0.010 0.023
2 0.607 0.503 0.021 0.040
2 0.674 0.278 0.007 0.022
2 0.557 0.194 0.009 0.017
4 0.674 0.474 0.128 0.081
3 0.285 0.398 0.044 0.100
10 0.582 0.289 0.006 0.029
4 0.761 0.412 0.050 0.060
4 0.347 0.360 0.096 0.047
4 0.703 0.158 0.065 0.055
3 0.539 0.234 0.033 0.069
11 0.497 0.369 0.047 0.043
1 0.686 0.224 0.006 0.014
1 0.292 0.070 0.005 0.009
1 0.350 0.070 0.007 0.007
3 0.305 0.302 0.035 0.048
4 0.329 0.271 0.086 0.036
