0 0.459 0.422 0.067 0.157
0 0.826 0.254 0.016 0.085
0 0.845 0.288 0.021 0.132
0 0.608 0.201 0.010 0.031
0 0.760 0.232 0.010 0.025
2 0.461 0.427 0.046 0.094
1 0.463 0.348 0.032 0.032
2 0.844 0.268 0.018 0.047
1 0.850 0.235 0.011 0.018
2 0.827 0.245 0.010 0.023
1 0.830 0.228 0.007 0.011
2 0.762 0.232 0.007 0.013
1 0.758 0.224 0.004 0.006
10 0.534 0.261 0.021 0.062
11 0.574 0.450 0.162 0.160
14 0.488 0.051 0.164 0.100
14 0.090 0.029 0.113 0.053
14 0.554 0.138 0.026 0.018
14 0.609 0.146 0.030 0.019
13 0.941 0.531 0.117 0.510
10 0.400 0.167 0.048 0.060
14 0.905 0.346 0.033 0.106
