14 0.316 0.201 0.027 0.045
0 0.491 0.105 0.020 0.049
0 0.523 0.197 0.023 0.045
0 0.654 0.312 0.029 0.064
0 0.799 0.286 0.030 0.065
0 0.274 0.268 0.030 0.055
0 0.346 0.196 0.021 0.081
0 0.370 0.188 0.021 0.101
0 0.397 0.197 0.026 0.091
11 0.151 0.261 0.092 0.076
1 0.324 0.363 0.012 0.018
1 0.273 0.249 0.009 0.016
1 0.342 0.162 0.008 0.016
1 0.520 0.182 0.008 0.017
1 0.650 0.287 0.010 0.015
1 0.800 0.259 0.010 0.013
1 0.928 0.270 0.009 0.020
1 0.366 0.146 0.007 0.015
14 0.019 0.224 0.017 0.044
14 0.439 0.087 0.014 0.040
2 0.266 0.271 0.014 0.034
2 0.373 0.172 0.011 0.040
2 0.395 0.193 0.013 0.043
2 0.490 0.104 0.015 0.028
2 0.805 0.280 0.017 0.031
10 0.519 0.487 0.028 0.078
10 0.216 0.195 0.021 0.043
