0 0.116 0.780 0.046 0.183
1 0.111 0.706 0.017 0.026
2 0.109 0.758 0.027 0.062
4 0.118 0.359 0.051 0.176
3 0.591 0.317 0.040 0.138
3 0.539 0.309 0.041 0.136
3 0.486 0.323 0.040 0.148
3 0.436 0.332 0.047 0.149
3 0.367 0.312 0.048 0.106
3 0.175 0.344 0.053 0.156
7 0.321 0.852 0.073 0.109
7 0.598 0.959 0.070 0.082
7 0.580 0.075 0.047 0.110
7 0.534 0.085 0.033 0.072
7 0.675 0.034 0.120 0.031
7 0.654 0.109 0.042 0.113
7 0.706 0.140 0.040 0.144
13 0.349 0.013 0.141 0.023
7 0.192 0.203 0.049 0.064
7 0.036 0.191 0.042 0.072
11 0.353 0.098 0.090 0.070
7 0.415 0.961 0.090 0.065
11 0.110 0.620 0.097 0.081
5 0.837 0.300 0.053 0.119
5 0.867 0.302 0.043 0.162
5 0.900 0.278 0.057 0.170
5 0.917 0.364 0.057 0.219
5 0.961 0.313 0.060 0.148
