4 0.588 0.427 0.073 0.131
4 0.609 0.320 0.051 0.078
4 0.717 0.894 0.170 0.135
4 0.277 0.894 0.076 0.212
3 0.454 0.862 0.114 0.072
3 0.669 0.250 0.052 0.063
9 0.353 0.826 0.081 0.107
0 0.310 0.743 0.038 0.098
0 0.519 0.834 0.037 0.125
0 0.603 0.932 0.028 0.059
0 0.209 0.394 0.028 0.105
0 0.501 0.091 0.011 0.075
0 0.647 0.188 0.014 0.061
0 0.654 0.074 0.014 0.060
0 0.679 0.071 0.014 0.029
0 0.701 0.037 0.010 0.053
0 0.402 0.047 0.009 0.059
10 0.064 0.056 0.011 0.044
10 0.603 0.245 0.019 0.064
2 0.308 0.755 0.026 0.058
2 0.522 0.810 0.028 0.044
1 0.299 0.704 0.018 0.025
1 0.608 0.919 0.018 0.026
0 0.296 0.026 0.010 0.050
0 0.249 0.033 0.014 0.038
0 0.064 0.407 0.018 0.080
0 0.142 0.353 0.015 0.030
3 0.109 0.406 0.071 0.093
0 0.638 0.019 0.013 0.035
0 0.429 0.035 0.008 0.069
0 0.231 0.022 0.010 0.042
1 0.516 0.776 0.010 0.017
1 0.796 0.927 0.016 0.028
0 0.805 0.923 0.039 0.041
0 0.125 0.857 0.031 0.121
1 0.117 0.809 0.016 0.023
2 0.133 0.861 0.016 0.075
2 0.208 0.382 0.022 0.038
