0 0.543 0.154 0.020 0.071
0 0.826 0.190 0.026 0.124
0 0.735 0.461 0.032 0.165
0 0.565 0.299 0.031 0.063
0 0.441 0.217 0.025 0.136
0 0.395 0.147 0.029 0.052
0 0.376 0.286 0.023 0.056
0 0.137 0.374 0.031 0.065
0 0.085 0.262 0.033 0.049
0 0.049 0.251 0.031 0.056
10 0.325 0.463 0.031 0.100
14 0.107 0.181 0.029 0.039
14 0.226 0.051 0.019 0.031
1 0.735 0.385 0.013 0.019
1 0.575 0.279 0.013 0.021
1 0.440 0.158 0.009 0.022
1 0.378 0.267 0.010 0.017
1 0.387 0.136 0.013 0.017
1 0.135 0.351 0.011 0.021
1 0.087 0.245 0.009 0.019
1 0.043 0.231 0.007 0.013
2 0.043 0.255 0.014 0.036
2 0.076 0.264 0.014 0.032
2 0.129 0.382 0.017 0.047
2 0.438 0.195 0.013 0.044
2 0.736 0.431 0.020 0.068
2 0.559 0.299 0.015 0.034
