14 0.658 0.177 0.035 0.051
14 0.142 0.553 0.036 0.068
0 0.640 0.064 0.022 0.101
11 0.789 0.804 0.147 0.157
11 0.808 0.925 0.096 0.150
13 0.433 0.161 0.424 0.152
13 0.532 0.527 0.296 0.663
14 0.062 0.523 0.018 0.043
14 0.280 0.431 0.014 0.059
14 0.466 0.758 0.011 0.071
14 0.523 0.603 0.014 0.059
7 0.646 0.457 0.086 0.202
7 0.740 0.453 0.068 0.181
7 0.814 0.463 0.076 0.173
7 0.905 0.552 0.155 0.226
7 0.914 0.406 0.059 0.107
7 0.976 0.442 0.048 0.154
7 0.684 0.677 0.152 0.206
7 0.943 0.935 0.114 0.120
7 0.297 0.342 0.052 0.092
7 0.354 0.344 0.056 0.190
7 0.510 0.245 0.095 0.093
7 0.022 0.305 0.044 0.103
7 0.028 0.199 0.056 0.183
10 0.043 0.419 0.053 0.099
7 0.335 0.222 0.108 0.118
7 0.428 0.243 0.038 0.060
