0 0.079 0.425 0.035 0.086
0 0.038 0.399 0.019 0.084
0 0.059 0.348 0.021 0.056
0 0.560 0.713 0.043 0.173
0 0.315 0.306 0.023 0.150
0 0.328 0.274 0.022 0.130
0 0.348 0.191 0.019 0.060
0 0.532 0.294 0.029 0.125
0 0.549 0.416 0.027 0.080
0 0.576 0.388 0.022 0.115
0 0.671 0.436 0.033 0.084
0 0.710 0.426 0.039 0.080
0 0.777 0.396 0.034 0.169
0 0.771 0.120 0.033 0.119
0 0.983 0.643 0.034 0.091
0 0.399 0.300 0.030 0.072
3 0.406 0.612 0.123 0.128
3 0.357 0.422 0.084 0.077
4 0.073 0.549 0.113 0.188
4 0.119 0.588 0.080 0.081
1 0.561 0.638 0.017 0.025
1 0.673 0.406 0.014 0.020
1 0.698 0.399 0.013 0.023
1 0.778 0.326 0.014 0.028
1 0.556 0.387 0.015 0.023
1 0.579 0.341 0.016 0.028
1 0.541 0.242 0.009 0.018
1 0.068 0.393 0.013 0.022
1 0.314 0.242 0.011 0.017
1 0.326 0.227 0.012 0.022
2 0.566 0.696 0.031 0.087
2 0.679 0.443 0.026 0.056
2 0.713 0.426 0.033 0.047
2 0.780 0.374 0.028 0.062
2 0.554 0.424 0.026 0.051
2 0.527 0.276 0.020 0.051
2 0.084 0.427 0.024 0.066
2 0.764 0.103 0.016 0.051
1 0.769 0.069 0.014 0.016
