14 0.469 0.231 0.028 0.050
0 0.962 0.302 0.020 0.067
0 0.813 0.334 0.028 0.057
0 0.577 0.215 0.019 0.105
0 0.678 0.217 0.023 0.048
0 0.646 0.131 0.022 0.050
0 0.528 0.217 0.023 0.098
0 0.426 0.296 0.022 0.051
0 0.489 0.414 0.024 0.066
0 0.031 0.482 0.028 0.137
11 0.311 0.290 0.088 0.074
1 0.027 0.423 0.013 0.019
1 0.133 0.230 0.008 0.016
1 0.427 0.275 0.008 0.012
1 0.467 0.295 0.007 0.016
1 0.485 0.386 0.011 0.013
1 0.476 0.381 0.010 0.016
1 0.574 0.169 0.010 0.013
1 0.675 0.202 0.008 0.017
1 0.805 0.308 0.009 0.013
1 0.963 0.275 0.010 0.014
1 0.530 0.184 0.008 0.013
14 0.178 0.262 0.018 0.039
14 0.590 0.113 0.014 0.035
2 0.027 0.452 0.018 0.036
2 0.201 0.293 0.013 0.043
2 0.421 0.300 0.011 0.029
2 0.486 0.420 0.018 0.043
2 0.576 0.200 0.014 0.040
2 0.646 0.125 0.016 0.029
2 0.964 0.303 0.016 0.035
10 0.674 0.501 0.022 0.071
10 0.374 0.229 0.020 0.040
