0 0.248 0.606 0.036 0.183
0 0.130 0.250 0.034 0.120
0 0.086 0.237 0.024 0.060
0 0.591 0.331 0.031 0.095
0 0.493 0.346 0.022 0.061
0 0.589 0.042 0.019 0.082
0 0.811 0.487 0.038 0.103
0 0.863 0.579 0.024 0.089
4 0.628 0.764 0.162 0.251
4 0.725 0.659 0.122 0.235
4 0.206 0.883 0.221 0.174
1 0.240 0.523 0.013 0.035
1 0.128 0.193 0.016 0.031
1 0.083 0.219 0.014 0.030
1 0.584 0.291 0.010 0.031
1 0.497 0.288 0.012 0.021
2 0.249 0.573 0.027 0.077
2 0.129 0.232 0.025 0.052
2 0.089 0.248 0.016 0.032
2 0.589 0.318 0.018 0.043
12 0.449 0.095 0.039 0.084
