14 0.302 0.025 0.037 0.048
11 0.445 0.639 0.147 0.165
11 0.468 0.759 0.091 0.149
14 0.123 0.628 0.012 0.069
14 0.176 0.463 0.014 0.066
13 0.181 0.373 0.279 0.651
13 0.143 0.042 0.283 0.081
7 0.153 0.093 0.102 0.086
7 0.296 0.304 0.092 0.189
7 0.428 0.283 0.151 0.153
7 0.552 0.377 0.149 0.206
7 0.672 0.277 0.147 0.157
7 0.562 0.230 0.058 0.090
7 0.340 0.517 0.146 0.190
7 0.626 0.816 0.157 0.235
7 0.612 0.965 0.187 0.070
7 0.761 0.925 0.066 0.149
7 0.879 0.944 0.167 0.111
7 0.982 0.888 0.036 0.189
5 0.873 0.257 0.249 0.146
3 0.901 0.548 0.109 0.341
3 0.899 0.850 0.140 0.131
7 0.067 0.107 0.040 0.056
7 0.015 0.204 0.029 0.228
