0 0.052 0.074 0.034 0.145
0 0.119 0.231 0.032 0.095
0 0.144 0.178 0.034 0.065
0 0.214 0.185 0.041 0.174
0 0.286 0.178 0.039 0.074
0 0.564 0.373 0.052 0.114
1 0.055 0.014 0.015 0.020
1 0.112 0.195 0.014 0.025
1 0.145 0.154 0.016 0.026
1 0.205 0.114 0.017 0.029
1 0.587 0.335 0.017 0.045
1 0.276 0.151 0.016 0.019
2 0.047 0.046 0.022 0.055
2 0.217 0.154 0.026 0.058
2 0.292 0.171 0.022 0.031
2 0.559 0.350 0.039 0.061
4 0.123 0.413 0.182 0.131
4 0.749 0.496 0.143 0.142
5 0.348 0.340 0.396 0.055
5 0.891 0.818 0.219 0.106
