0 0.040 0.446 0.044 0.155
0 0.069 0.600 0.054 0.189
0 0.352 0.600 0.029 0.127
0 0.725 0.280 0.043 0.141
0 0.868 0.279 0.018 0.115
0 0.901 0.294 0.022 0.134
0 0.386 0.033 0.031 0.057
0 0.739 0.032 0.019 0.063
0 0.776 0.041 0.031 0.050
0 0.145 0.440 0.039 0.130
0 0.208 0.375 0.031 0.111
1 0.038 0.392 0.024 0.022
1 0.145 0.399 0.021 0.032
1 0.071 0.528 0.026 0.024
1 0.346 0.575 0.010 0.031
1 0.725 0.231 0.019 0.027
2 0.040 0.428 0.035 0.071
2 0.142 0.447 0.029 0.063
2 0.074 0.580 0.029 0.069
2 0.723 0.268 0.023 0.049
4 0.024 0.637 0.047 0.095
4 0.053 0.737 0.101 0.127
4 0.118 0.838 0.154 0.135
0 0.206 0.940 0.054 0.090
1 0.191 0.912 0.026 0.032
2 0.214 0.955 0.040 0.063
4 0.558 0.809 0.114 0.141
11 0.423 0.492 0.080 0.095
