0 0.042 0.281 0.023 0.102
0 0.175 0.042 0.017 0.056
0 0.198 0.060 0.026 0.053
0 0.240 0.099 0.027 0.061
0 0.312 0.052 0.020 0.046
0 0.085 0.483 0.035 0.072
0 0.234 0.360 0.031 0.069
0 0.224 0.519 0.032 0.117
0 0.351 0.656 0.028 0.152
1 0.046 0.239 0.010 0.017
1 0.193 0.042 0.006 0.012
1 0.240 0.080 0.008 0.013
1 0.090 0.465 0.015 0.029
1 0.217 0.477 0.010 0.024
1 0.232 0.344 0.013 0.026
1 0.344 0.590 0.014 0.034
1 0.312 0.034 0.009 0.011
2 0.043 0.270 0.013 0.050
2 0.241 0.101 0.014 0.031
2 0.312 0.054 0.014 0.028
2 0.225 0.515 0.029 0.060
2 0.479 0.694 0.024 0.094
0 0.475 0.689 0.034 0.139
1 0.468 0.636 0.015 0.034
3 0.018 0.285 0.035 0.069
3 0.562 0.640 0.123 0.152
4 0.061 0.564 0.050 0.139
4 0.172 0.712 0.148 0.103
4 0.209 0.622 0.041 0.090
11 0.067 0.663 0.068 0.092
14 0.655 0.117 0.183 0.232
