14 0.615 0.159 0.036 0.050
14 0.129 0.650 0.044 0.074
11 0.787 0.758 0.148 0.165
11 0.815 0.876 0.089 0.144
13 0.386 0.206 0.415 0.141
13 0.506 0.534 0.246 0.697
14 0.466 0.792 0.011 0.082
14 0.510 0.616 0.015 0.071
14 0.048 0.640 0.027 0.050
14 0.257 0.496 0.016 0.047
7 0.327 0.381 0.062 0.171
7 0.272 0.418 0.045 0.093
7 0.477 0.260 0.092 0.093
7 0.624 0.433 0.091 0.178
7 0.753 0.406 0.147 0.156
7 0.886 0.481 0.157 0.215
7 0.962 0.359 0.076 0.176
7 0.887 0.330 0.066 0.086
7 0.671 0.647 0.160 0.206
7 0.947 0.898 0.106 0.180
10 0.024 0.533 0.047 0.108
7 0.304 0.285 0.122 0.093
