0 0.672 0.402 0.030 0.130
0 0.604 0.404 0.013 0.125
0 0.595 0.200 0.010 0.076
0 0.519 0.270 0.023 0.068
0 0.404 0.232 0.018 0.076
0 0.411 0.307 0.023 0.044
0 0.330 0.365 0.023 0.115
0 0.259 0.352 0.023 0.078
2 0.601 0.401 0.016 0.048
2 0.668 0.385 0.021 0.040
2 0.595 0.195 0.010 0.025
2 0.264 0.337 0.017 0.039
2 0.332 0.347 0.021 0.035
2 0.409 0.231 0.010 0.026
2 0.422 0.307 0.016 0.037
2 0.522 0.276 0.009 0.033
1 0.248 0.325 0.007 0.018
1 0.329 0.319 0.012 0.025
1 0.411 0.300 0.009 0.020
1 0.402 0.204 0.010 0.011
1 0.675 0.351 0.013 0.033
1 0.610 0.363 0.021 0.020
1 0.595 0.176 0.009 0.020
1 0.515 0.259 0.010 0.018
3 0.224 0.410 0.068 0.090
3 0.236 0.201 0.022 0.056
3 0.413 0.484 0.053 0.071
4 0.491 0.464 0.105 0.060
4 0.117 0.377 0.057 0.071
