0 0.257 0.265 0.042 0.205
0 0.539 0.669 0.052 0.219
0 0.644 0.433 0.046 0.197
0 0.654 0.173 0.029 0.148
1 0.545 0.585 0.026 0.035
1 0.640 0.351 0.016 0.026
1 0.257 0.175 0.018 0.027
2 0.254 0.244 0.024 0.072
2 0.540 0.649 0.033 0.096
2 0.642 0.414 0.025 0.082
2 0.653 0.163 0.023 0.073
7 0.167 0.772 0.160 0.224
7 0.170 0.277 0.106 0.196
7 0.874 0.523 0.089 0.170
7 0.786 0.639 0.085 0.181
7 0.973 0.289 0.052 0.169
9 0.848 0.309 0.074 0.122
9 0.873 0.419 0.098 0.093
9 0.315 0.051 0.043 0.101
14 0.790 0.140 0.052 0.073
7 0.632 0.893 0.178 0.181
7 0.326 0.378 0.076 0.093
7 0.562 0.674 0.102 0.143
