0 0.652 0.176 0.042 0.191
0 0.753 0.774 0.053 0.235
0 0.785 0.448 0.034 0.250
0 0.693 0.091 0.031 0.170
0 0.841 0.111 0.045 0.219
1 0.651 0.095 0.029 0.030
1 0.837 0.009 0.022 0.017
1 0.788 0.343 0.029 0.037
1 0.746 0.686 0.024 0.045
2 0.751 0.744 0.043 0.103
2 0.783 0.405 0.040 0.105
2 0.843 0.071 0.044 0.075
2 0.695 0.052 0.020 0.076
2 0.649 0.162 0.030 0.091
3 0.959 0.698 0.083 0.187
7 0.572 0.052 0.083 0.103
7 0.579 0.218 0.086 0.141
7 0.237 0.154 0.176 0.208
7 0.145 0.374 0.185 0.183
7 0.327 0.555 0.212 0.169
7 0.270 0.719 0.123 0.190
7 0.067 0.879 0.114 0.242
7 0.336 0.903 0.136 0.194
7 0.509 0.831 0.114 0.198
11 0.260 0.054 0.127 0.106
