11 0.338 0.684 0.146 0.179
11 0.351 0.809 0.096 0.154
13 0.127 0.390 0.247 0.665
13 0.118 0.045 0.215 0.088
14 0.006 0.679 0.011 0.056
14 0.072 0.496 0.017 0.076
7 0.204 0.332 0.106 0.203
7 0.339 0.317 0.157 0.180
7 0.459 0.408 0.151 0.224
7 0.593 0.302 0.151 0.201
7 0.473 0.249 0.065 0.093
7 0.238 0.556 0.161 0.207
7 0.497 0.879 0.160 0.243
7 0.641 0.956 0.062 0.088
7 0.873 0.922 0.059 0.156
5 0.842 0.300 0.242 0.147
3 0.808 0.589 0.128 0.374
3 0.777 0.904 0.130 0.137
7 0.083 0.110 0.096 0.085
