5 0.628 0.439 0.189 0.052
5 0.910 0.600 0.179 0.105
5 0.942 0.858 0.116 0.100
5 0.676 0.244 0.146 0.052
0 0.346 0.268 0.040 0.137
0 0.682 0.326 0.037 0.094
0 0.730 0.288 0.029 0.169
0 0.504 0.635 0.037 0.066
0 0.908 0.582 0.031 0.202
0 0.926 0.390 0.048 0.155
2 0.511 0.639 0.013 0.044
2 0.695 0.326 0.017 0.065
2 0.720 0.279 0.026 0.079
2 0.941 0.376 0.019 0.073
2 0.912 0.557 0.029 0.055
1 0.497 0.627 0.017 0.031
1 0.916 0.500 0.019 0.038
1 0.917 0.339 0.019 0.031
1 0.673 0.289 0.017 0.025
1 0.723 0.223 0.021 0.032
1 0.334 0.209 0.009 0.032
2 0.340 0.256 0.027 0.065
3 0.295 0.392 0.130 0.150
3 0.320 0.157 0.096 0.106
3 0.231 0.167 0.016 0.118
3 0.051 0.381 0.068 0.167
4 0.096 0.237 0.068 0.066
4 0.233 0.287 0.058 0.118
4 0.697 0.066 0.090 0.116
7 0.344 0.286 0.074 0.115
11 0.705 0.180 0.063 0.078
