5 0.746 0.327 0.290 0.256
3 0.753 0.710 0.116 0.158
3 0.757 0.593 0.111 0.053
3 0.760 0.559 0.081 0.009
3 0.774 0.515 0.100 0.032
3 0.784 0.463 0.122 0.039
4 0.721 0.920 0.183 0.144
7 0.174 0.240 0.061 0.181
7 0.258 0.241 0.054 0.155
7 0.332 0.281 0.101 0.171
7 0.436 0.228 0.056 0.101
7 0.106 0.399 0.052 0.090
7 0.164 0.440 0.115 0.164
7 0.226 0.461 0.089 0.187
7 0.459 0.799 0.138 0.211
7 0.419 0.952 0.149 0.095
7 0.574 0.908 0.074 0.184
7 0.826 0.931 0.041 0.138
11 0.300 0.595 0.130 0.160
13 0.039 0.325 0.076 0.283
13 0.177 0.078 0.079 0.139
13 0.090 0.087 0.080 0.172
