0 0.520 0.759 0.029 0.159
0 0.597 0.722 0.022 0.122
0 0.120 0.762 0.041 0.106
0 0.208 0.771 0.038 0.099
0 0.534 0.325 0.024 0.137
0 0.578 0.341 0.031 0.128
0 0.620 0.320 0.035 0.153
0 0.613 0.450 0.020 0.116
0 0.662 0.427 0.021 0.119
0 0.812 0.326 0.015 0.067
0 0.948 0.383 0.035 0.101
0 0.965 0.307 0.026 0.081
0 0.880 0.353 0.029 0.103
4 0.933 0.517 0.119 0.170
4 0.972 0.569 0.056 0.078
1 0.134 0.723 0.014 0.029
1 0.205 0.735 0.014 0.026
1 0.949 0.351 0.017 0.023
1 0.543 0.266 0.013 0.019
1 0.570 0.294 0.012 0.024
1 0.624 0.278 0.014 0.022
3 0.558 0.199 0.111 0.115
2 0.123 0.769 0.029 0.067
2 0.211 0.769 0.027 0.056
2 0.951 0.398 0.027 0.065
2 0.539 0.306 0.023 0.059
2 0.578 0.327 0.025 0.060
2 0.620 0.315 0.023 0.053
