0 0.446 0.525 0.019 0.096
0 0.478 0.506 0.023 0.106
0 0.600 0.525 0.034 0.127
0 0.812 0.529 0.031 0.082
0 0.899 0.235 0.015 0.044
0 0.891 0.304 0.018 0.038
0 0.761 0.220 0.013 0.056
0 0.533 0.198 0.014 0.074
0 0.554 0.190 0.018 0.062
0 0.354 0.454 0.033 0.082
0 0.416 0.475 0.017 0.076
0 0.131 0.409 0.027 0.041
0 0.065 0.427 0.028 0.041
0 0.090 0.049 0.009 0.026
0 0.429 0.031 0.009 0.044
0 0.773 0.085 0.013 0.026
3 0.487 0.432 0.046 0.099
3 0.742 0.255 0.039 0.078
4 0.886 0.510 0.149 0.138
11 0.698 0.394 0.051 0.044
2 0.815 0.529 0.020 0.053
2 0.599 0.505 0.018 0.048
2 0.587 0.386 0.015 0.039
2 0.125 0.407 0.013 0.031
2 0.060 0.420 0.014 0.024
2 0.414 0.467 0.011 0.031
2 0.445 0.512 0.013 0.035
2 0.473 0.492 0.013 0.041
2 0.533 0.186 0.011 0.030
2 0.551 0.181 0.009 0.024
2 0.890 0.303 0.008 0.027
1 0.899 0.225 0.008 0.016
1 0.803 0.500 0.008 0.018
1 0.607 0.476 0.009 0.018
1 0.588 0.356 0.007 0.015
1 0.533 0.166 0.007 0.012
1 0.549 0.163 0.006 0.007
1 0.349 0.420 0.008 0.011
1 0.411 0.445 0.007 0.016
1 0.442 0.479 0.010 0.015
1 0.475 0.460 0.009 0.013
1 0.071 0.422 0.008 0.023
1 0.133 0.389 0.008 0.011
2 0.349 0.451 0.009 0.033
7 0.490 0.682 0.135 0.114
7 0.827 0.668 0.116 0.170
7 0.752 0.773 0.117 0.281
7 0.630 0.730 0.052 0.119
7 0.320 0.763 0.112 0.101
7 0.425 0.958 0.073 0.083
7 0.138 0.914 0.055 0.112
4 0.540 0.393 0.081 0.041
4 0.527 0.302 0.081 0.029
4 0.770 0.362 0.080 0.062
4 0.774 0.458 0.083 0.092
3 0.533 0.334 0.095 0.041
4 0.341 0.620 0.198 0.108
4 0.286 0.119 0.041 0.035
4 0.176 0.092 0.046 0.043
3 0.845 0.124 0.031 0.063
3 0.236 0.135 0.037 0.044
