0 0.021 0.128 0.030 0.083
0 0.008 0.134 0.015 0.062
0 0.180 0.407 0.031 0.140
0 0.038 0.349 0.030 0.087
0 0.955 0.744 0.037 0.130
0 0.875 0.065 0.026 0.082
0 0.015 0.076 0.022 0.056
1 0.021 0.106 0.013 0.019
1 0.015 0.061 0.008 0.011
1 0.045 0.324 0.015 0.027
1 0.186 0.365 0.011 0.026
1 0.954 0.700 0.022 0.036
1 0.881 0.034 0.008 0.019
0 0.208 0.482 0.032 0.170
2 0.009 0.139 0.014 0.042
2 0.034 0.353 0.022 0.054
2 0.177 0.411 0.019 0.069
2 0.957 0.737 0.036 0.059
2 0.878 0.058 0.013 0.039
3 0.515 0.574 0.113 0.135
4 0.027 0.434 0.052 0.143
4 0.164 0.514 0.038 0.093
4 0.125 0.579 0.164 0.114
11 0.025 0.536 0.048 0.078
14 0.635 0.091 0.194 0.180
