14 0.441 0.275 0.036 0.073
0 0.659 0.611 0.028 0.119
0 0.656 0.756 0.024 0.189
0 0.755 0.689 0.035 0.182
0 0.990 0.675 0.019 0.189
1 0.660 0.673 0.017 0.023
1 0.654 0.561 0.015 0.022
1 0.755 0.609 0.018 0.022
1 0.993 0.589 0.014 0.019
14 0.363 0.228 0.019 0.052
14 0.578 0.165 0.015 0.046
14 0.758 0.516 0.015 0.072
14 0.820 0.363 0.014 0.059
13 0.827 0.292 0.315 0.576
7 0.015 0.086 0.030 0.121
7 0.054 0.610 0.108 0.159
7 0.145 0.731 0.122 0.190
7 0.320 0.034 0.057 0.066
7 0.639 0.082 0.113 0.163
7 0.950 0.219 0.096 0.193
7 0.948 0.450 0.104 0.242
2 0.993 0.646 0.014 0.068
2 0.659 0.613 0.025 0.064
2 0.657 0.731 0.019 0.069
4 0.353 0.694 0.228 0.169
4 0.360 0.801 0.159 0.221
10 0.346 0.126 0.051 0.102
3 0.170 0.217 0.094 0.080
7 0.819 0.024 0.101 0.045
