0 0.325 0.149 0.065 0.197
0 0.297 0.501 0.052 0.158
0 0.319 0.442 0.056 0.163
0 0.466 0.424 0.059 0.119
0 0.910 0.575 0.048 0.275
0 0.411 0.961 0.041 0.079
1 0.904 0.451 0.021 0.034
1 0.467 0.376 0.027 0.023
1 0.314 0.066 0.020 0.025
1 0.320 0.373 0.024 0.031
1 0.307 0.459 0.020 0.032
1 0.407 0.969 0.030 0.043
2 0.907 0.526 0.034 0.089
2 0.462 0.423 0.040 0.047
2 0.308 0.528 0.032 0.077
2 0.313 0.432 0.036 0.064
2 0.325 0.135 0.032 0.067
3 0.654 0.942 0.186 0.116
4 0.811 0.896 0.129 0.207
7 0.221 0.320 0.079 0.134
7 0.354 0.377 0.096 0.102
7 0.822 0.126 0.092 0.149
7 0.905 0.829 0.111 0.162
7 0.053 0.854 0.106 0.212
7 0.262 0.497 0.056 0.103
