0 0.037 0.858 0.052 0.118
0 0.363 0.714 0.033 0.118
0 0.493 0.777 0.034 0.122
0 0.509 0.910 0.030 0.087
0 0.081 0.048 0.018 0.049
0 0.031 0.074 0.025 0.024
0 0.404 0.044 0.010 0.054
0 0.418 0.059 0.010 0.057
0 0.442 0.041 0.018 0.040
0 0.620 0.048 0.014 0.054
0 0.655 0.028 0.016 0.055
0 0.683 0.152 0.013 0.067
0 0.693 0.137 0.016 0.079
0 0.058 0.357 0.021 0.082
0 0.036 0.380 0.021 0.065
0 0.220 0.379 0.033 0.094
2 0.045 0.853 0.029 0.056
2 0.359 0.717 0.018 0.042
2 0.495 0.776 0.026 0.057
2 0.509 0.904 0.024 0.045
2 0.037 0.376 0.014 0.032
2 0.055 0.355 0.011 0.032
2 0.222 0.364 0.020 0.033
2 0.034 0.081 0.011 0.011
2 0.082 0.048 0.009 0.024
2 0.682 0.146 0.010 0.030
2 0.697 0.146 0.009 0.031
2 0.620 0.048 0.006 0.023
2 0.654 0.035 0.010 0.018
2 0.442 0.036 0.008 0.021
2 0.414 0.052 0.011 0.023
2 0.404 0.037 0.010 0.018
1 0.017 0.812 0.017 0.037
1 0.365 0.675 0.011 0.032
1 0.492 0.731 0.013 0.023
1 0.502 0.878 0.021 0.017
1 0.234 0.340 0.009 0.007
1 0.695 0.118 0.004 0.015
1 0.688 0.123 0.005 0.015
1 0.654 0.016 0.009 0.012
1 0.622 0.027 0.006 0.008
1 0.398 0.018 0.007 0.008
1 0.440 0.019 0.006 0.007
1 0.420 0.033 0.004 0.004
1 0.078 0.030 0.007 0.011
1 0.027 0.067 0.007 0.013
3 0.444 0.816 0.103 0.110
3 0.658 0.200 0.057 0.074
4 0.717 0.861 0.192 0.146
4 0.267 0.856 0.073 0.198
9 0.343 0.804 0.074 0.088
10 0.590 0.224 0.028 0.092
10 0.372 0.028 0.017 0.054
10 0.051 0.024 0.031 0.040
