0 0.062 0.224 0.040 0.125
0 0.100 0.244 0.048 0.170
0 0.093 0.145 0.026 0.111
0 0.179 0.362 0.051 0.194
0 0.609 0.188 0.034 0.168
0 0.641 0.158 0.030 0.152
0 0.432 0.582 0.031 0.149
1 0.053 0.179 0.017 0.032
1 0.097 0.108 0.016 0.028
1 0.114 0.188 0.018 0.022
1 0.191 0.299 0.019 0.026
1 0.445 0.537 0.022 0.032
1 0.643 0.099 0.015 0.031
2 0.069 0.216 0.032 0.050
2 0.096 0.145 0.020 0.054
2 0.102 0.221 0.023 0.081
2 0.179 0.344 0.031 0.081
2 0.430 0.598 0.033 0.091
2 0.614 0.182 0.017 0.069
2 0.639 0.146 0.029 0.078
11 0.062 0.127 0.062 0.089
4 0.048 0.324 0.094 0.125
4 0.115 0.412 0.106 0.127
4 0.178 0.507 0.139 0.145
4 0.614 0.452 0.111 0.140
0 0.402 0.258 0.043 0.109
1 0.394 0.229 0.024 0.044
11 0.474 0.136 0.082 0.110
