0 0.447 0.626 0.040 0.087
0 0.792 0.416 0.032 0.169
0 0.991 0.282 0.017 0.066
0 0.647 0.168 0.024 0.123
0 0.616 0.170 0.022 0.098
0 0.274 0.188 0.016 0.090
0 0.126 0.613 0.054 0.066
1 0.448 0.621 0.020 0.044
1 0.111 0.605 0.018 0.036
1 0.612 0.134 0.014 0.019
1 0.643 0.122 0.013 0.023
1 0.787 0.347 0.014 0.043
2 0.646 0.163 0.020 0.058
2 0.617 0.166 0.015 0.041
2 0.792 0.393 0.028 0.064
3 0.976 0.559 0.047 0.159
3 0.033 0.510 0.065 0.158
4 0.776 0.085 0.091 0.074
4 0.484 0.869 0.255 0.119
3 0.549 0.191 0.085 0.094
14 0.081 0.053 0.149 0.104
