0 0.180 0.284 0.057 0.118
0 0.062 0.072 0.020 0.134
0 0.323 0.148 0.024 0.086
0 0.277 0.239 0.034 0.124
0 0.451 0.281 0.024 0.081
1 0.441 0.244 0.009 0.013
1 0.316 0.127 0.011 0.028
1 0.286 0.188 0.014 0.030
1 0.156 0.254 0.015 0.028
1 0.066 0.024 0.008 0.019
2 0.063 0.063 0.014 0.054
2 0.183 0.274 0.023 0.040
2 0.267 0.226 0.030 0.055
2 0.316 0.165 0.014 0.031
2 0.447 0.278 0.014 0.027
3 0.175 0.077 0.062 0.153
4 0.193 0.183 0.046 0.094
7 0.880 0.643 0.092 0.124
7 0.988 0.566 0.024 0.069
10 0.845 0.712 0.062 0.093
10 0.956 0.725 0.034 0.051
