0 0.765 0.368 0.036 0.168
0 0.471 0.595 0.053 0.208
0 0.020 0.445 0.039 0.130
0 0.133 0.431 0.053 0.104
0 0.195 0.445 0.055 0.102
0 0.259 0.458 0.037 0.149
0 0.234 0.624 0.046 0.180
1 0.034 0.411 0.027 0.040
1 0.151 0.408 0.016 0.038
1 0.166 0.407 0.014 0.033
1 0.241 0.388 0.020 0.033
1 0.232 0.530 0.032 0.041
1 0.458 0.516 0.023 0.031
1 0.763 0.303 0.021 0.041
4 0.677 0.265 0.136 0.121
4 0.409 0.462 0.133 0.104
2 0.016 0.438 0.028 0.047
2 0.130 0.422 0.035 0.044
2 0.192 0.432 0.034 0.044
2 0.250 0.436 0.034 0.063
2 0.768 0.351 0.031 0.053
2 0.474 0.577 0.037 0.073
2 0.230 0.614 0.052 0.089
10 0.273 0.047 0.034 0.068
