0 0.234 0.334 0.024 0.130
0 0.269 0.363 0.028 0.137
0 0.253 0.346 0.021 0.125
0 0.158 0.712 0.034 0.103
0 0.367 0.637 0.044 0.172
0 0.226 0.894 0.036 0.211
0 0.799 0.979 0.046 0.042
0 0.846 0.581 0.032 0.074
0 0.923 0.441 0.023 0.109
0 0.869 0.290 0.036 0.119
0 0.667 0.132 0.028 0.075
0 0.461 0.431 0.011 0.147
0 0.940 0.554 0.046 0.075
0 0.005 0.232 0.009 0.120
0 0.010 0.019 0.015 0.035
4 0.309 0.548 0.137 0.082
4 0.945 0.291 0.109 0.102
4 0.903 0.921 0.194 0.158
4 0.739 0.885 0.171 0.194
4 0.675 0.698 0.219 0.123
4 0.216 0.592 0.183 0.071
4 0.227 0.253 0.093 0.081
9 0.054 0.244 0.084 0.070
9 0.270 0.683 0.084 0.094
3 0.641 0.465 0.073 0.142
3 0.829 0.204 0.054 0.108
3 0.138 0.869 0.097 0.207
3 0.441 0.834 0.047 0.101
3 0.171 0.654 0.072 0.095
4 0.264 0.771 0.207 0.060
4 0.592 0.087 0.087 0.065
10 0.734 0.582 0.021 0.075
10 0.256 0.050 0.017 0.051
11 0.575 0.762 0.093 0.094
1 0.353 0.565 0.017 0.026
1 0.217 0.803 0.019 0.028
1 0.918 0.392 0.013 0.015
1 0.784 0.978 0.017 0.040
2 0.220 0.859 0.024 0.069
2 0.364 0.613 0.034 0.069
2 0.846 0.576 0.023 0.040
2 0.924 0.441 0.020 0.055
4 0.145 0.273 0.069 0.125
2 0.268 0.348 0.019 0.054
2 0.251 0.333 0.019 0.049
2 0.233 0.320 0.021 0.058
2 0.161 0.719 0.021 0.061
1 0.149 0.674 0.016 0.028
1 0.272 0.308 0.011 0.021
1 0.236 0.284 0.013 0.025
1 0.254 0.294 0.012 0.017
1 0.958 0.528 0.014 0.027
2 0.846 0.575 0.026 0.038
2 0.935 0.548 0.032 0.044
2 0.873 0.269 0.019 0.050
1 0.858 0.241 0.011 0.018
1 0.675 0.104 0.012 0.017
2 0.463 0.419 0.009 0.061
1 0.461 0.367 0.010 0.016
