0 0.948 0.924 0.060 0.153
1 0.946 0.877 0.033 0.052
2 0.955 0.941 0.048 0.077
7 0.881 0.182 0.105 0.141
7 0.972 0.267 0.056 0.102
7 0.943 0.568 0.102 0.234
7 0.899 0.363 0.116 0.144
7 0.544 0.207 0.147 0.217
7 0.586 0.041 0.208 0.080
7 0.222 0.145 0.144 0.184
7 0.102 0.115 0.068 0.135
7 0.074 0.229 0.118 0.153
7 0.417 0.409 0.194 0.188
7 0.196 0.685 0.124 0.198
7 0.481 0.750 0.109 0.225
7 0.582 0.629 0.235 0.228
7 0.266 0.868 0.136 0.265
7 0.511 0.934 0.139 0.131
7 0.703 0.911 0.111 0.178
11 0.585 0.097 0.120 0.145
