0 0.109 0.366 0.026 0.072
0 0.087 0.338 0.014 0.073
0 0.098 0.466 0.032 0.144
0 0.168 0.483 0.037 0.159
0 0.349 0.435 0.024 0.128
0 0.381 0.512 0.027 0.066
0 0.406 0.501 0.022 0.178
0 0.430 0.501 0.024 0.054
0 0.555 0.738 0.043 0.199
0 0.382 0.231 0.026 0.136
0 0.424 0.205 0.024 0.119
0 0.588 0.170 0.021 0.076
0 0.401 0.151 0.018 0.045
3 0.637 0.687 0.071 0.103
3 0.186 0.675 0.122 0.109
4 0.822 0.499 0.072 0.079
1 0.567 0.660 0.016 0.025
1 0.352 0.384 0.017 0.021
1 0.406 0.425 0.015 0.023
1 0.374 0.488 0.012 0.022
1 0.094 0.409 0.015 0.032
1 0.170 0.421 0.016 0.028
2 0.555 0.715 0.029 0.083
2 0.102 0.447 0.024 0.058
2 0.169 0.469 0.029 0.065
2 0.429 0.493 0.027 0.036
2 0.348 0.432 0.022 0.065
2 0.384 0.514 0.024 0.048
2 0.406 0.475 0.020 0.066
2 0.421 0.187 0.023 0.049
