5 0.526 0.931 0.469 0.089
5 0.429 0.706 0.257 0.078
5 0.223 0.615 0.445 0.069
5 0.920 0.344 0.160 0.090
5 0.120 0.403 0.139 0.088
0 0.153 0.499 0.048 0.134
0 0.355 0.484 0.033 0.117
0 0.616 0.838 0.032 0.218
0 0.432 0.910 0.058 0.134
0 0.258 0.894 0.041 0.139
0 0.740 0.383 0.026 0.097
2 0.166 0.478 0.031 0.056
2 0.353 0.485 0.031 0.050
2 0.251 0.922 0.028 0.056
2 0.437 0.895 0.035 0.046
2 0.614 0.816 0.037 0.094
2 0.739 0.387 0.026 0.026
1 0.740 0.359 0.013 0.030
1 0.610 0.753 0.014 0.023
1 0.258 0.858 0.022 0.047
1 0.421 0.872 0.015 0.038
1 0.374 0.457 0.017 0.043
1 0.146 0.448 0.013 0.023
4 0.139 0.253 0.065 0.079
11 0.161 0.341 0.057 0.097
11 0.547 0.435 0.078 0.067
