0 0.055 0.642 0.047 0.195
0 0.107 0.724 0.030 0.181
0 0.291 0.617 0.061 0.208
0 0.467 0.525 0.040 0.086
1 0.060 0.560 0.021 0.051
1 0.101 0.654 0.022 0.030
1 0.276 0.529 0.023 0.049
1 0.464 0.504 0.018 0.031
12 0.586 0.295 0.072 0.134
11 0.342 0.469 0.157 0.150
7 0.203 0.136 0.086 0.215
7 0.315 0.142 0.119 0.206
7 0.467 0.097 0.065 0.159
7 0.227 0.342 0.113 0.253
7 0.774 0.863 0.144 0.274
7 0.575 0.137 0.127 0.193
7 0.450 0.244 0.138 0.229
7 0.546 0.764 0.277 0.413
7 0.892 0.820 0.057 0.359
11 0.364 0.587 0.087 0.121
2 0.463 0.531 0.037 0.031
2 0.289 0.578 0.033 0.053
2 0.055 0.613 0.025 0.060
13 0.096 0.289 0.189 0.569
