0 0.839 0.516 0.040 0.206
0 0.977 0.341 0.041 0.200
0 0.767 0.225 0.045 0.137
0 0.839 0.186 0.035 0.198
2 0.840 0.493 0.023 0.069
2 0.765 0.222 0.026 0.054
2 0.833 0.159 0.019 0.076
2 0.974 0.315 0.030 0.071
1 0.838 0.434 0.032 0.029
1 0.765 0.172 0.016 0.026
1 0.973 0.257 0.022 0.032
1 0.848 0.109 0.014 0.022
7 0.563 0.755 0.183 0.149
7 0.688 0.548 0.130 0.201
7 0.714 0.336 0.177 0.155
7 0.205 0.609 0.086 0.122
7 0.065 0.481 0.085 0.169
7 0.987 0.502 0.027 0.109
11 0.716 0.431 0.109 0.113
7 0.349 0.516 0.094 0.132
7 0.713 0.933 0.235 0.134
1 0.811 0.982 0.023 0.035
