5 0.314 0.737 0.097 0.167
0 0.684 0.193 0.028 0.111
2 0.680 0.175 0.017 0.040
1 0.682 0.146 0.013 0.020
7 0.652 0.586 0.092 0.174
7 0.355 0.295 0.102 0.096
7 0.308 0.420 0.040 0.093
7 0.368 0.414 0.052 0.145
7 0.447 0.330 0.031 0.074
7 0.535 0.351 0.101 0.115
7 0.741 0.578 0.040 0.135
7 0.792 0.622 0.059 0.121
7 0.889 0.679 0.128 0.165
7 0.912 0.583 0.044 0.116
7 0.985 0.652 0.031 0.139
7 0.575 0.731 0.084 0.079
7 0.633 0.794 0.089 0.123
7 0.690 0.815 0.071 0.114
7 0.047 0.206 0.094 0.167
7 0.033 0.309 0.053 0.106
10 0.145 0.553 0.083 0.105
10 0.054 0.431 0.042 0.094
11 0.767 0.930 0.163 0.139
13 0.470 0.747 0.199 0.284
13 0.590 0.319 0.222 0.124
13 0.345 0.231 0.195 0.135
13 0.100 0.603 0.140 0.223
13 0.237 0.561 0.132 0.256
