0 0.111 0.285 0.026 0.119
0 0.247 0.321 0.026 0.123
0 0.203 0.618 0.044 0.165
0 0.463 0.529 0.034 0.084
0 0.630 0.579 0.036 0.162
1 0.117 0.241 0.014 0.021
1 0.251 0.269 0.013 0.019
1 0.459 0.504 0.023 0.037
1 0.632 0.512 0.022 0.042
1 0.206 0.552 0.027 0.038
2 0.112 0.285 0.020 0.051
2 0.197 0.608 0.029 0.077
2 0.248 0.315 0.019 0.051
2 0.625 0.564 0.026 0.056
11 0.142 0.358 0.078 0.088
4 0.081 0.551 0.161 0.154
4 0.048 0.695 0.096 0.160
4 0.227 0.749 0.140 0.145
4 0.667 0.765 0.111 0.138
11 0.537 0.431 0.083 0.091
