0 0.441 0.146 0.017 0.103
0 0.193 0.145 0.017 0.106
0 0.036 0.269 0.024 0.131
0 0.840 0.267 0.020 0.090
0 0.771 0.305 0.017 0.091
0 0.832 0.341 0.035 0.110
0 0.743 0.054 0.018 0.103
1 0.743 0.019 0.009 0.026
1 0.774 0.273 0.014 0.034
1 0.820 0.287 0.014 0.034
1 0.836 0.230 0.017 0.030
1 0.902 0.036 0.015 0.018
0 0.785 0.133 0.016 0.092
4 0.722 0.449 0.130 0.161
4 0.905 0.556 0.191 0.082
4 0.858 0.639 0.093 0.125
2 0.742 0.045 0.013 0.027
2 0.787 0.110 0.012 0.030
2 0.839 0.259 0.017 0.030
2 0.831 0.313 0.027 0.020
2 0.771 0.300 0.013 0.036
2 0.037 0.249 0.022 0.043
2 0.191 0.134 0.013 0.025
2 0.445 0.139 0.015 0.039
7 0.553 0.361 0.160 0.144
7 0.707 0.302 0.073 0.090
7 0.775 0.226 0.107 0.057
7 0.509 0.237 0.091 0.083
7 0.679 0.145 0.043 0.077
7 0.657 0.227 0.046 0.058
0 0.150 0.172 0.015 0.079
1 0.151 0.139 0.012 0.015
2 0.153 0.167 0.010 0.033
1 0.443 0.107 0.009 0.013
