0 0.128 0.096 0.015 0.069
0 0.083 0.103 0.010 0.075
0 0.073 0.102 0.013 0.058
0 0.072 0.203 0.013 0.064
0 0.087 0.214 0.017 0.077
0 0.134 0.165 0.013 0.064
0 0.144 0.173 0.011 0.077
0 0.154 0.183 0.016 0.056
0 0.120 0.156 0.016 0.053
0 0.135 0.239 0.016 0.089
0 0.163 0.245 0.024 0.081
0 0.254 0.252 0.022 0.043
0 0.535 0.134 0.013 0.073
0 0.551 0.123 0.014 0.046
0 0.564 0.139 0.016 0.048
0 0.535 0.726 0.033 0.172
0 0.785 0.497 0.025 0.119
0 0.824 0.491 0.023 0.079
1 0.256 0.239 0.010 0.014
1 0.532 0.658 0.015 0.028
1 0.785 0.456 0.013 0.023
1 0.825 0.469 0.017 0.025
2 0.086 0.215 0.015 0.041
2 0.127 0.094 0.010 0.030
2 0.535 0.708 0.024 0.068
2 0.785 0.486 0.016 0.045
2 0.824 0.500 0.015 0.044
3 0.723 0.478 0.080 0.113
3 0.399 0.813 0.108 0.174
4 0.036 0.473 0.071 0.086
4 0.347 0.317 0.062 0.080
4 0.360 0.901 0.153 0.101
4 0.126 0.812 0.154 0.112
