0 0.393 0.201 0.027 0.071
0 0.760 0.290 0.022 0.081
0 0.844 0.043 0.018 0.084
0 0.724 0.034 0.013 0.067
0 0.805 0.042 0.023 0.082
0 0.458 0.086 0.019 0.098
0 0.474 0.022 0.020 0.036
0 0.931 0.381 0.044 0.127
0 0.928 0.063 0.024 0.040
0 0.018 0.046 0.027 0.091
0 0.395 0.471 0.039 0.052
4 0.377 0.281 0.114 0.114
3 0.924 0.722 0.097 0.114
4 0.863 0.654 0.115 0.057
7 0.092 0.408 0.144 0.106
11 0.780 0.494 0.071 0.095
1 0.391 0.178 0.016 0.026
1 0.391 0.466 0.017 0.031
1 0.929 0.052 0.011 0.026
2 0.936 0.370 0.030 0.069
2 0.457 0.077 0.011 0.037
1 0.457 0.052 0.009 0.015
1 0.759 0.262 0.014 0.021
2 0.760 0.294 0.018 0.046
4 0.764 0.381 0.057 0.122
