0 0.412 0.289 0.051 0.274
0 0.527 0.294 0.049 0.217
0 0.591 0.153 0.031 0.231
0 0.600 0.188 0.036 0.245
0 0.627 0.123 0.033 0.244
0 0.643 0.172 0.047 0.239
0 0.686 0.148 0.046 0.268
2 0.683 0.113 0.024 0.079
2 0.640 0.151 0.032 0.092
2 0.592 0.161 0.026 0.072
2 0.530 0.270 0.027 0.077
2 0.411 0.241 0.040 0.070
1 0.404 0.175 0.027 0.038
1 0.524 0.207 0.026 0.032
1 0.596 0.086 0.017 0.033
1 0.595 0.058 0.017 0.027
1 0.637 0.074 0.021 0.023
1 0.633 0.021 0.032 0.040
1 0.676 0.031 0.023 0.035
7 0.337 0.236 0.083 0.189
7 0.030 0.870 0.058 0.238
5 0.420 0.134 0.080 0.161
3 0.652 0.482 0.130 0.190
4 0.804 0.469 0.136 0.269
7 0.891 0.326 0.142 0.212
7 0.056 0.462 0.110 0.164
