0 0.460 0.081 0.017 0.082
0 0.486 0.031 0.020 0.061
0 0.394 0.464 0.037 0.056
0 0.764 0.279 0.026 0.069
0 0.934 0.366 0.032 0.146
0 0.845 0.036 0.017 0.070
0 0.926 0.045 0.028 0.051
0 0.811 0.040 0.022 0.078
0 0.407 0.189 0.033 0.069
0 0.060 0.033 0.024 0.061
4 0.872 0.589 0.140 0.196
4 0.316 0.453 0.120 0.184
4 0.394 0.288 0.134 0.109
3 0.935 0.740 0.077 0.087
7 0.094 0.395 0.144 0.132
11 0.781 0.484 0.079 0.091
1 0.391 0.452 0.014 0.025
1 0.406 0.168 0.014 0.030
1 0.460 0.046 0.013 0.028
1 0.484 0.019 0.013 0.022
1 0.761 0.251 0.016 0.025
1 0.932 0.313 0.019 0.037
2 0.460 0.078 0.016 0.044
2 0.935 0.347 0.021 0.054
2 0.763 0.287 0.021 0.041
4 0.772 0.376 0.057 0.106
