5 0.543 0.869 0.277 0.079
5 0.381 0.679 0.221 0.088
5 0.195 0.591 0.385 0.070
5 0.075 0.378 0.121 0.061
5 0.839 0.292 0.107 0.044
0 0.095 0.482 0.043 0.116
0 0.287 0.456 0.039 0.083
0 0.680 0.326 0.034 0.079
0 0.579 0.785 0.029 0.198
0 0.387 0.873 0.036 0.124
0 0.266 0.896 0.044 0.171
2 0.099 0.457 0.019 0.051
2 0.279 0.460 0.032 0.051
2 0.270 0.907 0.022 0.079
2 0.390 0.845 0.026 0.035
2 0.577 0.760 0.021 0.095
2 0.677 0.327 0.024 0.032
1 0.673 0.301 0.013 0.016
1 0.570 0.698 0.015 0.022
1 0.304 0.434 0.018 0.041
1 0.278 0.830 0.021 0.029
1 0.085 0.430 0.015 0.031
4 0.062 0.228 0.082 0.074
11 0.099 0.319 0.053 0.067
11 0.495 0.394 0.081 0.062
