0 0.323 0.943 0.051 0.115
0 0.257 0.750 0.054 0.201
0 0.390 0.528 0.051 0.108
1 0.256 0.665 0.026 0.034
1 0.320 0.906 0.023 0.036
1 0.394 0.482 0.017 0.019
2 0.390 0.539 0.031 0.044
2 0.255 0.724 0.030 0.082
2 0.321 0.952 0.034 0.056
0 0.978 0.282 0.039 0.153
0 0.900 0.301 0.049 0.094
1 0.915 0.269 0.015 0.028
2 0.892 0.295 0.031 0.067
1 0.980 0.219 0.021 0.026
2 0.980 0.271 0.023 0.073
6 0.071 0.538 0.114 0.143
6 0.185 0.709 0.101 0.252
6 0.211 0.932 0.149 0.135
6 0.794 0.851 0.122 0.230
6 0.420 0.094 0.099 0.173
11 0.347 0.460 0.052 0.091
