0 0.906 0.929 0.009 0.052
0 0.926 0.943 0.008 0.045
0 0.915 0.920 0.008 0.048
0 0.718 0.858 0.013 0.026
0 0.530 0.740 0.006 0.017
0 0.425 0.641 0.004 0.024
0 0.405 0.627 0.005 0.020
0 0.419 0.872 0.013 0.045
1 0.418 0.852 0.007 0.006
1 0.532 0.735 0.005 0.006
1 0.721 0.850 0.005 0.006
1 0.908 0.907 0.005 0.009
1 0.926 0.925 0.006 0.008
1 0.405 0.620 0.002 0.004
1 0.426 0.633 0.003 0.006
2 0.419 0.866 0.007 0.018
2 0.530 0.744 0.005 0.012
2 0.717 0.857 0.008 0.014
3 0.602 0.851 0.028 0.045
3 0.632 0.846 0.027 0.051
3 0.670 0.814 0.028 0.050
4 0.284 0.918 0.027 0.084
4 0.668 0.889 0.049 0.112
