0 0.869 0.545 0.026 0.122
0 0.591 0.541 0.036 0.057
0 0.441 0.502 0.030 0.134
0 0.274 0.148 0.014 0.053
0 0.176 0.222 0.011 0.058
0 0.290 0.197 0.023 0.059
0 0.365 0.205 0.014 0.040
2 0.872 0.531 0.021 0.042
1 0.876 0.501 0.014 0.023
1 0.597 0.533 0.011 0.025
1 0.437 0.452 0.011 0.017
2 0.441 0.499 0.018 0.059
1 0.367 0.189 0.006 0.016
1 0.274 0.137 0.007 0.011
1 0.295 0.169 0.006 0.008
1 0.173 0.204 0.007 0.013
2 0.175 0.220 0.010 0.031
2 0.273 0.154 0.007 0.013
2 0.292 0.180 0.011 0.025
2 0.365 0.206 0.010 0.012
3 0.312 0.411 0.056 0.079
