0 0.914 0.212 0.028 0.178
0 0.817 0.188 0.039 0.116
0 0.726 0.037 0.038 0.064
0 0.797 0.033 0.056 0.064
0 0.316 0.257 0.040 0.070
0 0.305 0.033 0.020 0.065
0 0.094 0.162 0.036 0.093
0 0.422 0.085 0.015 0.108
1 0.910 0.136 0.017 0.019
1 0.814 0.150 0.015 0.019
2 0.909 0.191 0.026 0.065
2 0.816 0.183 0.021 0.048
1 0.737 0.008 0.008 0.014
2 0.318 0.254 0.025 0.033
2 0.101 0.159 0.021 0.069
2 0.734 0.038 0.021 0.028
2 0.806 0.031 0.019 0.050
2 0.312 0.009 0.010 0.016
3 0.842 0.315 0.090 0.150
4 0.537 0.304 0.160 0.144
4 0.214 0.332 0.092 0.144
9 0.104 0.366 0.053 0.095
10 0.186 0.058 0.022 0.044
10 0.114 0.414 0.013 0.037
