0 0.462 0.669 0.029 0.081
0 0.489 0.658 0.018 0.063
0 0.495 0.715 0.026 0.103
1 0.465 0.640 0.013 0.020
1 0.487 0.637 0.010 0.019
1 0.495 0.681 0.013 0.019
2 0.467 0.668 0.019 0.031
4 0.476 0.806 0.104 0.100
4 0.509 0.581 0.102 0.174
4 0.600 0.428 0.089 0.167
4 0.667 0.367 0.108 0.159
7 0.914 0.464 0.062 0.102
7 0.965 0.371 0.060 0.069
6 0.918 0.321 0.046 0.127
6 0.963 0.290 0.045 0.075
10 0.832 0.113 0.061 0.135
13 0.199 0.832 0.326 0.272
13 0.030 0.530 0.036 0.273
13 0.261 0.200 0.515 0.399
14 0.333 0.683 0.153 0.284
14 0.518 0.480 0.186 0.214
