0 0.156 0.298 0.052 0.214
0 0.539 0.135 0.048 0.211
0 0.964 0.158 0.048 0.175
1 0.146 0.202 0.021 0.046
1 0.555 0.052 0.027 0.033
1 0.956 0.102 0.021 0.039
2 0.962 0.173 0.026 0.093
2 0.537 0.117 0.042 0.080
2 0.153 0.275 0.045 0.090
7 0.329 0.034 0.086 0.067
7 0.487 0.040 0.085 0.068
7 0.652 0.046 0.043 0.091
7 0.786 0.071 0.116 0.140
7 0.619 0.131 0.113 0.131
7 0.929 0.329 0.127 0.162
7 0.975 0.691 0.049 0.201
7 0.976 0.947 0.048 0.096
7 0.795 0.804 0.120 0.267
7 0.733 0.626 0.102 0.243
7 0.509 0.408 0.093 0.131
7 0.427 0.143 0.059 0.083
7 0.297 0.514 0.081 0.126
7 0.276 0.705 0.251 0.232
9 0.192 0.047 0.072 0.092
9 0.066 0.082 0.128 0.149
