0 0.474 0.661 0.051 0.181
0 0.855 0.565 0.054 0.120
0 0.378 0.284 0.039 0.151
0 0.402 0.064 0.027 0.063
0 0.215 0.219 0.037 0.083
0 0.089 0.375 0.035 0.081
0 0.183 0.200 0.018 0.044
0 0.078 0.251 0.026 0.138
0 0.993 0.181 0.014 0.075
1 0.831 0.532 0.008 0.018
1 0.464 0.587 0.013 0.032
1 0.370 0.229 0.016 0.019
1 0.200 0.200 0.013 0.025
1 0.079 0.195 0.015 0.019
1 0.076 0.352 0.014 0.021
1 0.398 0.051 0.011 0.026
2 0.862 0.532 0.033 0.048
2 0.475 0.634 0.040 0.063
2 0.376 0.263 0.023 0.059
2 0.077 0.239 0.020 0.044
2 0.094 0.378 0.024 0.039
2 0.996 0.178 0.008 0.031
2 0.403 0.048 0.009 0.028
2 0.211 0.230 0.016 0.045
2 0.181 0.208 0.013 0.011
3 0.143 0.275 0.087 0.108
3 0.168 0.031 0.069 0.060
3 0.715 0.427 0.111 0.139
4 0.223 0.323 0.052 0.106
4 0.298 0.363 0.082 0.083
4 0.326 0.455 0.112 0.073
9 0.448 0.408 0.054 0.148
10 0.475 0.468 0.033 0.057
11 0.238 0.416 0.069 0.079
