0 0.374 0.101 0.032 0.200
0 0.450 0.149 0.040 0.193
0 0.478 0.269 0.035 0.219
0 0.520 0.334 0.041 0.256
0 0.536 0.085 0.038 0.122
0 0.490 0.631 0.050 0.244
1 0.490 0.530 0.031 0.042
1 0.527 0.223 0.024 0.032
1 0.491 0.173 0.029 0.035
1 0.469 0.074 0.026 0.027
1 0.364 0.006 0.033 0.011
1 0.535 0.032 0.031 0.032
2 0.518 0.306 0.039 0.104
2 0.486 0.591 0.028 0.070
2 0.481 0.234 0.032 0.069
2 0.534 0.077 0.027 0.058
2 0.452 0.129 0.023 0.081
2 0.372 0.078 0.032 0.084
3 0.705 0.656 0.166 0.179
4 0.867 0.665 0.127 0.343
7 0.943 0.536 0.114 0.196
7 0.213 0.749 0.120 0.207
7 0.057 0.841 0.096 0.319
7 0.095 0.425 0.189 0.156
7 0.028 0.585 0.055 0.218
7 0.037 0.076 0.072 0.151
7 0.341 0.129 0.086 0.118
7 0.417 0.047 0.068 0.092
