0 0.417 0.820 0.082 0.340
0 0.523 0.809 0.084 0.302
0 0.246 0.794 0.119 0.295
0 0.363 0.573 0.064 0.298
0 0.200 0.506 0.058 0.300
0 0.249 0.485 0.057 0.315
2 0.416 0.788 0.046 0.145
2 0.522 0.779 0.049 0.116
2 0.218 0.772 0.037 0.115
2 0.371 0.561 0.040 0.115
2 0.205 0.454 0.030 0.091
2 0.249 0.436 0.046 0.104
1 0.210 0.371 0.028 0.032
1 0.252 0.362 0.036 0.044
1 0.366 0.450 0.023 0.036
1 0.220 0.684 0.021 0.041
1 0.441 0.682 0.024 0.048
1 0.527 0.696 0.027 0.032
0 0.420 0.603 0.052 0.141
2 0.410 0.593 0.028 0.041
