0 0.081 0.335 0.034 0.085
0 0.150 0.497 0.035 0.106
0 0.361 0.480 0.037 0.082
0 0.312 0.424 0.033 0.108
0 0.399 0.465 0.041 0.072
0 0.461 0.473 0.038 0.180
0 0.595 0.686 0.046 0.165
0 0.364 0.194 0.026 0.115
0 0.401 0.164 0.039 0.108
0 0.377 0.119 0.017 0.033
3 0.160 0.647 0.127 0.123
3 0.627 0.657 0.041 0.104
4 0.799 0.477 0.072 0.077
1 0.608 0.613 0.017 0.021
1 0.319 0.388 0.015 0.031
1 0.349 0.456 0.011 0.018
1 0.384 0.447 0.011 0.020
1 0.466 0.399 0.017 0.028
1 0.156 0.464 0.014 0.022
1 0.084 0.308 0.016 0.023
1 0.062 0.345 0.010 0.028
1 0.400 0.121 0.011 0.023
1 0.370 0.147 0.011 0.017
2 0.593 0.662 0.035 0.077
2 0.464 0.451 0.028 0.068
2 0.404 0.466 0.031 0.036
2 0.363 0.484 0.032 0.047
2 0.398 0.156 0.021 0.047
2 0.366 0.184 0.023 0.045
2 0.309 0.420 0.023 0.052
2 0.081 0.344 0.022 0.052
2 0.149 0.502 0.033 0.052
