0 0.108 0.663 0.033 0.173
0 0.191 0.366 0.036 0.084
0 0.657 0.545 0.018 0.109
0 0.586 0.582 0.021 0.109
0 0.694 0.087 0.015 0.110
0 0.735 0.088 0.022 0.091
0 0.753 0.016 0.020 0.031
0 0.696 0.015 0.042 0.029
0 0.952 0.031 0.023 0.059
0 0.944 0.072 0.011 0.054
2 0.107 0.641 0.020 0.074
1 0.110 0.591 0.017 0.023
1 0.198 0.334 0.014 0.025
2 0.185 0.365 0.019 0.043
2 0.649 0.543 0.016 0.050
2 0.592 0.580 0.013 0.045
1 0.581 0.550 0.013 0.016
1 0.699 0.051 0.012 0.012
1 0.732 0.053 0.005 0.016
1 0.761 0.006 0.005 0.010
1 0.950 0.009 0.008 0.011
1 0.948 0.062 0.004 0.014
2 0.693 0.070 0.014 0.031
2 0.699 0.015 0.006 0.019
2 0.735 0.071 0.010 0.031
2 0.753 0.011 0.015 0.018
2 0.950 0.031 0.009 0.034
2 0.945 0.075 0.008 0.032
3 0.099 0.341 0.076 0.100
3 0.369 0.272 0.086 0.097
3 0.561 0.697 0.094 0.132
4 0.102 0.456 0.125 0.111
4 0.912 0.274 0.034 0.068
9 0.225 0.397 0.039 0.079
