4 0.153 0.283 0.076 0.147
4 0.220 0.050 0.122 0.080
0 0.406 0.333 0.026 0.151
0 0.225 0.249 0.037 0.120
0 0.249 0.113 0.024 0.055
0 0.024 0.219 0.018 0.094
0 0.162 0.227 0.023 0.048
1 0.408 0.273 0.014 0.027
1 0.222 0.197 0.011 0.020
1 0.248 0.091 0.014 0.021
1 0.163 0.212 0.014 0.017
1 0.024 0.180 0.009 0.019
2 0.162 0.235 0.019 0.020
2 0.224 0.238 0.021 0.051
2 0.249 0.119 0.020 0.038
2 0.407 0.314 0.022 0.061
10 0.822 0.730 0.065 0.052
4 0.135 0.142 0.065 0.131
7 0.972 0.616 0.055 0.084
10 0.940 0.743 0.033 0.019
