0 0.014 0.586 0.027 0.154
0 0.115 0.301 0.017 0.132
0 0.139 0.324 0.027 0.135
0 0.342 0.855 0.051 0.111
0 0.340 0.331 0.016 0.097
0 0.438 0.409 0.016 0.133
0 0.419 0.382 0.020 0.113
0 0.980 0.044 0.009 0.036
0 0.826 0.063 0.011 0.046
0 0.867 0.073 0.011 0.048
0 0.880 0.057 0.011 0.030
0 0.584 0.023 0.013 0.044
1 0.440 0.353 0.013 0.023
1 0.425 0.334 0.012 0.015
1 0.023 0.518 0.018 0.023
2 0.343 0.829 0.035 0.040
2 0.440 0.391 0.015 0.050
2 0.016 0.565 0.025 0.063
2 0.116 0.287 0.020 0.049
2 0.139 0.308 0.024 0.056
