0 0.374 0.633 0.040 0.156
0 0.893 0.582 0.072 0.093
0 0.437 0.351 0.040 0.091
0 0.464 0.331 0.022 0.121
0 0.559 0.380 0.030 0.078
0 0.597 0.365 0.042 0.095
0 0.664 0.325 0.041 0.158
0 0.954 0.081 0.015 0.103
0 0.976 0.114 0.024 0.135
0 0.658 0.068 0.036 0.121
0 0.423 0.244 0.039 0.116
0 0.287 0.260 0.030 0.082
0 0.192 0.247 0.024 0.138
0 0.214 0.234 0.028 0.156
3 0.291 0.560 0.126 0.125
3 0.241 0.373 0.082 0.078
1 0.367 0.566 0.016 0.023
1 0.438 0.316 0.016 0.023
1 0.464 0.288 0.015 0.021
1 0.561 0.351 0.014 0.019
1 0.591 0.341 0.015 0.024
1 0.186 0.185 0.014 0.019
1 0.659 0.255 0.015 0.020
1 0.654 0.015 0.013 0.020
2 0.372 0.625 0.031 0.075
2 0.663 0.302 0.024 0.056
2 0.603 0.371 0.027 0.049
2 0.568 0.391 0.024 0.052
2 0.440 0.365 0.022 0.061
2 0.463 0.335 0.024 0.059
2 0.415 0.226 0.020 0.045
2 0.214 0.217 0.019 0.056
