4 0.408 0.358 0.106 0.152
4 0.513 0.338 0.107 0.095
3 0.648 0.471 0.097 0.083
4 0.704 0.159 0.074 0.069
0 0.092 0.270 0.026 0.081
0 0.192 0.345 0.026 0.125
0 0.362 0.053 0.016 0.089
9 0.446 0.253 0.072 0.070
0 0.504 0.273 0.021 0.044
0 0.406 0.208 0.022 0.101
0 0.570 0.333 0.014 0.118
0 0.814 0.547 0.033 0.083
11 0.176 0.859 0.113 0.075
1 0.197 0.294 0.016 0.021
1 0.090 0.234 0.019 0.021
2 0.191 0.336 0.019 0.054
2 0.508 0.285 0.017 0.026
10 0.028 0.041 0.022 0.057
4 0.473 0.042 0.050 0.075
0 0.631 0.356 0.019 0.082
2 0.570 0.315 0.011 0.044
2 0.632 0.361 0.019 0.048
1 0.805 0.519 0.014 0.019
1 0.628 0.322 0.011 0.013
1 0.091 0.233 0.011 0.016
2 0.096 0.266 0.017 0.042
2 0.405 0.197 0.016 0.044
1 0.413 0.166 0.008 0.015
1 0.498 0.260 0.009 0.020
1 0.571 0.285 0.011 0.019
