11 0.399 0.537 0.148 0.166
11 0.424 0.656 0.090 0.153
14 0.075 0.520 0.013 0.071
14 0.129 0.360 0.014 0.065
13 0.126 0.299 0.250 0.593
7 0.248 0.197 0.093 0.191
7 0.387 0.187 0.152 0.182
7 0.504 0.286 0.146 0.231
7 0.513 0.126 0.058 0.102
7 0.629 0.165 0.153 0.162
7 0.291 0.420 0.154 0.200
7 0.582 0.713 0.165 0.240
7 0.569 0.908 0.197 0.184
7 0.714 0.859 0.059 0.231
7 0.825 0.897 0.171 0.206
7 0.954 0.840 0.063 0.320
5 0.856 0.171 0.264 0.162
3 0.854 0.743 0.141 0.126
3 0.861 0.448 0.117 0.363
7 0.103 0.022 0.095 0.042
