0 0.586 0.651 0.034 0.183
0 0.490 0.297 0.023 0.131
0 0.246 0.826 0.042 0.055
0 0.808 0.515 0.036 0.146
0 0.811 0.366 0.021 0.056
0 0.848 0.385 0.020 0.091
0 0.901 0.393 0.014 0.089
0 0.945 0.125 0.027 0.048
4 0.946 0.844 0.107 0.179
4 0.558 0.915 0.210 0.143
1 0.585 0.572 0.017 0.029
1 0.613 0.575 0.018 0.045
1 0.808 0.463 0.019 0.030
1 0.492 0.254 0.014 0.026
1 0.495 0.238 0.011 0.023
1 0.233 0.834 0.017 0.038
1 0.904 0.353 0.011 0.018
1 0.851 0.348 0.015 0.024
1 0.807 0.346 0.011 0.023
1 0.938 0.113 0.010 0.023
12 0.158 0.030 0.047 0.053
2 0.583 0.630 0.020 0.071
2 0.810 0.506 0.019 0.067
