0 0.198 0.539 0.029 0.167
0 0.061 0.290 0.038 0.128
0 0.014 0.281 0.027 0.069
0 0.510 0.354 0.021 0.080
0 0.423 0.384 0.023 0.062
0 0.426 0.340 0.022 0.051
0 0.585 0.594 0.041 0.154
0 0.517 0.069 0.024 0.104
0 0.749 0.512 0.036 0.120
4 0.539 0.798 0.148 0.203
4 0.664 0.687 0.107 0.186
4 0.149 0.918 0.186 0.165
1 0.194 0.472 0.021 0.048
1 0.057 0.242 0.020 0.031
1 0.011 0.260 0.015 0.029
1 0.587 0.545 0.017 0.035
1 0.510 0.322 0.013 0.031
1 0.428 0.327 0.013 0.021
1 0.516 0.030 0.016 0.029
2 0.198 0.519 0.024 0.058
2 0.585 0.594 0.027 0.072
2 0.511 0.357 0.014 0.044
2 0.058 0.283 0.021 0.059
2 0.016 0.295 0.020 0.039
12 0.385 0.139 0.034 0.078
