5 0.844 0.673 0.295 0.146
5 0.886 0.908 0.228 0.144
5 0.544 0.363 0.115 0.079
0 0.805 0.439 0.044 0.131
0 0.607 0.396 0.039 0.139
0 0.557 0.437 0.045 0.155
0 0.552 0.557 0.012 0.136
0 0.589 0.725 0.039 0.167
0 0.146 0.135 0.028 0.097
2 0.803 0.435 0.022 0.076
1 0.808 0.395 0.018 0.019
2 0.593 0.719 0.034 0.074
2 0.551 0.558 0.025 0.081
2 0.557 0.428 0.020 0.044
2 0.600 0.379 0.015 0.050
2 0.615 0.469 0.007 0.065
1 0.562 0.511 0.016 0.029
1 0.594 0.661 0.029 0.043
1 0.546 0.386 0.015 0.009
1 0.604 0.336 0.009 0.020
1 0.138 0.101 0.009 0.015
2 0.145 0.125 0.014 0.040
3 0.200 0.587 0.089 0.117
3 0.198 0.352 0.097 0.072
3 0.174 0.392 0.062 0.072
3 0.112 0.365 0.022 0.106
7 0.237 0.456 0.070 0.145
11 0.590 0.300 0.064 0.070
11 0.975 0.386 0.051 0.102
