0 0.332 0.040 0.030 0.078
0 0.522 0.550 0.043 0.175
0 0.441 0.845 0.032 0.169
11 0.549 0.425 0.147 0.162
11 0.577 0.547 0.085 0.147
1 0.439 0.772 0.016 0.023
1 0.520 0.477 0.016 0.031
13 0.248 0.257 0.194 0.481
14 0.230 0.431 0.014 0.074
14 0.281 0.261 0.011 0.076
7 0.103 0.061 0.068 0.119
7 0.397 0.096 0.092 0.191
7 0.532 0.086 0.152 0.169
7 0.652 0.166 0.152 0.224
7 0.774 0.077 0.149 0.134
7 0.440 0.307 0.155 0.203
7 0.733 0.603 0.162 0.246
7 0.724 0.810 0.193 0.201
7 0.868 0.743 0.072 0.225
7 0.945 0.795 0.110 0.238
2 0.443 0.829 0.024 0.056
2 0.517 0.518 0.023 0.067
2 0.331 0.038 0.027 0.056
7 0.037 0.045 0.051 0.088
7 0.660 0.027 0.067 0.052
3 0.979 0.324 0.042 0.337
3 0.967 0.622 0.066 0.114
