0 0.032 0.110 0.048 0.219
0 0.870 0.609 0.061 0.288
0 0.925 0.322 0.043 0.249
0 0.975 0.286 0.049 0.269
0 0.811 0.059 0.057 0.116
0 0.970 0.068 0.054 0.113
1 0.979 0.015 0.030 0.028
1 0.987 0.181 0.026 0.041
1 0.948 0.219 0.019 0.031
1 0.889 0.491 0.027 0.042
2 0.875 0.552 0.045 0.085
2 0.935 0.281 0.035 0.093
2 0.974 0.265 0.029 0.094
2 0.974 0.057 0.032 0.070
2 0.811 0.035 0.030 0.069
2 0.036 0.050 0.039 0.097
7 0.307 0.059 0.184 0.116
7 0.079 0.293 0.109 0.240
7 0.157 0.495 0.123 0.271
7 0.372 0.404 0.109 0.236
7 0.450 0.265 0.228 0.243
7 0.582 0.598 0.112 0.226
7 0.390 0.735 0.183 0.394
7 0.230 0.859 0.216 0.281
7 0.770 0.066 0.091 0.106
