0 0.195 0.111 0.016 0.094
0 0.042 0.773 0.045 0.165
0 0.701 0.925 0.041 0.140
0 0.800 0.972 0.070 0.056
0 0.613 0.551 0.052 0.129
0 0.772 0.142 0.017 0.058
0 0.487 0.044 0.013 0.044
0 0.515 0.043 0.016 0.056
0 0.347 0.784 0.048 0.099
0 0.206 0.030 0.022 0.052
1 0.038 0.716 0.021 0.031
1 0.696 0.870 0.020 0.036
1 0.348 0.758 0.027 0.026
2 0.049 0.770 0.041 0.072
2 0.705 0.934 0.037 0.081
2 0.615 0.541 0.025 0.065
1 0.610 0.492 0.013 0.022
11 0.063 0.626 0.064 0.094
4 0.035 0.933 0.069 0.106
11 0.465 0.657 0.083 0.095
