0 0.029 0.818 0.056 0.234
0 0.487 0.353 0.044 0.110
0 0.749 0.433 0.035 0.197
0 0.833 0.550 0.050 0.104
2 0.487 0.363 0.029 0.053
2 0.749 0.405 0.028 0.066
2 0.837 0.558 0.026 0.049
2 0.025 0.788 0.037 0.109
1 0.019 0.721 0.022 0.039
1 0.486 0.312 0.018 0.030
1 0.753 0.354 0.014 0.032
1 0.822 0.524 0.020 0.036
7 0.265 0.596 0.111 0.178
7 0.515 0.505 0.097 0.203
7 0.537 0.762 0.069 0.111
7 0.123 0.963 0.116 0.073
7 0.030 0.238 0.058 0.126
11 0.436 0.557 0.100 0.122
7 0.037 0.646 0.073 0.129
7 0.157 0.403 0.171 0.096
