0 0.819 0.086 0.013 0.051
0 0.427 0.196 0.020 0.100
0 0.399 0.212 0.016 0.090
0 0.490 0.204 0.024 0.036
0 0.496 0.037 0.012 0.051
0 0.453 0.187 0.021 0.033
10 0.226 0.660 0.014 0.085
10 0.214 0.818 0.017 0.131
1 0.673 0.921 0.009 0.017
1 0.712 0.924 0.010 0.013
2 0.716 0.953 0.012 0.029
2 0.679 0.948 0.013 0.018
0 0.678 0.935 0.020 0.046
0 0.713 0.954 0.021 0.074
1 0.424 0.152 0.007 0.010
2 0.427 0.184 0.013 0.034
2 0.488 0.202 0.014 0.021
7 0.635 0.951 0.127 0.097
7 0.452 0.721 0.072 0.081
14 0.066 0.084 0.101 0.166
