0 0.570 0.353 0.029 0.092
0 0.347 0.334 0.026 0.158
0 0.075 0.338 0.027 0.113
0 0.176 0.737 0.034 0.189
0 0.987 0.525 0.026 0.155
0 0.892 0.078 0.018 0.077
4 0.366 0.190 0.127 0.112
4 0.111 0.552 0.221 0.139
2 0.077 0.340 0.022 0.056
2 0.174 0.706 0.029 0.083
2 0.342 0.307 0.018 0.055
2 0.566 0.346 0.018 0.044
2 0.990 0.500 0.020 0.056
1 0.176 0.650 0.021 0.027
1 0.348 0.264 0.014 0.022
1 0.570 0.315 0.008 0.025
1 0.890 0.050 0.007 0.019
1 0.994 0.460 0.013 0.031
1 0.073 0.295 0.015 0.023
7 0.287 0.940 0.289 0.120
4 0.895 0.841 0.211 0.233
