0 0.760 0.331 0.037 0.131
0 0.688 0.332 0.016 0.109
0 0.680 0.119 0.008 0.054
0 0.411 0.269 0.014 0.117
0 0.342 0.262 0.024 0.086
0 0.051 0.013 0.010 0.023
0 0.012 0.019 0.022 0.019
0 0.021 0.071 0.020 0.056
0 0.609 0.373 0.020 0.069
2 0.687 0.314 0.014 0.033
2 0.756 0.317 0.022 0.049
2 0.679 0.123 0.011 0.025
2 0.346 0.244 0.016 0.033
2 0.410 0.259 0.014 0.039
2 0.612 0.377 0.011 0.031
1 0.612 0.350 0.009 0.016
1 0.690 0.279 0.014 0.020
1 0.763 0.277 0.011 0.019
1 0.682 0.095 0.007 0.013
1 0.414 0.234 0.007 0.025
1 0.332 0.229 0.011 0.016
1 0.014 0.013 0.002 0.010
1 0.024 0.051 0.005 0.014
3 0.509 0.403 0.061 0.030
3 0.309 0.330 0.085 0.102
3 0.336 0.137 0.030 0.062
4 0.569 0.372 0.078 0.092
4 0.205 0.274 0.052 0.077
