14 0.374 0.062 0.033 0.053
11 0.534 0.666 0.147 0.157
11 0.561 0.780 0.089 0.137
13 0.176 0.096 0.346 0.127
13 0.266 0.426 0.270 0.649
14 0.215 0.688 0.013 0.078
14 0.261 0.522 0.009 0.073
7 0.077 0.287 0.069 0.209
7 0.232 0.161 0.102 0.079
7 0.377 0.347 0.090 0.210
7 0.507 0.315 0.147 0.176
7 0.632 0.400 0.153 0.209
7 0.752 0.279 0.158 0.154
7 0.635 0.245 0.064 0.102
7 0.421 0.558 0.149 0.195
7 0.721 0.825 0.163 0.228
7 0.714 0.972 0.190 0.056
7 0.857 0.920 0.070 0.159
7 0.947 0.938 0.097 0.123
5 0.898 0.202 0.196 0.078
7 0.145 0.168 0.040 0.057
7 0.054 0.158 0.100 0.102
3 0.964 0.526 0.072 0.349
3 0.963 0.827 0.074 0.112
