0 0.384 0.248 0.032 0.087
0 0.406 0.258 0.019 0.048
0 0.312 0.061 0.015 0.092
0 0.329 0.048 0.017 0.084
0 0.415 0.059 0.022 0.052
0 0.533 0.492 0.040 0.165
0 0.622 0.556 0.041 0.174
0 0.556 0.393 0.031 0.141
0 0.534 0.360 0.027 0.116
0 0.645 0.719 0.032 0.152
0 0.652 0.976 0.036 0.048
0 0.738 0.412 0.030 0.139
0 0.096 0.041 0.028 0.041
3 0.480 0.715 0.235 0.232
3 0.419 0.865 0.091 0.224
3 0.952 0.538 0.095 0.182
4 0.940 0.744 0.121 0.130
4 0.325 0.372 0.083 0.138
3 0.908 0.156 0.095 0.085
4 0.030 0.225 0.058 0.080
11 0.854 0.797 0.112 0.123
1 0.380 0.212 0.011 0.026
1 0.396 0.241 0.002 0.019
1 0.528 0.413 0.013 0.031
1 0.553 0.332 0.010 0.024
1 0.535 0.317 0.010 0.021
1 0.316 0.024 0.008 0.016
1 0.089 0.025 0.010 0.019
1 0.647 0.658 0.021 0.034
1 0.618 0.489 0.015 0.025
1 0.732 0.359 0.011 0.022
1 0.649 0.966 0.022 0.029
2 0.531 0.473 0.022 0.073
2 0.618 0.531 0.017 0.056
2 0.388 0.247 0.016 0.054
2 0.556 0.383 0.024 0.069
2 0.740 0.402 0.021 0.056
2 0.645 0.707 0.021 0.056
11 0.539 0.883 0.128 0.095
