0 0.484 0.801 0.043 0.257
0 0.326 0.330 0.055 0.196
0 0.361 0.257 0.035 0.184
0 0.425 0.090 0.044 0.159
0 0.259 0.115 0.036 0.140
0 0.115 0.146 0.035 0.092
0 0.090 0.123 0.032 0.132
0 0.839 0.174 0.030 0.164
0 0.927 0.204 0.054 0.081
1 0.491 0.691 0.024 0.040
1 0.340 0.249 0.025 0.029
1 0.352 0.175 0.014 0.023
1 0.423 0.020 0.016 0.020
1 0.848 0.098 0.014 0.020
1 0.904 0.177 0.009 0.023
1 0.115 0.112 0.014 0.021
1 0.100 0.072 0.013 0.028
2 0.934 0.185 0.025 0.035
2 0.841 0.156 0.022 0.077
2 0.481 0.770 0.031 0.097
2 0.325 0.326 0.032 0.102
2 0.363 0.232 0.024 0.075
2 0.422 0.071 0.022 0.069
2 0.262 0.094 0.027 0.052
2 0.111 0.156 0.020 0.061
4 0.480 0.427 0.226 0.144
4 0.477 0.197 0.132 0.105
4 0.756 0.031 0.147 0.060
