0 0.319 0.098 0.041 0.194
0 0.499 0.158 0.046 0.213
0 0.680 0.198 0.045 0.237
0 0.794 0.179 0.040 0.184
0 0.687 0.628 0.038 0.245
0 0.674 0.744 0.060 0.180
3 0.827 0.697 0.294 0.336
7 0.166 0.644 0.146 0.243
7 0.251 0.863 0.149 0.275
7 0.414 0.749 0.127 0.228
7 0.055 0.268 0.108 0.165
7 0.096 0.088 0.191 0.170
7 0.026 0.794 0.052 0.256
7 0.554 0.357 0.132 0.204
7 0.521 0.070 0.092 0.123
7 0.385 0.041 0.122 0.080
2 0.321 0.082 0.032 0.089
2 0.505 0.136 0.033 0.094
2 0.677 0.164 0.031 0.087
2 0.794 0.173 0.042 0.096
2 0.686 0.624 0.039 0.109
1 0.317 0.024 0.023 0.041
1 0.504 0.063 0.021 0.031
1 0.802 0.112 0.026 0.034
1 0.691 0.102 0.037 0.043
1 0.688 0.549 0.026 0.043
5 0.481 0.548 0.164 0.400
