0 0.103 0.486 0.054 0.122
0 0.169 0.497 0.048 0.100
0 0.216 0.477 0.046 0.187
0 0.210 0.682 0.052 0.214
0 0.720 0.427 0.035 0.172
1 0.712 0.354 0.016 0.020
1 0.219 0.600 0.034 0.051
1 0.212 0.403 0.017 0.035
1 0.149 0.459 0.015 0.038
1 0.125 0.468 0.014 0.022
1 0.007 0.473 0.013 0.022
4 0.651 0.319 0.135 0.109
4 0.336 0.529 0.228 0.123
4 0.358 0.769 0.241 0.141
2 0.218 0.465 0.034 0.079
2 0.167 0.484 0.026 0.040
2 0.103 0.471 0.033 0.038
2 0.203 0.671 0.047 0.100
2 0.720 0.405 0.025 0.073
10 0.249 0.105 0.032 0.069
5 0.891 0.499 0.218 0.139
