0 0.182 0.697 0.030 0.186
0 0.511 0.250 0.033 0.068
0 0.113 0.322 0.034 0.059
10 0.299 0.415 0.035 0.115
0 0.050 0.942 0.040 0.117
0 0.722 0.562 0.046 0.115
0 0.435 0.828 0.031 0.121
2 0.179 0.684 0.024 0.085
2 0.049 0.967 0.038 0.067
2 0.724 0.576 0.024 0.059
1 0.727 0.529 0.014 0.022
1 0.120 0.302 0.013 0.019
1 0.049 0.901 0.020 0.030
1 0.182 0.616 0.018 0.031
0 0.090 0.296 0.020 0.076
0 0.069 0.202 0.039 0.060
0 0.542 0.170 0.037 0.093
0 0.320 0.105 0.030 0.056
0 0.617 0.121 0.036 0.077
0 0.151 0.900 0.037 0.199
2 0.152 0.885 0.033 0.093
1 0.152 0.818 0.021 0.027
0 0.853 0.086 0.023 0.119
2 0.063 0.211 0.012 0.041
1 0.067 0.181 0.013 0.018
1 0.327 0.085 0.009 0.018
2 0.512 0.253 0.019 0.036
1 0.530 0.134 0.012 0.020
2 0.619 0.101 0.020 0.034
2 0.544 0.155 0.019 0.046
2 0.315 0.102 0.018 0.042
2 0.853 0.065 0.016 0.041
1 0.852 0.033 0.012 0.012
