0 0.252 0.491 0.037 0.081
0 0.262 0.627 0.037 0.185
0 0.398 0.667 0.030 0.158
0 0.585 0.584 0.025 0.192
0 0.950 0.575 0.029 0.097
1 0.254 0.463 0.020 0.041
1 0.256 0.542 0.019 0.031
1 0.400 0.597 0.023 0.047
1 0.583 0.491 0.015 0.039
1 0.946 0.542 0.022 0.054
12 0.930 0.346 0.089 0.152
11 0.667 0.497 0.156 0.127
7 0.853 0.776 0.261 0.408
7 0.520 0.122 0.109 0.164
7 0.665 0.142 0.147 0.185
7 0.781 0.259 0.154 0.271
7 0.916 0.162 0.168 0.215
7 0.797 0.103 0.067 0.133
7 0.534 0.351 0.183 0.257
7 0.964 0.870 0.071 0.260
7 0.211 0.061 0.125 0.120
11 0.684 0.626 0.081 0.164
2 0.592 0.550 0.023 0.077
2 0.397 0.641 0.022 0.056
2 0.260 0.596 0.027 0.076
2 0.257 0.504 0.030 0.057
4 0.060 0.719 0.119 0.267
13 0.392 0.277 0.267 0.553
