0 0.312 0.959 0.046 0.081
0 0.494 0.569 0.045 0.162
11 0.549 0.454 0.151 0.166
11 0.573 0.576 0.092 0.139
1 0.315 0.937 0.023 0.036
1 0.508 0.501 0.014 0.025
13 0.261 0.271 0.227 0.541
14 0.229 0.456 0.011 0.089
14 0.279 0.284 0.012 0.065
7 0.733 0.626 0.163 0.235
7 0.725 0.834 0.195 0.194
7 0.866 0.770 0.072 0.230
7 0.944 0.822 0.111 0.232
7 0.769 0.103 0.149 0.133
7 0.653 0.190 0.150 0.218
7 0.528 0.100 0.150 0.168
7 0.395 0.124 0.092 0.200
7 0.435 0.339 0.156 0.208
7 0.099 0.068 0.071 0.133
2 0.490 0.544 0.022 0.065
2 0.314 0.975 0.026 0.038
3 0.979 0.348 0.043 0.355
3 0.970 0.651 0.059 0.112
7 0.662 0.046 0.061 0.085
7 0.036 0.058 0.052 0.111
