0 0.285 0.162 0.025 0.127
0 0.516 0.502 0.041 0.151
0 0.420 0.819 0.034 0.171
11 0.556 0.410 0.146 0.151
11 0.580 0.536 0.091 0.138
1 0.416 0.746 0.017 0.030
1 0.526 0.440 0.016 0.031
1 0.285 0.105 0.012 0.016
13 0.255 0.248 0.185 0.484
14 0.236 0.411 0.014 0.073
14 0.286 0.245 0.013 0.056
7 0.111 0.050 0.067 0.097
7 0.405 0.086 0.094 0.169
7 0.539 0.078 0.151 0.142
7 0.664 0.150 0.152 0.220
7 0.782 0.066 0.152 0.130
7 0.741 0.594 0.168 0.243
7 0.726 0.794 0.193 0.192
7 0.873 0.740 0.069 0.236
7 0.951 0.782 0.098 0.248
7 0.445 0.297 0.148 0.211
2 0.519 0.479 0.021 0.062
2 0.285 0.156 0.024 0.063
7 0.669 0.027 0.065 0.052
7 0.048 0.030 0.052 0.058
3 0.979 0.318 0.042 0.353
3 0.972 0.620 0.056 0.127
