0 0.312 0.132 0.020 0.104
0 0.620 0.102 0.018 0.078
0 0.652 0.396 0.033 0.170
0 0.841 0.200 0.025 0.071
0 0.792 0.369 0.024 0.116
1 0.312 0.097 0.008 0.014
1 0.289 0.225 0.011 0.019
0 0.288 0.256 0.017 0.091
1 0.651 0.336 0.019 0.031
1 0.793 0.322 0.014 0.021
1 0.839 0.175 0.011 0.021
2 0.316 0.125 0.016 0.049
2 0.288 0.256 0.016 0.047
2 0.655 0.369 0.020 0.052
2 0.791 0.358 0.016 0.053
2 0.622 0.101 0.014 0.053
3 0.589 0.122 0.076 0.068
3 0.552 0.356 0.106 0.106
4 0.184 0.538 0.114 0.132
4 0.628 0.393 0.039 0.120
4 0.784 0.464 0.039 0.090
4 0.751 0.555 0.155 0.103
11 0.642 0.495 0.057 0.087
