0 0.734 0.427 0.029 0.108
0 0.655 0.440 0.024 0.118
0 0.651 0.245 0.016 0.073
0 0.460 0.275 0.017 0.081
0 0.567 0.317 0.016 0.072
0 0.220 0.231 0.024 0.049
0 0.016 0.134 0.018 0.053
1 0.731 0.393 0.015 0.024
1 0.662 0.398 0.009 0.019
1 0.648 0.219 0.011 0.011
1 0.460 0.245 0.008 0.015
1 0.221 0.216 0.009 0.019
1 0.016 0.123 0.007 0.009
1 0.379 0.356 0.005 0.012
1 0.304 0.364 0.008 0.021
2 0.315 0.379 0.013 0.032
2 0.384 0.384 0.017 0.033
2 0.659 0.429 0.018 0.045
2 0.567 0.317 0.009 0.028
2 0.459 0.265 0.009 0.027
2 0.650 0.233 0.006 0.028
2 0.213 0.231 0.008 0.020
2 0.018 0.141 0.008 0.020
0 0.311 0.385 0.033 0.088
0 0.382 0.392 0.020 0.093
3 0.280 0.457 0.079 0.096
3 0.293 0.246 0.033 0.053
3 0.476 0.528 0.046 0.054
4 0.534 0.484 0.076 0.085
4 0.159 0.404 0.051 0.069
