4 0.340 0.792 0.102 0.153
4 0.446 0.797 0.101 0.092
4 0.950 0.916 0.100 0.106
4 0.648 0.646 0.072 0.072
4 0.418 0.507 0.048 0.092
0 0.012 0.746 0.023 0.137
0 0.030 0.644 0.021 0.075
0 0.152 0.429 0.018 0.080
14 0.662 0.028 0.111 0.054
9 0.386 0.695 0.059 0.055
0 0.348 0.475 0.027 0.087
0 0.442 0.735 0.027 0.056
0 0.560 0.849 0.021 0.086
0 0.368 0.665 0.019 0.043
2 0.440 0.743 0.016 0.035
2 0.562 0.851 0.017 0.051
2 0.011 0.737 0.020 0.060
2 0.032 0.651 0.016 0.039
2 0.152 0.424 0.014 0.038
2 0.350 0.464 0.015 0.031
0 0.304 0.675 0.025 0.055
1 0.010 0.689 0.015 0.019
1 0.029 0.619 0.012 0.016
1 0.372 0.653 0.011 0.019
1 0.435 0.715 0.009 0.018
1 0.490 0.760 0.010 0.022
1 0.560 0.811 0.010 0.021
