0 0.237 0.293 0.036 0.142
0 0.118 0.643 0.045 0.194
0 0.288 0.748 0.031 0.178
0 0.515 0.633 0.050 0.174
0 0.846 0.608 0.042 0.114
1 0.850 0.580 0.025 0.049
1 0.528 0.563 0.021 0.041
1 0.290 0.677 0.018 0.035
1 0.127 0.578 0.035 0.047
1 0.237 0.241 0.020 0.040
12 0.774 0.345 0.084 0.150
11 0.522 0.496 0.143 0.177
7 0.427 0.339 0.086 0.168
7 0.385 0.183 0.105 0.200
7 0.501 0.163 0.107 0.154
7 0.655 0.123 0.057 0.131
7 0.941 0.898 0.109 0.172
7 0.749 0.164 0.121 0.183
7 0.644 0.265 0.142 0.218
7 0.727 0.796 0.261 0.387
11 0.546 0.636 0.068 0.156
2 0.239 0.280 0.022 0.045
2 0.121 0.621 0.027 0.065
2 0.516 0.609 0.025 0.069
2 0.848 0.617 0.027 0.054
13 0.261 0.308 0.302 0.615
2 0.288 0.729 0.020 0.056
