4 0.179 0.575 0.055 0.123
4 0.437 0.307 0.116 0.085
4 0.378 0.546 0.064 0.137
4 0.364 0.426 0.078 0.153
0 0.361 0.629 0.036 0.074
0 0.436 0.516 0.036 0.131
0 0.477 0.507 0.022 0.104
9 0.501 0.446 0.088 0.050
0 0.482 0.388 0.021 0.053
0 0.673 0.601 0.026 0.056
2 0.438 0.496 0.019 0.054
0 0.246 0.463 0.020 0.090
0 0.350 0.583 0.021 0.069
1 0.244 0.433 0.013 0.029
1 0.440 0.460 0.011 0.017
1 0.359 0.559 0.009 0.014
1 0.477 0.463 0.011 0.018
2 0.477 0.499 0.020 0.048
2 0.481 0.388 0.019 0.044
2 0.672 0.608 0.023 0.030
1 0.682 0.578 0.010 0.016
2 0.357 0.624 0.021 0.056
