0 0.104 0.785 0.043 0.154
0 0.255 0.281 0.026 0.072
0 0.377 0.227 0.024 0.069
0 0.407 0.271 0.019 0.061
0 0.493 0.225 0.020 0.093
0 0.534 0.214 0.019 0.069
0 0.949 0.547 0.026 0.097
0 0.845 0.433 0.033 0.116
0 0.814 0.279 0.029 0.125
2 0.107 0.775 0.025 0.060
2 0.847 0.424 0.014 0.044
2 0.951 0.553 0.018 0.049
2 0.810 0.265 0.017 0.029
2 0.255 0.278 0.011 0.027
1 0.104 0.720 0.014 0.027
1 0.425 0.920 0.016 0.024
1 0.257 0.256 0.008 0.017
1 0.377 0.208 0.011 0.024
1 0.489 0.189 0.012 0.029
1 0.851 0.393 0.015 0.020
1 0.946 0.511 0.006 0.013
0 0.277 0.204 0.021 0.073
0 0.652 0.203 0.033 0.055
0 0.427 0.942 0.046 0.085
11 0.143 0.828 0.067 0.106
11 0.550 0.826 0.086 0.082
