0 0.195 0.066 0.044 0.131
0 0.614 0.419 0.040 0.181
0 0.651 0.473 0.044 0.162
0 0.780 0.314 0.041 0.223
0 0.889 0.339 0.046 0.217
0 0.882 0.106 0.042 0.180
0 0.829 0.904 0.048 0.185
0 0.854 0.846 0.040 0.182
1 0.190 0.016 0.020 0.031
1 0.612 0.348 0.024 0.032
1 0.656 0.421 0.028 0.053
1 0.783 0.229 0.016 0.029
1 0.899 0.256 0.013 0.037
1 0.884 0.036 0.023 0.035
1 0.857 0.795 0.021 0.031
1 0.829 0.839 0.033 0.053
2 0.185 0.066 0.027 0.069
2 0.621 0.404 0.030 0.092
2 0.651 0.473 0.036 0.085
2 0.781 0.289 0.035 0.077
2 0.827 0.914 0.037 0.108
2 0.851 0.871 0.033 0.101
2 0.885 0.300 0.027 0.073
2 0.882 0.093 0.036 0.079
3 0.949 0.914 0.094 0.172
7 0.185 0.184 0.196 0.148
7 0.206 0.403 0.190 0.217
7 0.143 0.617 0.203 0.194
7 0.357 0.802 0.244 0.182
7 0.318 0.922 0.127 0.156
7 0.664 0.623 0.082 0.214
7 0.527 0.292 0.095 0.155
7 0.644 0.356 0.093 0.117
7 0.030 0.923 0.059 0.148
11 0.210 0.272 0.139 0.144
