0 0.703 0.234 0.035 0.161
0 0.897 0.197 0.042 0.162
0 0.736 0.040 0.032 0.078
0 0.795 0.031 0.039 0.060
0 0.109 0.187 0.041 0.114
0 0.278 0.044 0.032 0.085
0 0.317 0.268 0.023 0.063
1 0.899 0.132 0.018 0.026
1 0.694 0.167 0.022 0.034
2 0.902 0.177 0.023 0.051
2 0.700 0.207 0.023 0.033
1 0.740 0.022 0.013 0.013
1 0.781 0.010 0.011 0.012
2 0.104 0.163 0.012 0.056
2 0.324 0.258 0.016 0.041
2 0.737 0.046 0.017 0.039
2 0.802 0.026 0.013 0.051
2 0.271 0.020 0.014 0.038
1 0.310 0.250 0.007 0.021
3 0.852 0.314 0.103 0.167
4 0.232 0.361 0.093 0.131
4 0.567 0.302 0.144 0.149
9 0.132 0.401 0.078 0.113
10 0.187 0.053 0.010 0.040
10 0.115 0.427 0.021 0.045
