0 0.753 0.554 0.044 0.120
0 0.949 0.213 0.015 0.097
0 0.377 0.733 0.041 0.164
0 0.277 0.369 0.028 0.128
0 0.098 0.308 0.023 0.069
0 0.077 0.048 0.016 0.072
0 0.098 0.084 0.016 0.036
0 0.042 0.050 0.020 0.073
0 0.291 0.138 0.015 0.031
0 0.022 0.057 0.014 0.077
1 0.745 0.507 0.021 0.020
1 0.370 0.664 0.020 0.021
1 0.266 0.318 0.015 0.020
1 0.095 0.284 0.014 0.028
1 0.285 0.131 0.012 0.019
2 0.755 0.559 0.023 0.078
2 0.372 0.697 0.033 0.058
2 0.280 0.352 0.028 0.068
2 0.096 0.314 0.021 0.042
1 0.072 0.027 0.014 0.008
1 0.094 0.082 0.007 0.018
1 0.035 0.028 0.007 0.017
1 0.021 0.028 0.009 0.019
1 0.025 0.043 0.007 0.019
2 0.022 0.078 0.009 0.037
2 0.073 0.056 0.009 0.029
2 0.105 0.096 0.008 0.031
2 0.295 0.134 0.013 0.031
2 0.947 0.222 0.008 0.053
3 0.068 0.124 0.083 0.078
3 0.043 0.343 0.085 0.109
3 0.612 0.488 0.123 0.157
4 0.114 0.417 0.084 0.081
4 0.199 0.438 0.092 0.085
4 0.231 0.549 0.119 0.077
9 0.345 0.499 0.066 0.154
10 0.367 0.556 0.038 0.076
10 0.139 0.068 0.031 0.069
11 0.128 0.505 0.076 0.085
