0 0.061 0.779 0.022 0.081
1 0.065 0.747 0.010 0.016
2 0.064 0.767 0.016 0.026
10 0.204 0.833 0.049 0.192
10 0.094 0.927 0.024 0.104
13 0.364 0.766 0.235 0.034
13 0.577 0.769 0.194 0.041
13 0.207 0.942 0.130 0.117
14 0.116 0.415 0.057 0.102
14 0.420 0.767 0.096 0.039
14 0.438 0.905 0.094 0.036
14 0.697 0.883 0.065 0.029
14 0.682 0.773 0.068 0.037
14 0.772 0.764 0.056 0.032
14 0.833 0.774 0.047 0.032
14 0.789 0.877 0.087 0.025
14 0.917 0.968 0.044 0.043
13 0.397 0.917 0.307 0.060
13 0.677 0.882 0.273 0.055
13 0.910 0.958 0.139 0.084
14 0.162 0.648 0.189 0.120
14 0.171 0.938 0.063 0.123
14 0.945 0.856 0.071 0.019
14 0.919 0.775 0.040 0.021
