0 0.747 0.616 0.026 0.176
0 0.693 0.842 0.058 0.197
0 0.617 0.629 0.045 0.114
0 0.483 0.638 0.034 0.087
0 0.458 0.626 0.037 0.112
0 0.355 0.517 0.035 0.156
0 0.076 0.691 0.029 0.187
0 0.647 0.038 0.018 0.074
0 0.960 0.910 0.027 0.178
1 0.346 0.443 0.013 0.017
1 0.468 0.584 0.016 0.025
1 0.489 0.607 0.013 0.021
1 0.755 0.539 0.012 0.022
2 0.076 0.650 0.017 0.045
2 0.355 0.489 0.023 0.061
2 0.478 0.647 0.017 0.057
2 0.613 0.608 0.022 0.043
2 0.685 0.827 0.034 0.085
2 0.961 0.896 0.025 0.070
2 0.647 0.023 0.015 0.033
4 0.831 0.710 0.127 0.118
4 0.838 0.936 0.216 0.129
10 0.733 0.255 0.022 0.053
10 0.291 0.703 0.059 0.130
