0 0.171 0.467 0.029 0.155
0 0.339 0.330 0.033 0.108
0 0.597 0.258 0.021 0.069
0 0.652 0.305 0.042 0.053
0 0.716 0.270 0.045 0.063
0 0.391 0.021 0.029 0.041
1 0.708 0.248 0.015 0.021
2 0.347 0.346 0.022 0.041
2 0.175 0.455 0.026 0.069
2 0.235 0.494 0.023 0.026
2 0.646 0.300 0.029 0.032
2 0.719 0.268 0.025 0.059
1 0.596 0.263 0.005 0.056
1 0.167 0.415 0.015 0.016
1 0.334 0.306 0.010 0.030
1 0.596 0.230 0.013 0.013
1 0.661 0.278 0.009 0.017
2 0.387 0.008 0.008 0.014
3 0.759 0.573 0.108 0.154
3 0.131 0.141 0.062 0.044
3 0.441 0.020 0.064 0.038
4 0.136 0.631 0.109 0.166
4 0.457 0.549 0.163 0.178
4 0.402 0.215 0.161 0.095
4 0.700 0.065 0.089 0.072
9 0.026 0.676 0.051 0.100
10 0.098 0.308 0.031 0.053
10 0.024 0.662 0.013 0.039
11 0.052 0.234 0.061 0.053
