0 0.553 0.562 0.032 0.192
0 0.328 0.956 0.046 0.089
11 0.566 0.441 0.148 0.163
11 0.598 0.568 0.073 0.153
1 0.550 0.476 0.017 0.023
1 0.331 0.931 0.019 0.032
13 0.277 0.267 0.224 0.519
14 0.246 0.443 0.014 0.069
14 0.296 0.275 0.012 0.069
7 0.118 0.064 0.066 0.127
7 0.413 0.116 0.091 0.195
7 0.546 0.094 0.147 0.166
7 0.668 0.183 0.149 0.219
7 0.787 0.099 0.144 0.135
7 0.748 0.624 0.168 0.242
7 0.741 0.828 0.200 0.181
7 0.883 0.772 0.073 0.235
7 0.953 0.811 0.095 0.221
7 0.454 0.332 0.150 0.199
2 0.329 0.964 0.031 0.042
2 0.551 0.536 0.025 0.075
3 0.985 0.347 0.031 0.348
3 0.980 0.642 0.041 0.111
7 0.676 0.046 0.071 0.091
7 0.057 0.055 0.047 0.091
