0 0.021 0.146 0.023 0.133
0 0.075 0.177 0.043 0.162
0 0.117 0.150 0.041 0.176
0 0.305 0.076 0.051 0.108
0 0.418 0.295 0.084 0.180
0 0.804 0.869 0.049 0.199
1 0.013 0.092 0.024 0.031
1 0.067 0.111 0.018 0.028
1 0.112 0.099 0.017 0.030
1 0.320 0.050 0.018 0.029
1 0.426 0.225 0.027 0.031
1 0.170 0.911 0.032 0.030
1 0.806 0.781 0.018 0.044
2 0.301 0.063 0.027 0.051
2 0.116 0.133 0.030 0.049
2 0.074 0.142 0.020 0.034
2 0.423 0.287 0.028 0.075
2 0.802 0.850 0.022 0.083
2 0.015 0.136 0.028 0.047
7 0.621 0.737 0.074 0.135
7 0.028 0.936 0.054 0.127
7 0.121 0.982 0.053 0.036
