0 0.814 0.515 0.032 0.132
0 0.540 0.512 0.040 0.056
0 0.399 0.477 0.029 0.139
0 0.219 0.108 0.017 0.049
0 0.247 0.140 0.016 0.046
0 0.307 0.159 0.009 0.044
2 0.818 0.495 0.017 0.067
1 0.816 0.458 0.011 0.017
1 0.540 0.499 0.014 0.015
1 0.400 0.425 0.015 0.024
2 0.395 0.457 0.014 0.046
2 0.214 0.107 0.008 0.015
2 0.246 0.142 0.009 0.024
2 0.309 0.167 0.011 0.017
1 0.214 0.092 0.007 0.008
1 0.245 0.124 0.005 0.015
1 0.312 0.147 0.005 0.010
3 0.259 0.380 0.054 0.071
10 0.155 0.239 0.020 0.030
10 0.436 0.199 0.015 0.032
