0 0.525 0.819 0.027 0.183
0 0.729 0.887 0.031 0.189
14 0.203 0.366 0.040 0.069
14 0.753 0.167 0.034 0.050
0 0.525 0.045 0.018 0.053
0 0.643 0.104 0.020 0.060
11 0.814 0.831 0.152 0.155
11 0.820 0.936 0.109 0.129
1 0.533 0.738 0.011 0.020
1 0.729 0.805 0.016 0.022
1 0.528 0.029 0.009 0.019
13 0.554 0.456 0.277 0.590
13 0.628 0.473 0.293 0.619
13 0.610 0.118 0.318 0.225
13 0.387 0.036 0.141 0.070
14 0.129 0.307 0.020 0.051
14 0.350 0.291 0.014 0.044
14 0.500 0.684 0.019 0.063
14 0.572 0.545 0.014 0.057
7 0.099 0.077 0.055 0.101
7 0.378 0.220 0.051 0.106
7 0.440 0.228 0.062 0.187
7 0.597 0.184 0.100 0.107
7 0.381 0.120 0.033 0.087
7 0.709 0.440 0.094 0.192
7 0.804 0.471 0.078 0.182
7 0.877 0.495 0.102 0.166
7 0.972 0.479 0.056 0.106
7 0.938 0.628 0.123 0.280
7 0.693 0.642 0.116 0.190
7 0.740 0.689 0.106 0.174
2 0.522 0.795 0.027 0.076
2 0.733 0.857 0.029 0.075
4 0.098 0.777 0.194 0.217
4 0.077 0.871 0.153 0.255
10 0.120 0.197 0.045 0.090
7 0.516 0.154 0.046 0.065
7 0.079 0.036 0.145 0.069
7 0.947 0.978 0.096 0.044
1 0.940 0.935 0.016 0.027
6 0.980 0.863 0.041 0.147
