0 0.529 0.613 0.042 0.186
0 0.340 0.964 0.042 0.071
11 0.581 0.463 0.145 0.175
11 0.607 0.585 0.091 0.146
1 0.346 0.945 0.017 0.031
1 0.519 0.531 0.016 0.025
14 0.261 0.457 0.015 0.068
14 0.311 0.294 0.011 0.065
13 0.292 0.279 0.227 0.544
7 0.133 0.069 0.068 0.135
7 0.766 0.644 0.169 0.249
7 0.757 0.842 0.198 0.195
7 0.901 0.786 0.071 0.222
7 0.960 0.822 0.080 0.236
7 0.686 0.206 0.152 0.229
7 0.809 0.083 0.154 0.165
7 0.596 0.108 0.083 0.168
7 0.521 0.113 0.065 0.169
7 0.429 0.131 0.089 0.196
7 0.468 0.345 0.146 0.206
2 0.527 0.584 0.022 0.072
2 0.343 0.979 0.027 0.041
3 0.985 0.655 0.030 0.106
3 0.992 0.386 0.016 0.290
7 0.074 0.062 0.052 0.097
7 0.693 0.051 0.062 0.091
