0 0.839 0.871 0.039 0.134
0 0.549 0.875 0.025 0.074
0 0.411 0.853 0.027 0.139
0 0.199 0.519 0.017 0.065
0 0.232 0.513 0.015 0.039
0 0.297 0.518 0.017 0.067
0 0.316 0.547 0.009 0.044
2 0.847 0.851 0.020 0.031
1 0.829 0.820 0.007 0.025
1 0.553 0.852 0.009 0.025
1 0.409 0.797 0.014 0.031
2 0.411 0.833 0.022 0.048
2 0.549 0.870 0.012 0.023
1 0.200 0.502 0.006 0.014
1 0.235 0.500 0.007 0.016
1 0.299 0.493 0.007 0.010
1 0.314 0.531 0.006 0.015
2 0.199 0.519 0.011 0.021
2 0.233 0.511 0.010 0.022
2 0.296 0.508 0.007 0.017
2 0.315 0.552 0.008 0.023
3 0.274 0.784 0.070 0.092
10 0.165 0.625 0.015 0.030
10 0.448 0.573 0.018 0.024
13 0.703 0.154 0.173 0.046
13 0.939 0.141 0.122 0.033
13 0.501 0.164 0.148 0.044
13 0.246 0.178 0.055 0.028
13 0.096 0.196 0.190 0.043
