0 0.241 0.188 0.017 0.062
0 0.173 0.044 0.019 0.062
0 0.055 0.075 0.015 0.047
0 0.075 0.029 0.021 0.056
0 0.190 0.244 0.021 0.085
0 0.180 0.162 0.026 0.048
0 0.709 0.344 0.032 0.099
0 0.212 0.455 0.024 0.056
0 0.257 0.575 0.024 0.052
1 0.054 0.057 0.012 0.016
1 0.171 0.017 0.007 0.011
1 0.075 0.008 0.013 0.015
1 0.183 0.145 0.016 0.020
1 0.240 0.165 0.010 0.016
1 0.186 0.206 0.008 0.014
1 0.144 0.401 0.013 0.019
1 0.212 0.427 0.012 0.025
1 0.256 0.564 0.023 0.030
1 0.708 0.310 0.022 0.033
10 0.914 0.876 0.058 0.137
2 0.243 0.187 0.012 0.028
2 0.187 0.225 0.013 0.032
2 0.210 0.454 0.015 0.035
2 0.259 0.587 0.015 0.022
2 0.709 0.350 0.018 0.047
10 0.073 0.171 0.023 0.057
