0 0.105 0.467 0.036 0.140
0 0.437 0.476 0.043 0.135
0 0.454 0.342 0.030 0.177
0 0.691 0.094 0.026 0.126
0 0.726 0.092 0.025 0.114
1 0.433 0.429 0.020 0.029
1 0.592 0.504 0.016 0.030
1 0.452 0.278 0.014 0.033
1 0.098 0.419 0.017 0.041
1 0.692 0.050 0.014 0.025
1 0.726 0.067 0.015 0.029
2 0.440 0.478 0.030 0.081
2 0.452 0.328 0.021 0.071
2 0.106 0.467 0.021 0.064
2 0.691 0.084 0.017 0.040
2 0.724 0.089 0.020 0.048
3 0.301 0.426 0.110 0.154
3 0.621 0.083 0.070 0.100
4 0.265 0.516 0.146 0.104
4 0.048 0.480 0.084 0.148
10 0.882 0.631 0.045 0.140
