0 0.917 0.414 0.056 0.219
0 0.798 0.318 0.039 0.223
0 0.463 0.939 0.041 0.122
0 0.491 0.920 0.032 0.159
0 0.516 0.855 0.041 0.123
0 0.517 0.956 0.031 0.085
0 0.547 0.918 0.036 0.107
0 0.575 0.966 0.040 0.068
1 0.796 0.226 0.018 0.035
1 0.918 0.325 0.017 0.033
1 0.512 0.819 0.022 0.033
1 0.488 0.863 0.018 0.042
1 0.467 0.897 0.021 0.030
1 0.520 0.931 0.020 0.028
1 0.550 0.886 0.021 0.037
1 0.580 0.944 0.024 0.039
2 0.464 0.958 0.026 0.056
2 0.490 0.928 0.022 0.063
2 0.514 0.870 0.029 0.055
2 0.546 0.925 0.019 0.036
2 0.802 0.289 0.038 0.094
2 0.917 0.400 0.038 0.092
7 0.310 0.383 0.119 0.210
7 0.020 0.552 0.040 0.120
7 0.424 0.756 0.106 0.184
7 0.558 0.362 0.117 0.215
7 0.301 0.128 0.081 0.108
7 0.341 0.031 0.064 0.059
7 0.834 0.563 0.091 0.113
7 0.819 0.299 0.096 0.225
11 0.720 0.337 0.084 0.128
7 0.458 0.173 0.158 0.082
7 0.209 0.581 0.137 0.161
