0 0.558 0.065 0.015 0.054
0 0.572 0.071 0.014 0.048
0 0.813 0.142 0.013 0.035
0 0.828 0.134 0.013 0.045
0 0.843 0.137 0.014 0.045
1 0.560 0.060 0.005 0.007
1 0.571 0.059 0.005 0.006
1 0.813 0.131 0.002 0.005
1 0.828 0.126 0.004 0.006
1 0.843 0.126 0.004 0.007
2 0.843 0.135 0.005 0.013
2 0.828 0.134 0.005 0.011
2 0.812 0.138 0.003 0.011
2 0.561 0.070 0.006 0.012
2 0.571 0.069 0.006 0.014
4 0.216 0.185 0.024 0.053
13 0.501 0.413 0.999 0.369
14 0.619 0.405 0.278 0.318
14 0.857 0.299 0.097 0.136
14 0.146 0.040 0.016 0.025
14 0.323 0.026 0.028 0.047
