0 0.564 0.684 0.035 0.164
0 0.802 0.529 0.033 0.139
0 0.896 0.404 0.018 0.084
0 0.848 0.418 0.020 0.068
0 0.461 0.299 0.021 0.118
0 0.484 0.305 0.023 0.124
0 0.241 0.838 0.047 0.066
0 0.940 0.136 0.029 0.057
4 0.944 0.871 0.111 0.176
4 0.552 0.927 0.220 0.145
1 0.484 0.262 0.014 0.027
1 0.462 0.256 0.012 0.026
1 0.227 0.830 0.017 0.034
1 0.564 0.612 0.020 0.035
1 0.611 0.576 0.017 0.027
1 0.850 0.393 0.015 0.026
1 0.801 0.468 0.014 0.029
1 0.802 0.357 0.013 0.022
1 0.845 0.366 0.018 0.030
1 0.895 0.368 0.015 0.022
2 0.562 0.669 0.029 0.075
2 0.242 0.833 0.020 0.036
12 0.149 0.057 0.046 0.077
