11 0.937 0.854 0.091 0.105
4 0.086 0.220 0.078 0.076
4 0.601 0.305 0.087 0.086
4 0.964 0.162 0.071 0.053
4 0.583 0.837 0.211 0.079
4 0.545 0.656 0.178 0.082
4 0.649 0.607 0.160 0.086
4 0.963 0.794 0.074 0.087
4 0.481 0.340 0.073 0.122
3 0.183 0.089 0.058 0.089
3 0.497 0.904 0.089 0.193
3 0.798 0.905 0.046 0.083
3 0.483 0.744 0.071 0.122
3 0.988 0.559 0.023 0.142
9 0.441 0.290 0.057 0.067
9 0.626 0.734 0.093 0.096
0 0.379 0.048 0.018 0.083
0 0.381 0.279 0.030 0.113
0 0.482 0.226 0.025 0.097
0 0.636 0.416 0.028 0.144
0 0.393 0.844 0.055 0.171
10 0.636 0.105 0.017 0.052
10 0.420 0.019 0.016 0.036
2 0.398 0.810 0.037 0.058
1 0.385 0.774 0.016 0.025
2 0.377 0.264 0.017 0.043
1 0.378 0.230 0.012 0.017
1 0.479 0.186 0.014 0.016
2 0.483 0.220 0.021 0.040
0 0.352 0.283 0.018 0.132
1 0.353 0.227 0.011 0.021
0 0.761 0.645 0.046 0.119
2 0.761 0.643 0.027 0.064
2 0.350 0.259 0.014 0.042
1 0.640 0.354 0.014 0.024
1 0.755 0.602 0.018 0.020
0 0.610 0.430 0.025 0.138
2 0.381 0.038 0.010 0.037
1 0.792 0.933 0.021 0.033
0 0.790 0.957 0.032 0.085
1 0.607 0.330 0.010 0.018
0 0.605 0.338 0.029 0.046
2 0.793 0.973 0.027 0.054
1 0.611 0.369 0.014 0.020
2 0.634 0.391 0.015 0.055
2 0.611 0.412 0.019 0.055
2 0.634 0.394 0.015 0.054
