0 0.695 0.627 0.033 0.160
0 0.696 0.739 0.027 0.189
0 0.803 0.699 0.038 0.176
14 0.479 0.259 0.040 0.071
1 0.699 0.659 0.017 0.029
1 0.690 0.558 0.016 0.024
1 0.807 0.621 0.018 0.021
13 0.858 0.285 0.285 0.551
14 0.795 0.505 0.014 0.073
14 0.860 0.343 0.014 0.069
14 0.403 0.220 0.018 0.048
14 0.619 0.147 0.014 0.046
7 0.184 0.719 0.114 0.178
7 0.093 0.591 0.108 0.169
7 0.035 0.066 0.068 0.130
7 0.358 0.027 0.057 0.053
7 0.699 0.082 0.063 0.162
7 0.640 0.069 0.052 0.118
7 0.972 0.210 0.056 0.198
7 0.968 0.422 0.063 0.182
2 0.693 0.614 0.026 0.068
2 0.693 0.713 0.028 0.069
4 0.390 0.692 0.230 0.158
4 0.398 0.788 0.160 0.236
6 0.026 0.556 0.050 0.145
10 0.385 0.114 0.045 0.103
3 0.201 0.212 0.075 0.084
