0 0.835 0.575 0.028 0.109
0 0.854 0.456 0.031 0.076
0 0.741 0.444 0.016 0.071
0 0.951 0.307 0.022 0.090
0 0.282 0.565 0.028 0.109
0 0.090 0.405 0.045 0.093
0 0.201 0.396 0.028 0.075
0 0.148 0.329 0.020 0.059
0 0.108 0.306 0.023 0.087
0 0.132 0.218 0.022 0.044
0 0.398 0.335 0.020 0.084
0 0.291 0.340 0.018 0.085
0 0.352 0.143 0.014 0.044
0 0.904 0.182 0.010 0.049
0 0.867 0.059 0.011 0.040
0 0.883 0.052 0.008 0.033
0 0.756 0.030 0.010 0.026
0 0.584 0.027 0.013 0.026
0 0.694 0.045 0.010 0.038
0 0.399 0.023 0.012 0.022
0 0.017 0.295 0.021 0.041
3 0.885 0.488 0.042 0.110
1 0.108 0.269 0.007 0.008
1 0.139 0.204 0.008 0.014
1 0.092 0.368 0.009 0.012
1 0.199 0.364 0.008 0.015
1 0.283 0.523 0.010 0.018
1 0.291 0.305 0.009 0.015
2 0.290 0.331 0.009 0.031
2 0.201 0.383 0.016 0.031
2 0.151 0.325 0.014 0.031
1 0.140 0.307 0.005 0.011
2 0.106 0.300 0.012 0.037
2 0.083 0.384 0.021 0.032
2 0.284 0.556 0.016 0.038
2 0.128 0.210 0.011 0.016
2 0.836 0.563 0.018 0.041
2 0.852 0.442 0.020 0.030
2 0.742 0.444 0.012 0.036
2 0.950 0.292 0.012 0.031
2 0.401 0.327 0.010 0.036
2 0.506 0.354 0.008 0.018
0 0.505 0.361 0.015 0.044
1 0.399 0.301 0.008 0.011
1 0.502 0.343 0.004 0.008
1 0.740 0.415 0.008 0.012
1 0.841 0.529 0.010 0.012
1 0.865 0.425 0.006 0.009
1 0.952 0.268 0.007 0.011
1 0.976 0.223 0.007 0.014
2 0.976 0.242 0.008 0.019
0 0.975 0.251 0.014 0.086
0 0.955 0.169 0.012 0.033
1 0.904 0.164 0.005 0.009
2 0.903 0.180 0.008 0.020
1 0.956 0.157 0.005 0.008
0 0.193 0.024 0.012 0.046
7 0.862 0.751 0.136 0.152
7 0.679 0.765 0.113 0.118
7 0.323 0.730 0.199 0.168
4 0.953 0.473 0.093 0.092
7 0.495 0.837 0.057 0.103
4 0.709 0.120 0.037 0.041
4 0.605 0.075 0.039 0.044
3 0.660 0.128 0.033 0.048
10 0.195 0.134 0.017 0.031
