0 0.627 0.885 0.056 0.181
0 0.549 0.476 0.044 0.235
0 0.639 0.365 0.033 0.200
0 0.663 0.399 0.038 0.218
1 0.627 0.815 0.019 0.028
1 0.545 0.377 0.025 0.030
1 0.648 0.279 0.012 0.028
1 0.673 0.307 0.016 0.034
2 0.549 0.442 0.033 0.080
2 0.663 0.376 0.027 0.092
2 0.641 0.350 0.022 0.061
2 0.625 0.875 0.030 0.093
5 0.129 0.671 0.251 0.106
5 0.183 0.614 0.281 0.093
5 0.235 0.679 0.256 0.119
5 0.586 0.442 0.272 0.106
5 0.967 0.172 0.065 0.064
7 0.755 0.322 0.203 0.169
7 0.847 0.502 0.195 0.178
7 0.872 0.694 0.185 0.246
7 0.459 0.569 0.223 0.215
11 0.764 0.972 0.186 0.056
