0 0.227 0.591 0.019 0.056
0 0.278 0.613 0.020 0.104
0 0.900 0.194 0.011 0.059
0 0.886 0.208 0.009 0.051
0 0.294 0.653 0.016 0.109
0 0.357 0.649 0.016 0.100
0 0.147 0.903 0.040 0.175
0 0.510 0.969 0.037 0.062
0 0.694 0.784 0.017 0.065
0 0.560 0.278 0.016 0.054
4 0.335 0.826 0.142 0.129
4 0.250 0.279 0.071 0.056
4 0.754 0.440 0.085 0.070
4 0.966 0.546 0.069 0.072
3 0.866 0.558 0.073 0.090
4 0.967 0.312 0.067 0.034
5 0.561 0.987 0.164 0.027
1 0.154 0.831 0.020 0.022
1 0.294 0.607 0.010 0.012
1 0.356 0.609 0.007 0.017
1 0.280 0.574 0.011 0.016
2 0.279 0.604 0.015 0.039
2 0.295 0.636 0.013 0.037
2 0.358 0.640 0.010 0.042
2 0.227 0.589 0.013 0.039
2 0.148 0.889 0.024 0.074
1 0.694 0.762 0.009 0.019
2 0.693 0.794 0.011 0.033
1 0.501 0.951 0.014 0.025
