0 0.090 0.189 0.031 0.110
0 0.105 0.234 0.029 0.123
0 0.073 0.421 0.043 0.161
0 0.794 0.106 0.035 0.117
0 0.877 0.131 0.037 0.129
0 0.936 0.106 0.015 0.094
0 0.954 0.125 0.031 0.095
0 0.369 0.419 0.041 0.103
1 0.088 0.138 0.016 0.027
1 0.066 0.344 0.021 0.042
1 0.370 0.392 0.013 0.022
2 0.090 0.181 0.027 0.056
2 0.079 0.402 0.031 0.081
2 0.797 0.095 0.019 0.043
11 0.050 0.265 0.096 0.081
4 0.032 0.467 0.062 0.124
4 0.077 0.549 0.091 0.113
4 0.149 0.654 0.149 0.120
4 0.582 0.622 0.095 0.137
11 0.445 0.320 0.078 0.088
