3 0.540 0.787 0.116 0.082
4 0.808 0.805 0.170 0.146
4 0.689 0.232 0.027 0.073
4 0.366 0.799 0.074 0.213
0 0.611 0.748 0.030 0.144
0 0.470 0.668 0.044 0.147
0 0.157 0.824 0.036 0.076
1 0.156 0.800 0.018 0.025
2 0.160 0.834 0.023 0.041
1 0.466 0.607 0.015 0.028
1 0.613 0.686 0.017 0.022
2 0.607 0.740 0.021 0.067
2 0.464 0.651 0.022 0.061
10 0.690 0.156 0.025 0.061
0 0.278 0.265 0.015 0.050
0 0.295 0.306 0.018 0.104
0 0.451 0.298 0.010 0.019
1 0.450 0.296 0.006 0.013
1 0.289 0.261 0.006 0.016
1 0.279 0.248 0.008 0.012
2 0.278 0.271 0.012 0.029
2 0.296 0.294 0.014 0.042
0 0.743 0.029 0.018 0.052
0 0.782 0.030 0.012 0.056
0 0.484 0.012 0.009 0.021
0 0.143 0.012 0.011 0.022
0 0.321 0.030 0.014 0.058
0 0.201 0.051 0.011 0.023
1 0.201 0.046 0.005 0.011
