0 0.679 0.432 0.019 0.123
0 0.604 0.432 0.021 0.116
0 0.595 0.233 0.017 0.070
0 0.516 0.311 0.016 0.092
0 0.402 0.259 0.016 0.060
0 0.330 0.392 0.025 0.117
0 0.254 0.380 0.028 0.081
1 0.247 0.355 0.011 0.013
1 0.329 0.353 0.014 0.015
1 0.403 0.241 0.009 0.020
1 0.515 0.274 0.008 0.013
1 0.588 0.207 0.007 0.014
1 0.675 0.381 0.012 0.025
1 0.607 0.391 0.009 0.030
2 0.600 0.422 0.021 0.038
2 0.677 0.418 0.011 0.045
2 0.596 0.225 0.012 0.028
2 0.513 0.295 0.009 0.030
2 0.403 0.259 0.012 0.029
2 0.329 0.377 0.011 0.038
2 0.261 0.375 0.015 0.029
3 0.223 0.456 0.058 0.120
3 0.234 0.247 0.025 0.065
3 0.420 0.517 0.035 0.044
4 0.503 0.484 0.136 0.091
4 0.100 0.398 0.044 0.072
