0 0.476 0.945 0.028 0.110
0 0.471 0.809 0.025 0.119
0 0.815 0.645 0.027 0.071
0 0.482 0.380 0.018 0.093
0 0.509 0.378 0.025 0.116
0 0.219 0.037 0.015 0.040
0 0.277 0.035 0.014 0.059
0 0.909 0.448 0.017 0.023
0 0.913 0.517 0.016 0.078
0 0.877 0.472 0.020 0.045
0 0.989 0.217 0.019 0.066
2 0.470 0.956 0.033 0.054
2 0.486 0.385 0.021 0.053
2 0.508 0.371 0.017 0.040
2 0.477 0.820 0.015 0.049
1 0.478 0.774 0.014 0.021
1 0.487 0.914 0.018 0.025
1 0.481 0.359 0.014 0.027
1 0.505 0.335 0.010 0.019
2 0.819 0.647 0.019 0.031
2 0.870 0.481 0.014 0.028
2 0.915 0.531 0.015 0.059
2 0.916 0.478 0.012 0.031
2 0.988 0.224 0.010 0.037
2 0.277 0.030 0.011 0.029
2 0.217 0.039 0.007 0.029
1 0.827 0.621 0.014 0.015
1 0.875 0.464 0.022 0.019
1 0.909 0.450 0.010 0.017
1 0.985 0.198 0.005 0.019
1 0.216 0.023 0.006 0.009
1 0.277 0.012 0.006 0.007
3 0.849 0.746 0.096 0.136
3 0.622 0.300 0.088 0.060
4 0.447 0.491 0.046 0.105
12 0.876 0.108 0.035 0.093
