0 0.027 0.803 0.027 0.123
0 0.387 0.349 0.027 0.148
0 0.422 0.380 0.034 0.135
0 0.463 0.338 0.031 0.153
0 0.376 0.796 0.032 0.163
0 0.798 0.404 0.027 0.111
0 0.623 0.366 0.014 0.113
0 0.722 0.381 0.031 0.089
0 0.810 0.312 0.022 0.069
0 0.807 0.031 0.020 0.060
0 0.955 0.231 0.014 0.059
0 0.958 0.274 0.011 0.092
0 0.453 0.757 0.017 0.101
4 0.830 0.581 0.068 0.074
4 0.787 0.534 0.107 0.169
10 0.939 0.294 0.024 0.075
1 0.033 0.763 0.014 0.030
1 0.423 0.325 0.014 0.021
1 0.393 0.296 0.014 0.024
1 0.473 0.301 0.012 0.023
1 0.730 0.340 0.013 0.019
1 0.795 0.363 0.014 0.023
2 0.425 0.361 0.028 0.050
2 0.388 0.327 0.018 0.055
2 0.468 0.343 0.021 0.056
3 0.409 0.227 0.113 0.112
2 0.797 0.410 0.022 0.065
