3 0.522 0.735 0.111 0.091
4 0.787 0.743 0.166 0.144
4 0.350 0.751 0.080 0.216
4 0.666 0.176 0.024 0.074
0 0.126 0.740 0.049 0.140
0 0.454 0.621 0.052 0.155
0 0.589 0.689 0.030 0.161
0 0.877 0.781 0.038 0.037
1 0.123 0.690 0.014 0.027
1 0.451 0.555 0.016 0.020
2 0.447 0.603 0.024 0.065
2 0.126 0.725 0.023 0.042
2 0.589 0.679 0.021 0.072
1 0.585 0.623 0.017 0.025
1 0.885 0.775 0.015 0.025
10 0.669 0.106 0.023 0.064
0 0.245 0.255 0.019 0.106
0 0.308 0.248 0.025 0.089
1 0.432 0.244 0.009 0.014
1 0.302 0.212 0.012 0.015
1 0.247 0.210 0.009 0.014
2 0.244 0.241 0.013 0.032
2 0.309 0.242 0.016 0.038
