0 0.056 0.232 0.029 0.057
0 0.089 0.244 0.033 0.052
0 0.140 0.355 0.027 0.069
0 0.428 0.194 0.028 0.127
0 0.829 0.179 0.028 0.124
0 0.571 0.285 0.028 0.058
0 0.740 0.446 0.033 0.175
0 0.548 0.138 0.024 0.068
0 0.397 0.134 0.024 0.043
0 0.378 0.268 0.020 0.061
10 0.326 0.441 0.024 0.095
14 0.110 0.163 0.031 0.046
14 0.233 0.034 0.017 0.038
2 0.738 0.415 0.023 0.064
2 0.135 0.359 0.016 0.042
2 0.425 0.179 0.016 0.046
2 0.566 0.280 0.014 0.032
2 0.050 0.231 0.015 0.031
2 0.083 0.241 0.014 0.033
1 0.145 0.333 0.012 0.017
1 0.094 0.227 0.009 0.015
1 0.428 0.146 0.014 0.020
1 0.383 0.247 0.009 0.016
1 0.392 0.121 0.008 0.014
1 0.739 0.371 0.015 0.016
