0 0.013 0.447 0.014 0.084
0 0.031 0.376 0.023 0.068
0 0.051 0.462 0.042 0.086
0 0.277 0.338 0.017 0.144
0 0.297 0.319 0.029 0.126
0 0.368 0.339 0.023 0.081
0 0.504 0.327 0.031 0.121
0 0.492 0.728 0.041 0.162
0 0.965 0.671 0.053 0.091
0 0.527 0.441 0.029 0.099
0 0.555 0.422 0.039 0.125
0 0.647 0.468 0.031 0.079
0 0.683 0.456 0.038 0.093
0 0.748 0.422 0.029 0.168
0 0.747 0.155 0.037 0.123
3 0.378 0.646 0.122 0.125
3 0.330 0.456 0.089 0.067
4 0.093 0.630 0.079 0.069
4 0.056 0.588 0.110 0.180
1 0.491 0.662 0.016 0.023
1 0.528 0.406 0.015 0.024
1 0.558 0.375 0.013 0.027
1 0.514 0.280 0.013 0.023
1 0.645 0.438 0.013 0.023
1 0.670 0.428 0.012 0.024
1 0.747 0.350 0.014 0.027
1 0.275 0.273 0.012 0.015
1 0.039 0.431 0.013 0.024
2 0.496 0.719 0.031 0.080
2 0.686 0.455 0.030 0.050
2 0.750 0.396 0.028 0.065
2 0.651 0.476 0.023 0.047
2 0.527 0.453 0.023 0.060
2 0.555 0.418 0.021 0.056
2 0.501 0.313 0.020 0.052
2 0.057 0.467 0.027 0.064
