0 0.790 0.161 0.023 0.109
0 0.844 0.194 0.036 0.128
0 0.863 0.113 0.020 0.086
0 0.056 0.145 0.037 0.132
1 0.798 0.128 0.014 0.026
1 0.838 0.146 0.018 0.034
1 0.866 0.084 0.015 0.031
4 0.744 0.307 0.131 0.168
4 0.920 0.421 0.161 0.100
4 0.882 0.502 0.081 0.122
13 0.183 0.870 0.365 0.260
2 0.864 0.117 0.018 0.041
2 0.849 0.167 0.021 0.033
2 0.792 0.160 0.017 0.036
2 0.058 0.128 0.030 0.050
7 0.568 0.224 0.157 0.128
7 0.521 0.105 0.090 0.078
7 0.805 0.087 0.099 0.056
7 0.738 0.157 0.099 0.074
7 0.680 0.087 0.052 0.058
