7 0.396 0.781 0.132 0.123
7 0.534 0.839 0.051 0.116
7 0.732 0.808 0.113 0.173
7 0.649 0.910 0.067 0.115
7 0.629 0.816 0.064 0.106
7 0.222 0.833 0.116 0.105
7 0.026 0.947 0.051 0.100
4 0.111 0.134 0.045 0.042
4 0.224 0.179 0.042 0.035
4 0.477 0.248 0.048 0.039
4 0.660 0.207 0.041 0.038
4 0.794 0.664 0.138 0.147
4 0.279 0.686 0.144 0.115
4 0.836 0.331 0.082 0.063
4 0.923 0.598 0.110 0.073
3 0.172 0.185 0.040 0.048
3 0.274 0.118 0.031 0.044
3 0.773 0.281 0.027 0.056
3 0.667 0.391 0.035 0.076
3 0.852 0.830 0.090 0.074
3 0.408 0.522 0.042 0.104
3 0.432 0.434 0.037 0.054
4 0.455 0.405 0.090 0.054
0 0.034 0.450 0.019 0.058
0 0.465 0.351 0.017 0.082
0 0.489 0.307 0.008 0.070
0 0.374 0.114 0.008 0.036
0 0.383 0.110 0.008 0.035
0 0.522 0.635 0.023 0.120
0 0.363 0.609 0.023 0.096
0 0.350 0.552 0.016 0.052
0 0.270 0.505 0.017 0.084
7 0.665 0.969 0.079 0.062
4 0.698 0.603 0.087 0.113
4 0.683 0.500 0.088 0.062
11 0.619 0.523 0.049 0.054
10 0.708 0.454 0.011 0.035
0 0.692 0.361 0.015 0.057
10 0.498 0.156 0.009 0.030
10 0.392 0.104 0.008 0.026
0 0.264 0.090 0.010 0.025
4 0.523 0.397 0.064 0.056
9 0.479 0.454 0.041 0.048
9 0.387 0.231 0.051 0.053
1 0.521 0.584 0.013 0.014
2 0.522 0.619 0.019 0.044
2 0.363 0.598 0.015 0.038
1 0.371 0.573 0.008 0.019
2 0.352 0.552 0.013 0.026
1 0.353 0.531 0.007 0.008
1 0.270 0.470 0.009 0.015
1 0.466 0.315 0.007 0.010
2 0.465 0.338 0.011 0.031
0 0.722 0.669 0.030 0.070
1 0.715 0.644 0.009 0.018
2 0.727 0.669 0.019 0.048
1 0.490 0.275 0.005 0.007
2 0.489 0.296 0.008 0.024
0 0.478 0.265 0.011 0.024
0 0.482 0.300 0.012 0.072
1 0.484 0.269 0.007 0.009
2 0.483 0.289 0.007 0.025
1 0.480 0.258 0.005 0.007
