0 0.126 0.702 0.030 0.186
0 0.340 0.207 0.033 0.068
10 0.138 0.377 0.035 0.115
0 0.019 0.657 0.036 0.170
0 0.570 0.524 0.045 0.118
0 0.380 0.827 0.028 0.121
2 0.124 0.683 0.024 0.085
2 0.018 0.651 0.034 0.081
2 0.561 0.532 0.024 0.059
1 0.568 0.475 0.018 0.025
1 0.020 0.588 0.023 0.031
1 0.129 0.623 0.020 0.034
0 0.383 0.144 0.032 0.062
0 0.457 0.064 0.027 0.107
0 0.028 0.832 0.046 0.204
2 0.026 0.811 0.033 0.093
1 0.032 0.746 0.021 0.033
0 0.691 0.050 0.021 0.099
2 0.458 0.050 0.017 0.044
2 0.345 0.208 0.023 0.040
1 0.376 0.128 0.010 0.023
1 0.454 0.019 0.015 0.017
10 0.945 0.582 0.069 0.204
1 0.336 0.179 0.008 0.014
1 0.174 0.967 0.020 0.027
