3 0.534 0.652 0.108 0.085
4 0.292 0.558 0.121 0.159
4 0.404 0.524 0.098 0.081
4 0.232 0.136 0.060 0.052
4 0.952 0.087 0.045 0.042
4 0.912 0.488 0.109 0.075
0 0.370 0.481 0.027 0.041
0 0.308 0.389 0.026 0.050
0 0.501 0.265 0.017 0.069
0 0.610 0.721 0.027 0.104
0 0.345 0.116 0.015 0.049
0 0.461 0.085 0.014 0.067
0 0.532 0.037 0.013 0.044
0 0.879 0.075 0.018 0.064
1 0.604 0.687 0.011 0.023
1 0.362 0.469 0.009 0.019
1 0.287 0.381 0.010 0.015
1 0.300 0.372 0.008 0.015
2 0.879 0.066 0.013 0.026
2 0.501 0.256 0.011 0.028
2 0.460 0.079 0.009 0.022
2 0.346 0.109 0.011 0.019
2 0.310 0.388 0.016 0.029
2 0.608 0.725 0.020 0.053
