0 0.190 0.184 0.019 0.112
0 0.218 0.061 0.022 0.094
0 0.525 0.036 0.022 0.069
0 0.565 0.244 0.037 0.121
0 0.715 0.139 0.019 0.076
0 0.710 0.313 0.031 0.122
0 0.704 0.380 0.033 0.176
0 0.454 0.320 0.038 0.145
1 0.217 0.022 0.011 0.012
1 0.190 0.140 0.014 0.019
1 0.574 0.199 0.013 0.021
1 0.702 0.312 0.014 0.024
1 0.705 0.269 0.013 0.022
1 0.712 0.127 0.014 0.020
2 0.191 0.173 0.018 0.048
2 0.217 0.052 0.018 0.050
2 0.450 0.291 0.028 0.045
2 0.565 0.233 0.019 0.064
2 0.701 0.350 0.024 0.063
3 0.484 0.052 0.077 0.076
3 0.455 0.293 0.096 0.106
3 0.989 0.458 0.023 0.161
4 0.643 0.484 0.145 0.122
4 0.536 0.330 0.062 0.132
4 0.085 0.443 0.097 0.175
4 0.677 0.406 0.033 0.081
11 0.543 0.433 0.063 0.091
