0 0.165 0.749 0.020 0.091
0 0.461 0.911 0.043 0.075
0 0.765 0.819 0.050 0.193
0 0.964 0.869 0.059 0.144
0 0.672 0.050 0.015 0.042
0 0.699 0.057 0.015 0.052
0 0.242 0.353 0.021 0.081
1 0.235 0.320 0.007 0.010
1 0.166 0.718 0.013 0.021
1 0.463 0.896 0.013 0.026
1 0.766 0.737 0.021 0.025
1 0.982 0.831 0.009 0.028
1 0.699 0.037 0.006 0.006
1 0.672 0.036 0.005 0.008
1 0.907 0.114 0.007 0.014
1 0.736 0.082 0.008 0.013
0 0.737 0.104 0.014 0.066
0 0.906 0.140 0.011 0.060
0 0.681 0.020 0.013 0.039
0 0.589 0.068 0.013 0.053
2 0.242 0.343 0.013 0.024
2 0.451 0.895 0.019 0.031
2 0.165 0.756 0.013 0.046
2 0.756 0.781 0.022 0.059
2 0.961 0.829 0.033 0.033
2 0.671 0.383 0.017 0.035
2 0.590 0.062 0.008 0.023
2 0.673 0.053 0.007 0.019
2 0.700 0.052 0.008 0.015
2 0.681 0.013 0.006 0.021
2 0.739 0.106 0.010 0.026
2 0.907 0.137 0.010 0.024
0 0.673 0.384 0.024 0.083
0 0.771 0.389 0.020 0.050
1 0.771 0.382 0.015 0.021
4 0.715 0.850 0.062 0.129
4 0.719 0.961 0.066 0.079
4 0.093 0.906 0.103 0.157
4 0.026 0.768 0.044 0.101
3 0.893 0.872 0.121 0.076
4 0.531 0.471 0.000 0.001
10 0.831 0.047 0.012 0.026
