0 0.245 0.064 0.020 0.106
0 0.547 0.062 0.021 0.102
0 0.584 0.255 0.037 0.094
0 0.741 0.163 0.023 0.073
0 0.474 0.344 0.039 0.163
0 0.704 0.352 0.027 0.183
0 0.732 0.346 0.031 0.149
1 0.243 0.029 0.008 0.014
1 0.589 0.217 0.015 0.025
1 0.546 0.025 0.011 0.023
1 0.727 0.290 0.014 0.024
1 0.701 0.280 0.014 0.024
1 0.740 0.142 0.010 0.027
2 0.245 0.062 0.017 0.049
2 0.219 0.185 0.017 0.051
2 0.473 0.311 0.024 0.061
2 0.579 0.250 0.021 0.066
2 0.548 0.058 0.019 0.051
2 0.702 0.315 0.021 0.055
2 0.732 0.331 0.023 0.047
3 0.514 0.067 0.071 0.060
3 0.479 0.310 0.090 0.115
4 0.107 0.454 0.119 0.170
4 0.558 0.347 0.051 0.128
4 0.707 0.438 0.040 0.072
4 0.674 0.505 0.161 0.112
11 0.569 0.452 0.069 0.072
