0 0.602 0.941 0.041 0.118
0 0.629 0.920 0.033 0.159
0 0.653 0.854 0.040 0.105
0 0.655 0.956 0.039 0.087
0 0.686 0.927 0.045 0.117
0 0.936 0.277 0.044 0.204
2 0.938 0.251 0.022 0.078
2 0.656 0.883 0.028 0.044
2 0.633 0.938 0.018 0.062
2 0.600 0.961 0.023 0.047
2 0.653 0.984 0.021 0.031
2 0.687 0.934 0.027 0.044
1 0.607 0.900 0.024 0.032
1 0.632 0.868 0.017 0.033
1 0.651 0.819 0.016 0.035
1 0.694 0.887 0.019 0.031
1 0.657 0.938 0.022 0.030
1 0.714 0.952 0.017 0.031
1 0.946 0.191 0.015 0.027
7 0.550 0.758 0.109 0.176
7 0.440 0.367 0.133 0.194
7 0.156 0.545 0.075 0.140
7 0.022 0.476 0.043 0.123
7 0.445 0.119 0.085 0.107
7 0.485 0.037 0.061 0.072
7 0.704 0.354 0.138 0.204
7 0.015 0.148 0.029 0.069
7 0.955 0.320 0.089 0.224
11 0.862 0.360 0.102 0.105
7 0.602 0.173 0.170 0.073
7 0.362 0.586 0.130 0.160
