0 0.319 0.128 0.048 0.226
0 0.526 0.169 0.041 0.213
0 0.708 0.201 0.033 0.236
0 0.819 0.192 0.031 0.207
0 0.710 0.720 0.045 0.270
0 0.727 0.668 0.035 0.258
3 0.851 0.675 0.298 0.323
7 0.280 0.871 0.130 0.258
7 0.434 0.772 0.121 0.212
7 0.192 0.650 0.114 0.216
7 0.071 0.282 0.140 0.191
7 0.104 0.099 0.208 0.182
7 0.040 0.797 0.079 0.295
7 0.580 0.358 0.121 0.196
7 0.552 0.092 0.087 0.126
7 0.491 0.198 0.069 0.153
7 0.424 0.038 0.101 0.074
1 0.327 0.040 0.016 0.031
1 0.528 0.079 0.019 0.044
1 0.717 0.119 0.021 0.044
1 0.724 0.559 0.019 0.038
1 0.714 0.612 0.031 0.052
2 0.326 0.109 0.038 0.078
2 0.527 0.147 0.041 0.101
2 0.709 0.177 0.033 0.077
2 0.705 0.694 0.043 0.118
2 0.726 0.637 0.032 0.094
5 0.501 0.574 0.145 0.427
