5 0.796 0.082 0.099 0.162
0 0.772 0.415 0.044 0.231
0 0.986 0.554 0.028 0.273
0 0.323 0.560 0.029 0.219
0 0.386 0.456 0.046 0.239
0 0.353 0.318 0.030 0.208
0 0.475 0.194 0.022 0.202
0 0.496 0.187 0.028 0.099
0 0.508 0.304 0.033 0.218
1 0.352 0.237 0.022 0.045
1 0.319 0.465 0.022 0.034
1 0.381 0.347 0.025 0.048
1 0.471 0.137 0.034 0.049
1 0.505 0.172 0.023 0.065
1 0.514 0.234 0.024 0.058
1 0.770 0.325 0.018 0.060
1 0.991 0.435 0.016 0.048
2 0.785 0.384 0.043 0.091
2 0.988 0.539 0.024 0.072
2 0.510 0.291 0.034 0.096
2 0.482 0.229 0.013 0.053
2 0.463 0.200 0.016 0.071
2 0.351 0.296 0.017 0.091
2 0.380 0.413 0.035 0.102
2 0.324 0.548 0.022 0.110
7 0.043 0.457 0.084 0.269
7 0.246 0.316 0.123 0.221
7 0.246 0.653 0.151 0.377
7 0.105 0.812 0.208 0.332
7 0.712 0.094 0.058 0.177
