0 0.177 0.219 0.011 0.056
0 0.009 0.399 0.017 0.067
0 0.243 0.462 0.016 0.090
0 0.313 0.522 0.026 0.080
0 0.338 0.561 0.025 0.098
0 0.493 0.584 0.027 0.117
0 0.695 0.619 0.030 0.076
0 0.767 0.387 0.020 0.066
0 0.659 0.307 0.019 0.047
0 0.438 0.300 0.016 0.086
0 0.440 0.237 0.015 0.045
0 0.455 0.248 0.014 0.067
0 0.785 0.345 0.020 0.031
7 0.370 0.730 0.131 0.114
7 0.508 0.787 0.048 0.116
7 0.702 0.754 0.109 0.169
7 0.639 0.939 0.081 0.107
7 0.623 0.847 0.071 0.110
7 0.196 0.787 0.117 0.102
7 0.011 0.916 0.022 0.128
7 0.291 0.980 0.080 0.040
9 0.359 0.181 0.048 0.043
9 0.452 0.402 0.037 0.044
4 0.077 0.083 0.047 0.040
4 0.193 0.128 0.039 0.040
4 0.448 0.198 0.052 0.042
4 0.631 0.156 0.046 0.033
4 0.766 0.605 0.124 0.138
4 0.891 0.545 0.113 0.088
4 0.805 0.278 0.077 0.058
4 0.671 0.544 0.092 0.102
11 0.591 0.465 0.049 0.066
4 0.650 0.450 0.090 0.066
10 0.679 0.397 0.010 0.033
3 0.638 0.339 0.039 0.078
3 0.139 0.137 0.039 0.052
3 0.243 0.070 0.025 0.049
3 0.381 0.476 0.040 0.104
3 0.405 0.385 0.032 0.052
3 0.822 0.768 0.090 0.082
4 0.255 0.649 0.141 0.103
4 0.428 0.353 0.083 0.039
4 0.487 0.344 0.051 0.044
2 0.334 0.550 0.014 0.039
1 0.338 0.519 0.009 0.017
2 0.494 0.575 0.019 0.049
1 0.495 0.533 0.012 0.014
1 0.686 0.588 0.009 0.016
2 0.698 0.619 0.019 0.048
3 0.894 0.640 0.090 0.081
0 0.343 0.062 0.008 0.041
0 0.351 0.056 0.007 0.040
1 0.439 0.263 0.007 0.011
2 0.438 0.285 0.010 0.030
2 0.455 0.239 0.011 0.024
2 0.440 0.240 0.012 0.021
1 0.443 0.222 0.006 0.010
1 0.456 0.218 0.007 0.010
2 0.769 0.383 0.011 0.026
1 0.772 0.362 0.007 0.012
1 0.791 0.344 0.007 0.014
2 0.783 0.340 0.009 0.019
