0 0.830 0.169 0.037 0.233
0 0.931 0.344 0.048 0.185
0 0.912 0.520 0.053 0.192
1 0.867 0.972 0.033 0.056
1 0.913 0.437 0.024 0.036
1 0.928 0.276 0.030 0.048
1 0.836 0.069 0.024 0.030
2 0.829 0.128 0.028 0.088
2 0.928 0.331 0.028 0.088
2 0.911 0.497 0.041 0.088
7 0.515 0.107 0.205 0.180
7 0.801 0.283 0.094 0.118
7 0.806 0.462 0.095 0.133
7 0.863 0.663 0.103 0.246
7 0.498 0.738 0.226 0.200
7 0.417 0.853 0.164 0.204
7 0.619 0.971 0.098 0.057
7 0.344 0.498 0.202 0.168
7 0.462 0.312 0.151 0.234
7 0.145 0.253 0.122 0.163
7 0.027 0.321 0.053 0.137
7 0.117 0.787 0.126 0.198
7 0.182 0.928 0.116 0.144
11 0.506 0.196 0.122 0.144
