0 0.346 0.955 0.048 0.090
0 0.452 0.623 0.040 0.178
0 0.057 0.730 0.041 0.178
0 0.070 0.677 0.031 0.206
11 0.583 0.445 0.148 0.166
11 0.608 0.564 0.090 0.141
1 0.344 0.924 0.020 0.024
1 0.442 0.544 0.014 0.022
14 0.262 0.440 0.012 0.076
14 0.314 0.277 0.010 0.063
13 0.289 0.267 0.212 0.529
7 0.136 0.061 0.066 0.120
7 0.430 0.118 0.088 0.206
7 0.473 0.334 0.145 0.207
7 0.564 0.099 0.143 0.175
7 0.691 0.191 0.146 0.229
7 0.804 0.093 0.147 0.128
7 0.769 0.626 0.160 0.263
7 0.755 0.833 0.197 0.199
7 0.898 0.770 0.067 0.233
7 0.963 0.817 0.073 0.226
2 0.446 0.597 0.019 0.064
2 0.346 0.967 0.027 0.053
2 0.052 0.709 0.024 0.078
2 0.068 0.648 0.020 0.071
1 0.070 0.593 0.019 0.030
1 0.049 0.652 0.016 0.025
7 0.076 0.050 0.051 0.098
7 0.699 0.045 0.065 0.088
3 0.986 0.642 0.029 0.122
