0 0.088 0.559 0.029 0.141
0 0.012 0.423 0.012 0.135
0 0.193 0.438 0.023 0.105
0 0.121 0.739 0.026 0.149
0 0.119 0.962 0.047 0.077
0 0.402 0.250 0.011 0.082
0 0.427 0.291 0.014 0.075
0 0.601 0.280 0.021 0.087
0 0.419 0.514 0.040 0.072
0 0.616 0.500 0.027 0.048
0 0.605 0.584 0.026 0.105
0 0.489 0.970 0.048 0.059
2 0.122 0.975 0.036 0.044
2 0.493 0.974 0.019 0.052
2 0.119 0.711 0.016 0.068
2 0.086 0.544 0.021 0.057
2 0.006 0.413 0.011 0.065
2 0.196 0.426 0.018 0.071
2 0.405 0.506 0.032 0.046
2 0.403 0.245 0.007 0.060
2 0.429 0.283 0.011 0.056
2 0.612 0.492 0.018 0.051
2 0.606 0.579 0.016 0.076
1 0.596 0.540 0.008 0.022
1 0.611 0.499 0.011 0.031
1 0.473 0.958 0.016 0.030
1 0.118 0.942 0.018 0.030
1 0.117 0.675 0.016 0.026
1 0.087 0.505 0.009 0.019
1 0.006 0.360 0.008 0.018
1 0.402 0.214 0.004 0.009
1 0.424 0.258 0.005 0.019
1 0.597 0.242 0.009 0.010
1 0.432 0.505 0.007 0.025
3 0.364 0.518 0.078 0.172
3 0.811 0.946 0.117 0.107
3 0.531 0.303 0.045 0.094
4 0.820 0.781 0.197 0.096
4 0.622 0.923 0.256 0.134
4 0.418 0.699 0.146 0.072
4 0.465 0.895 0.159 0.205
4 0.064 0.798 0.097 0.119
4 0.033 0.628 0.054 0.054
4 0.684 0.277 0.102 0.106
4 0.611 0.366 0.038 0.090
4 0.665 0.335 0.060 0.056
4 0.812 0.433 0.044 0.077
4 0.330 0.200 0.073 0.081
9 0.936 0.412 0.069 0.077
10 0.440 0.614 0.018 0.044
11 0.291 0.778 0.085 0.104
13 0.650 0.134 0.148 0.048
13 0.936 0.165 0.127 0.076
