0 0.856 0.228 0.031 0.122
0 0.752 0.223 0.040 0.186
0 0.885 0.209 0.019 0.080
0 0.936 0.581 0.126 0.823
2 0.947 0.603 0.087 0.415
2 0.745 0.225 0.031 0.081
2 0.858 0.216 0.016 0.049
2 0.886 0.206 0.011 0.030
1 0.758 0.150 0.021 0.027
1 0.858 0.177 0.012 0.015
1 0.887 0.177 0.007 0.010
1 0.984 0.266 0.033 0.115
5 0.383 0.821 0.322 0.357
5 0.338 0.481 0.301 0.110
11 0.793 0.371 0.116 0.112
11 0.872 0.421 0.083 0.182
11 0.818 0.252 0.043 0.060
14 0.284 0.026 0.079 0.044
14 0.347 0.033 0.040 0.042
14 0.616 0.044 0.104 0.044
14 0.471 0.053 0.031 0.019
14 0.697 0.113 0.029 0.027
13 0.545 0.089 0.100 0.074
