4 0.302 0.474 0.070 0.051
4 0.497 0.247 0.043 0.045
4 0.602 0.275 0.037 0.042
4 0.861 0.314 0.053 0.049
4 0.156 0.709 0.145 0.060
4 0.162 0.589 0.081 0.070
4 0.671 0.782 0.142 0.103
4 0.917 0.465 0.087 0.058
4 0.246 0.219 0.032 0.030
10 0.089 0.386 0.014 0.048
10 0.881 0.212 0.011 0.030
7 0.270 0.936 0.181 0.129
7 0.613 0.918 0.114 0.122
7 0.791 0.867 0.144 0.122
7 0.943 0.938 0.068 0.125
0 0.922 0.724 0.026 0.144
0 0.752 0.691 0.021 0.099
0 0.737 0.600 0.041 0.056
0 0.846 0.418 0.014 0.087
0 0.953 0.373 0.015 0.084
9 0.870 0.526 0.045 0.054
9 0.763 0.303 0.042 0.042
0 0.028 0.476 0.026 0.042
0 0.055 0.584 0.019 0.096
0 0.027 0.558 0.019 0.088
0 0.299 0.422 0.011 0.049
0 0.206 0.807 0.020 0.121
0 0.395 0.547 0.016 0.045
0 0.418 0.546 0.018 0.044
0 0.748 0.198 0.010 0.041
0 0.792 0.304 0.012 0.056
0 0.649 0.615 0.024 0.122
0 0.924 0.546 0.013 0.087
0 0.084 0.277 0.012 0.056
2 0.206 0.793 0.019 0.049
1 0.207 0.756 0.013 0.020
3 0.792 0.607 0.046 0.111
3 0.815 0.510 0.035 0.069
2 0.921 0.704 0.023 0.059
1 0.918 0.662 0.014 0.019
3 0.552 0.292 0.037 0.049
3 0.646 0.218 0.032 0.048
1 0.052 0.544 0.010 0.016
1 0.028 0.521 0.009 0.013
1 0.035 0.462 0.008 0.011
2 0.024 0.472 0.013 0.023
2 0.028 0.548 0.016 0.032
2 0.052 0.569 0.015 0.036
0 0.091 0.714 0.031 0.033
1 0.079 0.708 0.008 0.015
2 0.094 0.717 0.022 0.023
2 0.299 0.417 0.008 0.021
1 0.299 0.401 0.005 0.007
2 0.653 0.585 0.013 0.030
2 0.743 0.602 0.015 0.033
2 0.752 0.686 0.014 0.041
1 0.751 0.581 0.009 0.013
1 0.757 0.654 0.009 0.018
1 0.925 0.512 0.010 0.014
1 0.844 0.381 0.008 0.013
1 0.791 0.285 0.007 0.010
0 0.761 0.186 0.010 0.032
2 0.846 0.405 0.012 0.031
2 0.953 0.363 0.008 0.029
2 0.922 0.538 0.011 0.044
1 0.397 0.534 0.008 0.017
1 0.414 0.531 0.009 0.014
2 0.418 0.540 0.013 0.012
