0 0.223 0.390 0.024 0.094
0 0.309 0.148 0.018 0.074
0 0.231 0.014 0.020 0.027
0 0.259 0.017 0.008 0.031
0 0.524 0.343 0.019 0.088
0 0.536 0.284 0.017 0.068
0 0.734 0.516 0.021 0.048
0 0.548 0.036 0.009 0.069
0 0.713 0.017 0.018 0.032
2 0.224 0.391 0.017 0.049
2 0.734 0.533 0.024 0.028
1 0.728 0.505 0.010 0.025
1 0.217 0.368 0.009 0.017
1 0.532 0.293 0.005 0.009
1 0.532 0.262 0.007 0.017
1 0.549 0.007 0.005 0.012
1 0.728 0.172 0.005 0.014
1 0.730 0.027 0.009 0.016
1 0.319 0.120 0.007 0.012
2 0.232 0.006 0.013 0.009
2 0.254 0.009 0.010 0.016
2 0.311 0.127 0.016 0.025
2 0.550 0.022 0.009 0.023
2 0.714 0.006 0.006 0.010
2 0.727 0.041 0.008 0.021
2 0.736 0.188 0.010 0.035
0 0.728 0.044 0.015 0.061
0 0.736 0.200 0.018 0.058
2 0.535 0.285 0.007 0.034
2 0.520 0.317 0.011 0.029
3 0.492 0.322 0.040 0.072
3 0.484 0.057 0.057 0.056
3 0.779 0.595 0.087 0.086
3 0.594 0.168 0.047 0.083
4 0.086 0.335 0.102 0.083
4 0.519 0.464 0.096 0.130
4 0.627 0.452 0.079 0.097
4 0.843 0.255 0.083 0.113
7 0.180 0.892 0.047 0.085
7 0.045 0.946 0.050 0.107
