0 0.433 0.625 0.109 0.750
0 0.126 0.503 0.176 0.534
0 0.824 0.499 0.035 0.104
0 0.852 0.384 0.010 0.031
1 0.122 0.294 0.096 0.093
1 0.415 0.293 0.071 0.081
2 0.113 0.569 0.122 0.313
2 0.437 0.532 0.108 0.259
2 0.822 0.497 0.026 0.045
1 0.831 0.462 0.015 0.014
11 0.885 0.519 0.086 0.069
11 0.303 0.771 0.191 0.326
11 0.127 0.884 0.253 0.232
14 0.444 0.256 0.198 0.069
14 0.647 0.239 0.113 0.035
14 0.771 0.267 0.118 0.083
14 0.853 0.334 0.032 0.016
14 0.801 0.331 0.028 0.020
13 0.449 0.298 0.294 0.115
