0 0.018 0.721 0.036 0.157
0 0.158 0.260 0.030 0.132
0 0.305 0.221 0.029 0.117
2 0.016 0.669 0.030 0.049
2 0.157 0.253 0.023 0.048
2 0.308 0.220 0.015 0.038
0 0.102 0.223 0.032 0.091
1 0.159 0.206 0.020 0.022
1 0.310 0.175 0.012 0.022
4 0.608 0.281 0.102 0.078
4 0.658 0.384 0.092 0.081
4 0.802 0.455 0.122 0.074
4 0.856 0.475 0.067 0.056
3 0.746 0.371 0.067 0.081
7 0.827 0.691 0.150 0.187
7 0.525 0.831 0.126 0.100
7 0.473 0.958 0.095 0.067
7 0.319 0.865 0.087 0.250
7 0.311 0.729 0.115 0.174
7 0.252 0.633 0.134 0.119
7 0.957 0.376 0.086 0.084
7 0.970 0.809 0.058 0.071
10 0.035 0.274 0.034 0.069
9 0.978 0.462 0.041 0.093
