0 0.274 0.329 0.054 0.082
0 0.538 0.332 0.055 0.071
1 0.295 0.301 0.011 0.019
1 0.551 0.307 0.013 0.018
2 0.267 0.316 0.035 0.051
2 0.534 0.338 0.031 0.047
5 0.523 0.510 0.329 0.162
5 0.205 0.642 0.410 0.191
5 0.204 0.731 0.406 0.206
5 0.209 0.819 0.416 0.241
5 0.688 0.332 0.099 0.034
5 0.611 0.331 0.097 0.028
5 0.678 0.355 0.011 0.019
5 0.675 0.370 0.014 0.020
5 0.661 0.380 0.014 0.019
5 0.649 0.372 0.010 0.025
5 0.666 0.350 0.021 0.032
5 0.706 0.352 0.026 0.022
5 0.689 0.374 0.018 0.021
5 0.706 0.372 0.018 0.033
5 0.719 0.382 0.014 0.016
5 0.733 0.378 0.014 0.016
5 0.727 0.366 0.013 0.016
5 0.720 0.360 0.013 0.020
5 0.744 0.336 0.037 0.034
5 0.752 0.340 0.022 0.028
5 0.765 0.347 0.017 0.031
5 0.751 0.364 0.014 0.019
5 0.739 0.362 0.010 0.019
5 0.747 0.380 0.016 0.014
10 0.508 0.284 0.028 0.064
14 0.533 0.077 0.217 0.152
