4 0.043 0.568 0.052 0.166
3 0.100 0.571 0.054 0.162
3 0.283 0.506 0.049 0.128
3 0.349 0.511 0.035 0.155
3 0.405 0.490 0.041 0.136
3 0.464 0.511 0.051 0.147
3 0.514 0.513 0.041 0.165
7 0.510 0.266 0.060 0.118
7 0.546 0.180 0.123 0.041
7 0.533 0.147 0.096 0.026
7 0.524 0.114 0.102 0.030
7 0.623 0.024 0.071 0.043
7 0.623 0.072 0.066 0.061
7 0.698 0.025 0.044 0.044
7 0.707 0.067 0.054 0.051
7 0.768 0.030 0.057 0.058
7 0.571 0.283 0.041 0.091
7 0.589 0.215 0.114 0.021
7 0.624 0.274 0.040 0.080
7 0.564 0.387 0.019 0.042
7 0.456 0.275 0.029 0.069
7 0.334 0.283 0.035 0.064
7 0.120 0.422 0.050 0.118
13 0.324 0.192 0.264 0.078
13 0.773 0.166 0.351 0.086
13 0.746 0.112 0.286 0.031
13 0.336 0.133 0.249 0.029
13 0.874 0.053 0.037 0.096
13 0.938 0.058 0.043 0.101
11 0.275 0.308 0.106 0.063
11 0.059 0.416 0.085 0.082
14 0.384 0.173 0.029 0.043
14 0.229 0.188 0.035 0.043
5 0.754 0.473 0.056 0.145
5 0.784 0.472 0.055 0.187
5 0.822 0.453 0.043 0.164
5 0.845 0.522 0.049 0.219
5 0.883 0.481 0.057 0.168
