0 0.035 0.127 0.039 0.094
0 0.520 0.376 0.032 0.071
0 0.597 0.369 0.025 0.102
0 0.765 0.298 0.024 0.109
0 0.681 0.312 0.019 0.056
0 0.793 0.172 0.019 0.071
2 0.030 0.107 0.016 0.027
2 0.524 0.372 0.017 0.045
2 0.596 0.362 0.019 0.053
2 0.682 0.307 0.016 0.031
2 0.764 0.291 0.017 0.046
2 0.795 0.175 0.013 0.045
1 0.515 0.355 0.013 0.020
1 0.769 0.255 0.008 0.026
1 0.797 0.152 0.009 0.018
1 0.606 0.332 0.010 0.018
1 0.038 0.100 0.009 0.022
13 0.487 0.779 0.878 0.443
4 0.389 0.292 0.117 0.119
4 0.553 0.271 0.155 0.125
4 0.677 0.219 0.108 0.115
4 0.772 0.239 0.066 0.128
14 0.268 0.717 0.084 0.119
14 0.662 0.883 0.085 0.136
