0 0.344 0.338 0.047 0.064
0 0.351 0.069 0.029 0.074
0 0.707 0.181 0.028 0.060
0 0.885 0.274 0.027 0.123
0 0.921 0.281 0.030 0.133
4 0.261 0.319 0.112 0.178
4 0.720 0.275 0.060 0.105
4 0.814 0.553 0.123 0.075
3 0.866 0.620 0.084 0.092
4 0.784 0.418 0.091 0.110
4 0.328 0.151 0.113 0.117
7 0.129 0.141 0.043 0.101
11 0.724 0.375 0.069 0.090
10 0.958 0.470 0.033 0.063
7 0.055 0.263 0.109 0.111
1 0.335 0.325 0.015 0.017
1 0.355 0.052 0.013 0.023
1 0.706 0.161 0.010 0.012
2 0.709 0.187 0.019 0.037
2 0.888 0.261 0.020 0.067
2 0.918 0.272 0.017 0.057
