0 0.138 0.286 0.052 0.123
0 0.461 0.250 0.054 0.093
1 0.150 0.243 0.018 0.027
1 0.465 0.218 0.019 0.027
2 0.135 0.277 0.035 0.060
2 0.453 0.263 0.027 0.062
5 0.334 0.544 0.547 0.320
5 0.702 0.390 0.061 0.057
5 0.762 0.327 0.089 0.063
5 0.586 0.235 0.070 0.039
5 0.502 0.246 0.057 0.026
5 0.511 0.260 0.034 0.020
5 0.630 0.288 0.017 0.022
5 0.617 0.275 0.015 0.026
5 0.659 0.238 0.047 0.024
5 0.677 0.249 0.030 0.028
5 0.659 0.277 0.020 0.031
5 0.642 0.274 0.014 0.029
5 0.742 0.232 0.024 0.041
5 0.729 0.234 0.037 0.057
5 0.727 0.222 0.059 0.048
5 0.703 0.255 0.013 0.024
5 0.709 0.272 0.018 0.027
5 0.690 0.279 0.019 0.028
5 0.678 0.271 0.021 0.042
5 0.726 0.268 0.023 0.022
5 0.731 0.287 0.023 0.019
11 0.968 0.253 0.063 0.068
11 0.968 0.207 0.064 0.027
10 0.426 0.196 0.038 0.074
