0 0.456 0.086 0.016 0.084
0 0.488 0.031 0.017 0.061
0 0.403 0.191 0.021 0.077
0 0.392 0.471 0.028 0.042
0 0.760 0.286 0.019 0.069
0 0.740 0.036 0.030 0.069
0 0.808 0.047 0.019 0.093
0 0.846 0.043 0.016 0.084
0 0.926 0.052 0.022 0.045
0 0.917 0.377 0.064 0.131
0 0.044 0.047 0.021 0.090
4 0.853 0.588 0.145 0.223
4 0.391 0.299 0.135 0.119
4 0.302 0.466 0.109 0.146
3 0.924 0.725 0.093 0.095
7 0.092 0.404 0.149 0.120
11 0.781 0.492 0.073 0.089
1 0.387 0.458 0.017 0.026
1 0.044 0.012 0.013 0.021
1 0.402 0.169 0.011 0.025
1 0.458 0.050 0.009 0.022
1 0.919 0.323 0.017 0.031
1 0.757 0.265 0.015 0.028
1 0.742 0.013 0.009 0.021
2 0.760 0.297 0.016 0.042
2 0.808 0.026 0.015 0.039
2 0.847 0.025 0.013 0.033
2 0.739 0.036 0.018 0.032
2 0.668 0.013 0.019 0.025
2 0.456 0.078 0.011 0.038
2 0.486 0.031 0.015 0.033
2 0.934 0.359 0.029 0.056
2 0.405 0.200 0.015 0.032
4 0.768 0.380 0.057 0.120
