0 0.143 0.308 0.054 0.215
0 0.481 0.143 0.052 0.216
1 0.136 0.218 0.031 0.038
1 0.490 0.050 0.030 0.028
2 0.144 0.288 0.034 0.091
2 0.478 0.119 0.041 0.096
7 0.315 0.053 0.090 0.104
7 0.474 0.042 0.081 0.081
7 0.657 0.045 0.069 0.089
7 0.778 0.080 0.125 0.145
7 0.607 0.148 0.106 0.139
7 0.927 0.345 0.146 0.170
7 0.972 0.716 0.056 0.226
7 0.966 0.943 0.056 0.115
7 0.786 0.812 0.117 0.268
7 0.720 0.632 0.098 0.218
7 0.501 0.413 0.088 0.124
7 0.288 0.520 0.083 0.111
7 0.264 0.712 0.253 0.225
9 0.176 0.054 0.081 0.106
9 0.055 0.086 0.103 0.151
