0 0.181 0.202 0.021 0.096
0 0.209 0.087 0.025 0.114
0 0.514 0.081 0.018 0.078
0 0.455 0.354 0.020 0.158
0 0.639 0.367 0.033 0.157
0 0.686 0.362 0.028 0.142
0 0.706 0.174 0.025 0.063
1 0.208 0.042 0.010 0.017
1 0.182 0.167 0.013 0.021
1 0.458 0.290 0.014 0.024
1 0.512 0.050 0.011 0.024
1 0.637 0.305 0.015 0.029
1 0.686 0.305 0.010 0.023
1 0.709 0.155 0.009 0.021
2 0.180 0.200 0.014 0.044
2 0.208 0.075 0.018 0.052
2 0.454 0.328 0.021 0.062
2 0.515 0.078 0.018 0.040
2 0.522 0.020 0.016 0.038
2 0.636 0.347 0.021 0.059
2 0.685 0.345 0.021 0.053
3 0.474 0.087 0.059 0.071
3 0.433 0.320 0.069 0.109
4 0.068 0.479 0.104 0.142
4 0.524 0.362 0.053 0.126
4 0.633 0.524 0.151 0.086
11 0.533 0.469 0.063 0.089
