14 0.617 0.599 0.036 0.075
0 0.975 0.939 0.027 0.121
1 0.980 0.896 0.014 0.028
14 0.543 0.549 0.020 0.058
14 0.761 0.503 0.015 0.040
14 0.934 0.880 0.017 0.072
13 0.924 0.739 0.152 0.423
13 0.863 0.235 0.274 0.143
7 0.781 0.319 0.031 0.104
7 0.782 0.430 0.042 0.104
7 0.844 0.422 0.057 0.189
7 0.980 0.350 0.041 0.089
7 0.225 0.881 0.110 0.152
7 0.308 0.966 0.110 0.068
7 0.187 0.369 0.069 0.115
7 0.133 0.349 0.071 0.116
7 0.091 0.333 0.073 0.119
7 0.049 0.296 0.087 0.118
7 0.034 0.174 0.068 0.128
7 0.490 0.214 0.132 0.199
7 0.504 0.325 0.055 0.103
7 0.394 0.251 0.044 0.085
2 0.976 0.950 0.027 0.064
6 0.089 0.802 0.172 0.238
10 0.529 0.439 0.047 0.081
3 0.355 0.518 0.085 0.081
7 0.843 0.311 0.094 0.133
7 0.922 0.339 0.051 0.068
4 0.498 0.963 0.222 0.073
