0 0.347 0.863 0.040 0.195
0 0.284 0.475 0.029 0.159
0 0.250 0.413 0.025 0.168
0 0.224 0.352 0.032 0.173
11 0.291 0.249 0.148 0.157
11 0.323 0.370 0.081 0.147
1 0.344 0.775 0.020 0.021
1 0.217 0.276 0.015 0.026
1 0.248 0.342 0.017 0.028
1 0.281 0.407 0.016 0.025
13 0.028 0.114 0.056 0.220
14 0.015 0.091 0.013 0.071
7 0.172 0.133 0.158 0.202
7 0.420 0.051 0.099 0.101
7 0.479 0.410 0.164 0.236
7 0.472 0.614 0.195 0.175
7 0.614 0.553 0.070 0.238
7 0.723 0.588 0.176 0.234
7 0.847 0.536 0.065 0.359
2 0.229 0.321 0.021 0.064
2 0.252 0.390 0.026 0.068
2 0.282 0.464 0.024 0.054
3 0.755 0.155 0.119 0.302
3 0.745 0.419 0.134 0.125
