0 0.737 0.354 0.027 0.136
0 0.669 0.350 0.027 0.131
0 0.588 0.408 0.026 0.047
0 0.661 0.153 0.018 0.090
0 0.590 0.207 0.022 0.058
0 0.399 0.305 0.024 0.127
0 0.324 0.291 0.030 0.071
0 0.024 0.031 0.013 0.045
0 0.010 0.032 0.011 0.053
2 0.665 0.348 0.019 0.040
2 0.740 0.343 0.019 0.044
2 0.664 0.143 0.018 0.028
2 0.584 0.412 0.019 0.021
1 0.676 0.309 0.015 0.024
2 0.397 0.289 0.013 0.046
2 0.332 0.279 0.013 0.041
2 0.026 0.034 0.008 0.027
2 0.011 0.035 0.012 0.030
1 0.010 0.012 0.008 0.011
1 0.021 0.014 0.005 0.009
1 0.316 0.261 0.009 0.020
1 0.395 0.259 0.009 0.014
1 0.742 0.305 0.010 0.019
1 0.579 0.388 0.008 0.016
1 0.593 0.198 0.008 0.014
1 0.664 0.122 0.005 0.015
3 0.482 0.419 0.059 0.077
3 0.306 0.357 0.056 0.108
3 0.312 0.152 0.022 0.059
4 0.546 0.416 0.095 0.078
4 0.192 0.311 0.049 0.077
