0 0.365 0.567 0.013 0.026
0 0.409 0.251 0.011 0.033
0 0.694 0.351 0.008 0.033
0 0.806 0.304 0.009 0.027
0 0.984 0.331 0.009 0.027
1 0.362 0.559 0.005 0.009
2 0.366 0.567 0.007 0.015
1 0.695 0.339 0.004 0.006
1 0.810 0.298 0.003 0.008
5 0.377 0.720 0.057 0.226
5 0.360 0.385 0.041 0.097
5 0.599 0.640 0.072 0.163
4 0.473 0.294 0.072 0.038
6 0.508 0.333 0.020 0.044
6 0.903 0.508 0.038 0.044
10 0.740 0.304 0.010 0.022
10 0.353 0.447 0.019 0.038
14 0.118 0.019 0.055 0.035
14 0.331 0.519 0.029 0.018
13 0.784 0.797 0.373 0.326
13 0.044 0.043 0.087 0.083
11 0.541 0.241 0.018 0.017
5 0.441 0.532 0.054 0.185
5 0.466 0.706 0.068 0.180
5 0.327 0.371 0.024 0.089
