1 0.921 0.062 0.023 0.034
1 0.984 0.265 0.019 0.043
1 0.990 0.475 0.020 0.028
1 0.927 0.967 0.024 0.055
0 0.907 0.145 0.041 0.214
0 0.984 0.324 0.031 0.173
0 0.980 0.528 0.039 0.155
2 0.904 0.122 0.028 0.094
2 0.984 0.320 0.031 0.079
2 0.982 0.527 0.036 0.094
7 0.053 0.330 0.106 0.143
7 0.071 0.204 0.078 0.117
7 0.209 0.253 0.120 0.184
7 0.564 0.104 0.203 0.167
7 0.516 0.307 0.148 0.239
7 0.403 0.512 0.207 0.174
7 0.561 0.738 0.253 0.205
7 0.470 0.841 0.152 0.196
7 0.671 0.954 0.118 0.093
7 0.501 0.976 0.124 0.048
7 0.240 0.922 0.127 0.156
7 0.169 0.805 0.115 0.219
7 0.850 0.282 0.082 0.136
7 0.956 0.377 0.071 0.113
7 0.914 0.657 0.110 0.268
7 0.875 0.454 0.131 0.153
11 0.556 0.189 0.125 0.145
