0 0.977 0.153 0.024 0.075
0 0.822 0.306 0.022 0.065
0 0.236 0.730 0.021 0.047
1 0.232 0.717 0.008 0.013
2 0.239 0.733 0.012 0.031
2 0.824 0.304 0.011 0.026
1 0.825 0.287 0.006 0.009
3 0.886 0.545 0.164 0.110
5 0.866 0.793 0.153 0.415
5 0.378 0.758 0.117 0.484
5 0.209 0.876 0.157 0.247
5 0.620 0.926 0.068 0.148
4 0.505 0.245 0.117 0.103
6 0.630 0.348 0.036 0.072
5 0.303 0.370 0.134 0.134
10 0.286 0.506 0.032 0.059
11 0.746 0.173 0.043 0.032
14 0.181 0.634 0.048 0.036
14 0.223 0.593 0.028 0.083
14 0.246 0.498 0.040 0.091
11 0.681 0.347 0.028 0.031
4 0.598 0.275 0.135 0.083
5 0.379 0.418 0.052 0.171
