0 0.447 0.945 0.046 0.110
0 0.453 0.803 0.029 0.116
0 0.806 0.661 0.036 0.076
0 0.962 0.126 0.017 0.068
0 0.967 0.213 0.028 0.060
0 0.881 0.453 0.011 0.035
0 0.873 0.485 0.019 0.051
0 0.852 0.478 0.019 0.043
0 0.481 0.369 0.019 0.089
0 0.448 0.368 0.016 0.077
0 0.262 0.026 0.015 0.050
0 0.200 0.026 0.018 0.050
2 0.444 0.959 0.027 0.053
2 0.481 0.367 0.018 0.051
2 0.451 0.372 0.018 0.037
2 0.451 0.807 0.018 0.045
1 0.453 0.766 0.017 0.028
1 0.457 0.913 0.016 0.027
1 0.449 0.343 0.013 0.019
1 0.475 0.337 0.010 0.016
1 0.808 0.623 0.010 0.022
1 0.883 0.448 0.011 0.019
1 0.852 0.461 0.018 0.016
1 0.870 0.466 0.008 0.015
1 0.959 0.196 0.009 0.017
1 0.962 0.097 0.007 0.014
1 0.197 0.008 0.008 0.012
1 0.261 0.005 0.005 0.007
2 0.200 0.025 0.009 0.021
2 0.263 0.025 0.007 0.025
2 0.800 0.653 0.027 0.040
2 0.852 0.489 0.010 0.029
2 0.878 0.494 0.015 0.036
2 0.878 0.464 0.008 0.013
2 0.962 0.219 0.014 0.033
2 0.963 0.124 0.009 0.035
3 0.601 0.301 0.085 0.063
3 0.825 0.765 0.094 0.138
4 0.435 0.467 0.059 0.093
12 0.847 0.102 0.029 0.081
