0 0.679 0.540 0.035 0.160
0 0.712 0.369 0.041 0.095
0 0.923 0.535 0.042 0.081
1 0.939 0.605 0.020 0.033
10 0.801 0.648 0.033 0.044
1 0.685 0.474 0.016 0.026
2 0.678 0.537 0.033 0.083
10 0.575 0.538 0.034 0.145
2 0.918 0.535 0.026 0.049
0 0.112 0.346 0.040 0.176
3 0.114 0.921 0.158 0.149
1 0.713 0.336 0.015 0.028
2 0.114 0.319 0.025 0.069
1 0.111 0.271 0.018 0.024
0 0.071 0.108 0.032 0.073
0 0.120 0.040 0.021 0.079
0 0.834 0.062 0.024 0.122
2 0.120 0.016 0.018 0.031
2 0.838 0.049 0.020 0.051
10 0.644 0.539 0.057 0.181
0 0.708 0.438 0.035 0.175
0 0.930 0.628 0.035 0.094
1 0.701 0.363 0.020 0.020
2 0.705 0.419 0.023 0.074
