0 0.631 0.375 0.022 0.094
0 0.659 0.360 0.018 0.073
0 0.561 0.379 0.041 0.171
0 0.773 0.690 0.205 0.611
1 0.785 0.454 0.110 0.152
1 0.567 0.315 0.018 0.026
1 0.626 0.338 0.009 0.016
1 0.658 0.334 0.008 0.015
2 0.558 0.375 0.029 0.072
2 0.630 0.365 0.015 0.038
2 0.657 0.362 0.009 0.031
2 0.756 0.685 0.114 0.271
5 0.233 0.909 0.262 0.181
5 0.152 0.634 0.302 0.090
11 0.588 0.501 0.093 0.101
11 0.660 0.565 0.090 0.180
11 0.606 0.402 0.029 0.057
14 0.415 0.198 0.109 0.035
14 0.056 0.147 0.085 0.064
14 0.123 0.152 0.031 0.053
14 0.269 0.192 0.037 0.044
14 0.894 0.510 0.052 0.122
13 0.934 0.602 0.132 0.313
13 0.320 0.226 0.129 0.061
