3 0.052 0.967 0.070 0.067
3 0.111 0.958 0.068 0.084
3 0.379 0.902 0.099 0.123
3 0.309 0.067 0.082 0.086
3 0.625 0.191 0.078 0.155
4 0.716 0.815 0.150 0.121
4 0.559 0.810 0.117 0.138
0 0.716 0.734 0.023 0.038
1 0.720 0.728 0.011 0.021
0 0.219 0.274 0.026 0.052
1 0.214 0.260 0.013 0.019
0 0.414 0.157 0.020 0.071
1 0.413 0.131 0.012 0.014
0 0.785 0.044 0.023 0.083
0 0.829 0.082 0.029 0.108
0 0.850 0.055 0.013 0.094
0 0.860 0.084 0.015 0.088
0 0.960 0.047 0.030 0.089
0 0.922 0.026 0.013 0.051
1 0.837 0.037 0.011 0.015
1 0.862 0.048 0.011 0.014
1 0.852 0.016 0.008 0.015
2 0.861 0.083 0.012 0.043
2 0.833 0.069 0.019 0.042
2 0.785 0.016 0.018 0.031
3 0.667 0.068 0.069 0.039
3 0.650 0.099 0.040 0.020
4 0.752 0.125 0.037 0.051
4 0.973 0.965 0.050 0.069
10 0.234 0.045 0.031 0.086
12 0.672 0.182 0.080 0.151
7 0.523 0.093 0.052 0.085
