4 0.383 0.257 0.106 0.152
4 0.480 0.236 0.107 0.095
3 0.618 0.379 0.097 0.083
4 0.676 0.041 0.070 0.058
0 0.066 0.177 0.021 0.098
0 0.391 0.096 0.022 0.045
9 0.421 0.152 0.072 0.069
0 0.472 0.170 0.022 0.053
0 0.368 0.125 0.022 0.101
0 0.545 0.222 0.022 0.094
0 0.775 0.422 0.044 0.126
11 0.146 0.774 0.113 0.075
2 0.476 0.180 0.014 0.031
0 0.608 0.263 0.034 0.096
4 0.968 0.244 0.064 0.102
1 0.766 0.377 0.012 0.019
2 0.772 0.416 0.024 0.048
2 0.066 0.173 0.020 0.044
1 0.061 0.138 0.011 0.014
1 0.466 0.161 0.011 0.021
1 0.608 0.222 0.015 0.016
1 0.547 0.188 0.013 0.018
2 0.605 0.252 0.021 0.040
2 0.542 0.218 0.017 0.042
