0 0.488 0.502 0.034 0.088
0 0.476 0.272 0.032 0.125
0 0.599 0.341 0.030 0.115
0 0.859 0.256 0.031 0.118
0 0.908 0.272 0.023 0.079
0 0.979 0.253 0.039 0.093
0 0.276 0.413 0.034 0.114
1 0.862 0.225 0.015 0.020
1 0.911 0.248 0.018 0.019
1 0.970 0.225 0.013 0.025
2 0.267 0.419 0.014 0.067
2 0.496 0.507 0.021 0.048
2 0.906 0.276 0.017 0.044
2 0.981 0.255 0.023 0.062
2 0.472 0.275 0.016 0.056
1 0.480 0.486 0.013 0.023
1 0.472 0.239 0.010 0.017
1 0.591 0.303 0.011 0.019
2 0.598 0.337 0.025 0.056
2 0.854 0.252 0.027 0.054
2 0.907 0.271 0.016 0.030
3 0.033 0.211 0.065 0.092
3 0.402 0.135 0.077 0.030
3 0.683 0.015 0.068 0.029
3 0.980 0.538 0.040 0.114
4 0.389 0.598 0.085 0.108
4 0.723 0.536 0.155 0.154
4 0.633 0.209 0.087 0.099
4 0.421 0.209 0.092 0.102
4 0.966 0.050 0.049 0.098
9 0.292 0.661 0.086 0.097
10 0.356 0.317 0.020 0.046
10 0.293 0.680 0.009 0.037
11 0.321 0.248 0.074 0.063
