0 0.884 0.978 0.025 0.044
0 0.955 0.600 0.039 0.189
0 0.728 0.594 0.069 0.201
0 0.810 0.374 0.028 0.165
0 0.657 0.394 0.042 0.115
0 0.524 0.396 0.038 0.096
0 0.492 0.384 0.046 0.109
0 0.348 0.254 0.031 0.158
0 0.119 0.445 0.032 0.169
1 0.343 0.183 0.014 0.019
1 0.509 0.343 0.014 0.028
1 0.525 0.358 0.012 0.016
1 0.820 0.299 0.013 0.019
1 0.738 0.507 0.020 0.028
1 0.952 0.522 0.018 0.024
1 0.886 0.976 0.022 0.038
2 0.962 0.583 0.027 0.078
2 0.724 0.583 0.031 0.091
2 0.812 0.350 0.020 0.061
2 0.654 0.363 0.029 0.044
2 0.522 0.402 0.028 0.058
2 0.355 0.237 0.013 0.060
2 0.120 0.416 0.024 0.043
4 0.873 0.705 0.222 0.169
4 0.882 0.461 0.127 0.131
10 0.333 0.466 0.054 0.144
10 0.771 0.024 0.026 0.045
