0 0.899 0.623 0.023 0.059
0 0.917 0.695 0.031 0.140
0 0.962 0.225 0.011 0.087
0 0.974 0.254 0.014 0.114
0 0.418 0.596 0.052 0.094
0 0.042 0.775 0.048 0.179
1 0.398 0.591 0.018 0.020
1 0.029 0.695 0.022 0.021
2 0.424 0.609 0.031 0.062
2 0.031 0.726 0.033 0.060
2 0.915 0.688 0.028 0.065
2 0.898 0.648 0.015 0.039
2 0.956 0.225 0.010 0.049
2 0.978 0.241 0.013 0.045
3 0.290 0.541 0.103 0.161
3 0.934 0.141 0.082 0.074
4 0.884 0.316 0.052 0.094
4 0.750 0.908 0.269 0.127
9 0.021 0.518 0.042 0.126
10 0.030 0.581 0.025 0.049
