0 0.374 0.316 0.048 0.275
0 0.491 0.332 0.051 0.231
0 0.550 0.194 0.032 0.230
0 0.561 0.235 0.042 0.249
0 0.591 0.172 0.037 0.247
0 0.609 0.223 0.044 0.244
0 0.649 0.194 0.043 0.273
2 0.489 0.307 0.033 0.074
2 0.370 0.275 0.046 0.095
2 0.552 0.212 0.026 0.078
2 0.597 0.197 0.032 0.089
2 0.652 0.168 0.026 0.069
1 0.368 0.204 0.027 0.037
1 0.482 0.240 0.023 0.036
1 0.556 0.130 0.018 0.025
1 0.554 0.097 0.021 0.022
1 0.599 0.119 0.020 0.030
1 0.596 0.064 0.023 0.035
1 0.640 0.080 0.021 0.028
7 0.303 0.280 0.085 0.209
5 0.391 0.181 0.086 0.192
7 0.867 0.389 0.137 0.215
4 0.763 0.541 0.137 0.243
3 0.617 0.542 0.134 0.189
7 0.036 0.473 0.071 0.175
