0 0.309 0.556 0.029 0.096
0 0.315 0.753 0.045 0.154
0 0.480 0.795 0.041 0.126
0 0.609 0.062 0.015 0.057
0 0.627 0.090 0.016 0.062
0 0.723 0.088 0.014 0.074
0 0.756 0.053 0.013 0.081
0 0.726 0.046 0.017 0.065
0 0.196 0.122 0.013 0.076
0 0.228 0.124 0.017 0.058
0 0.214 0.156 0.017 0.063
0 0.591 0.172 0.020 0.062
0 0.754 0.173 0.020 0.045
1 0.318 0.694 0.019 0.020
1 0.486 0.750 0.017 0.025
1 0.311 0.523 0.013 0.019
2 0.311 0.750 0.024 0.076
2 0.311 0.567 0.017 0.052
2 0.485 0.809 0.028 0.069
3 0.858 0.737 0.113 0.127
4 0.228 0.738 0.119 0.134
4 0.591 0.757 0.158 0.173
4 0.827 0.826 0.147 0.098
4 0.813 0.241 0.071 0.058
4 0.491 0.374 0.105 0.069
3 0.258 0.333 0.109 0.095
