0 0.307 0.466 0.008 0.029
0 0.116 0.372 0.008 0.022
0 0.126 0.377 0.010 0.028
0 0.594 0.442 0.005 0.021
0 0.504 0.441 0.006 0.021
1 0.124 0.366 0.004 0.006
1 0.308 0.457 0.003 0.004
2 0.307 0.463 0.003 0.008
1 0.909 0.345 0.008 0.012
1 0.952 0.360 0.009 0.010
1 0.891 0.339 0.008 0.006
1 0.872 0.338 0.008 0.012
6 0.618 0.584 0.074 0.059
6 0.266 0.522 0.028 0.037
5 0.489 0.806 0.128 0.154
4 0.230 0.499 0.043 0.052
10 0.460 0.455 0.011 0.023
12 0.954 0.133 0.031 0.039
14 0.092 0.150 0.111 0.044
14 0.594 0.870 0.050 0.039
14 0.046 0.419 0.054 0.155
13 0.919 0.454 0.161 0.166
11 0.267 0.423 0.018 0.019
13 0.262 0.712 0.318 0.490
14 0.262 0.775 0.054 0.103
