0 0.393 0.769 0.012 0.030
0 0.376 0.456 0.008 0.030
0 0.633 0.281 0.010 0.025
0 0.678 0.405 0.009 0.030
0 0.743 0.315 0.009 0.024
0 0.553 0.399 0.009 0.025
1 0.390 0.761 0.006 0.008
2 0.393 0.771 0.008 0.014
1 0.553 0.389 0.003 0.005
1 0.678 0.393 0.004 0.006
2 0.553 0.397 0.005 0.015
5 0.321 0.606 0.024 0.066
5 0.359 0.597 0.038 0.100
5 0.434 0.893 0.101 0.176
5 0.651 0.766 0.138 0.181
4 0.436 0.469 0.060 0.038
6 0.484 0.475 0.022 0.025
5 0.460 0.709 0.078 0.138
6 0.891 0.471 0.067 0.056
10 0.685 0.345 0.010 0.019
10 0.357 0.655 0.016 0.022
14 0.118 0.360 0.066 0.078
14 0.353 0.738 0.032 0.014
14 0.389 0.200 0.069 0.032
13 0.036 0.435 0.071 0.102
0 0.039 0.339 0.018 0.064
0 0.020 0.337 0.017 0.044
1 0.033 0.317 0.007 0.012
1 0.015 0.322 0.007 0.011
2 0.021 0.339 0.014 0.026
2 0.038 0.337 0.011 0.025
5 0.534 0.897 0.085 0.155
11 0.496 0.382 0.018 0.013
