0 0.179 0.706 0.034 0.120
0 0.514 0.521 0.030 0.095
0 0.774 0.362 0.024 0.069
0 0.714 0.328 0.024 0.061
0 0.751 0.057 0.028 0.059
0 0.751 0.151 0.026 0.084
1 0.516 0.493 0.015 0.028
1 0.717 0.312 0.016 0.016
1 0.775 0.331 0.011 0.023
1 0.754 0.048 0.011 0.023
1 0.797 0.107 0.010 0.023
4 0.507 0.310 0.098 0.055
4 0.267 0.711 0.114 0.111
2 0.180 0.684 0.032 0.048
2 0.774 0.369 0.014 0.039
2 0.751 0.055 0.010 0.020
2 0.750 0.141 0.011 0.022
10 0.232 0.424 0.019 0.046
1 0.174 0.649 0.013 0.015
2 0.511 0.525 0.023 0.047
10 0.499 0.044 0.035 0.057
10 0.638 0.082 0.018 0.054
