0 0.776 0.240 0.041 0.196
0 0.815 0.135 0.046 0.180
0 0.753 0.842 0.053 0.223
1 0.756 0.755 0.027 0.037
1 0.778 0.161 0.020 0.031
1 0.813 0.063 0.017 0.028
2 0.776 0.212 0.034 0.077
2 0.815 0.110 0.035 0.091
2 0.756 0.818 0.036 0.088
3 0.965 0.840 0.070 0.133
7 0.697 0.073 0.085 0.144
7 0.691 0.234 0.116 0.171
7 0.749 0.438 0.124 0.242
7 0.512 0.816 0.112 0.214
7 0.384 0.511 0.202 0.220
7 0.286 0.637 0.153 0.214
7 0.075 0.749 0.148 0.307
7 0.086 0.963 0.170 0.065
7 0.293 0.874 0.188 0.252
7 0.237 0.285 0.221 0.183
7 0.043 0.519 0.086 0.159
7 0.036 0.056 0.071 0.102
7 0.360 0.103 0.153 0.204
