0 0.121 0.959 0.035 0.081
1 0.122 0.950 0.009 0.031
2 0.122 0.981 0.026 0.032
3 0.864 0.394 0.122 0.136
3 0.868 0.277 0.124 0.087
3 0.874 0.205 0.104 0.092
4 0.846 0.625 0.140 0.159
7 0.585 0.514 0.127 0.169
7 0.682 0.566 0.038 0.138
7 0.551 0.745 0.177 0.183
7 0.704 0.698 0.044 0.199
7 0.767 0.756 0.058 0.231
7 0.864 0.784 0.079 0.212
7 0.957 0.736 0.047 0.350
7 0.212 0.153 0.041 0.122
7 0.279 0.176 0.060 0.187
7 0.337 0.232 0.061 0.160
7 0.520 0.062 0.142 0.075
7 0.648 0.042 0.102 0.081
7 0.548 0.173 0.082 0.130
7 0.393 0.056 0.114 0.111
7 0.273 0.038 0.065 0.075
11 0.407 0.346 0.138 0.126
13 0.017 0.266 0.032 0.147
13 0.105 0.299 0.075 0.244
13 0.093 0.113 0.080 0.225
13 0.157 0.099 0.027 0.138
5 0.973 0.077 0.042 0.094
