0 0.508 0.300 0.007 0.027
0 0.626 0.266 0.008 0.021
0 0.160 0.209 0.007 0.028
0 0.335 0.291 0.009 0.022
5 0.296 0.540 0.093 0.133
5 0.388 0.670 0.108 0.124
5 0.478 0.584 0.119 0.144
4 0.257 0.320 0.043 0.052
6 0.292 0.342 0.026 0.025
6 0.635 0.409 0.062 0.056
10 0.482 0.274 0.009 0.019
13 0.871 0.587 0.202 0.797
11 0.293 0.250 0.019 0.015
1 0.913 0.121 0.004 0.008
1 0.918 0.125 0.005 0.006
1 0.931 0.130 0.007 0.011
1 0.823 0.104 0.006 0.007
0 0.822 0.116 0.008 0.036
0 0.930 0.138 0.010 0.032
11 0.849 0.162 0.023 0.028
13 0.110 0.366 0.219 0.511
