0 0.349 0.479 0.026 0.147
0 0.371 0.451 0.026 0.102
0 0.454 0.451 0.023 0.077
0 0.711 0.425 0.032 0.114
0 0.780 0.556 0.043 0.241
0 0.828 0.466 0.010 0.044
2 0.347 0.471 0.019 0.058
2 0.369 0.438 0.016 0.028
2 0.454 0.467 0.015 0.044
1 0.352 0.423 0.013 0.023
1 0.365 0.415 0.009 0.016
1 0.455 0.425 0.013 0.017
2 0.709 0.415 0.026 0.053
2 0.774 0.522 0.028 0.082
1 0.783 0.448 0.020 0.023
1 0.728 0.380 0.018 0.019
1 0.828 0.455 0.008 0.007
2 0.827 0.466 0.007 0.018
1 0.769 0.467 0.009 0.019
5 0.585 0.575 0.117 0.094
5 0.208 0.718 0.414 0.237
10 0.248 0.406 0.098 0.066
14 0.232 0.144 0.463 0.285
14 0.545 0.400 0.036 0.021
14 0.665 0.393 0.053 0.024
14 0.570 0.406 0.016 0.021
13 0.461 0.374 0.077 0.061
13 0.929 0.612 0.141 0.303
