0 0.525 0.542 0.041 0.097
0 0.877 0.375 0.042 0.081
0 0.086 0.203 0.035 0.174
0 0.833 0.261 0.044 0.172
0 0.928 0.269 0.037 0.165
0 0.669 0.221 0.046 0.092
1 0.682 0.189 0.016 0.029
1 0.828 0.194 0.018 0.026
1 0.935 0.198 0.016 0.022
1 0.084 0.130 0.015 0.033
10 0.604 0.386 0.069 0.181
10 0.758 0.494 0.033 0.054
2 0.923 0.256 0.028 0.085
1 0.521 0.516 0.017 0.034
2 0.529 0.565 0.029 0.054
3 0.085 0.820 0.164 0.189
2 0.084 0.182 0.023 0.076
10 0.538 0.399 0.039 0.136
2 0.835 0.251 0.021 0.062
2 0.878 0.369 0.028 0.056
2 0.664 0.220 0.032 0.052
