0 0.470 0.537 0.060 0.144
0 0.564 0.087 0.030 0.090
0 0.653 0.075 0.044 0.093
0 0.714 0.062 0.024 0.077
3 0.862 0.502 0.191 0.144
4 0.601 0.492 0.283 0.281
4 0.828 0.296 0.207 0.130
11 0.235 0.261 0.108 0.090
2 0.450 0.480 0.019 0.025
2 0.564 0.051 0.013 0.019
2 0.668 0.043 0.013 0.029
2 0.715 0.037 0.011 0.012
2 0.477 0.533 0.037 0.094
2 0.564 0.094 0.029 0.055
2 0.645 0.079 0.025 0.057
7 0.513 0.803 0.230 0.322
7 0.347 0.867 0.177 0.266
7 0.125 0.925 0.101 0.149
4 0.369 0.194 0.174 0.119
4 0.401 0.392 0.178 0.212
10 0.405 0.077 0.020 0.055
