0 0.086 0.509 0.037 0.103
0 0.245 0.429 0.040 0.094
0 0.294 0.490 0.035 0.086
0 0.334 0.470 0.038 0.079
0 0.405 0.475 0.033 0.179
0 0.533 0.679 0.042 0.170
0 0.018 0.338 0.031 0.084
0 0.300 0.195 0.027 0.137
0 0.334 0.171 0.029 0.125
3 0.099 0.651 0.124 0.140
3 0.568 0.647 0.035 0.111
4 0.733 0.471 0.070 0.096
1 0.546 0.605 0.016 0.029
1 0.287 0.459 0.015 0.021
1 0.256 0.393 0.015 0.028
1 0.322 0.443 0.012 0.019
1 0.409 0.400 0.016 0.027
1 0.092 0.469 0.013 0.022
1 0.302 0.146 0.011 0.018
1 0.335 0.121 0.011 0.021
2 0.532 0.653 0.037 0.083
2 0.083 0.506 0.031 0.056
2 0.246 0.419 0.023 0.056
2 0.406 0.449 0.026 0.060
2 0.341 0.471 0.029 0.044
2 0.333 0.155 0.020 0.056
2 0.302 0.180 0.024 0.042
