0 0.377 0.335 0.011 0.063
0 0.437 0.336 0.026 0.107
0 0.406 0.756 0.026 0.086
0 0.404 0.912 0.037 0.106
0 0.757 0.622 0.028 0.085
0 0.841 0.432 0.016 0.068
0 0.760 0.456 0.028 0.048
0 0.916 0.188 0.027 0.079
0 0.909 0.092 0.017 0.072
2 0.399 0.922 0.028 0.065
2 0.435 0.325 0.016 0.058
2 0.385 0.345 0.013 0.035
2 0.406 0.765 0.017 0.051
1 0.411 0.873 0.018 0.017
1 0.408 0.724 0.013 0.017
1 0.433 0.296 0.013 0.021
1 0.381 0.312 0.011 0.021
1 0.759 0.592 0.015 0.014
1 0.752 0.446 0.011 0.011
1 0.801 0.417 0.011 0.015
1 0.843 0.411 0.011 0.016
1 0.908 0.163 0.008 0.019
1 0.905 0.069 0.005 0.009
0 0.801 0.458 0.013 0.094
2 0.764 0.459 0.020 0.031
2 0.802 0.453 0.010 0.037
2 0.835 0.445 0.014 0.040
2 0.910 0.180 0.015 0.022
2 0.909 0.088 0.005 0.036
2 0.752 0.617 0.022 0.032
3 0.781 0.731 0.115 0.135
3 0.557 0.256 0.095 0.093
4 0.389 0.432 0.064 0.094
12 0.814 0.049 0.039 0.054
