0 0.099 0.783 0.044 0.158
0 0.345 0.639 0.034 0.116
0 0.255 0.260 0.022 0.100
0 0.376 0.201 0.022 0.065
0 0.405 0.236 0.023 0.098
0 0.497 0.205 0.023 0.084
0 0.541 0.175 0.021 0.056
0 0.582 0.187 0.026 0.056
0 0.826 0.283 0.033 0.095
0 0.427 0.932 0.058 0.096
0 0.936 0.577 0.038 0.151
0 0.657 0.179 0.033 0.043
0 0.282 0.179 0.024 0.074
1 0.095 0.721 0.015 0.027
1 0.338 0.598 0.016 0.031
1 0.427 0.892 0.019 0.034
1 0.938 0.522 0.015 0.033
1 0.819 0.232 0.008 0.023
1 0.497 0.168 0.009 0.014
1 0.282 0.159 0.010 0.024
1 0.255 0.224 0.009 0.014
1 0.377 0.176 0.008 0.013
2 0.101 0.769 0.036 0.049
2 0.345 0.640 0.027 0.057
2 0.496 0.198 0.016 0.039
2 0.406 0.229 0.013 0.025
2 0.255 0.248 0.015 0.032
2 0.378 0.206 0.009 0.020
2 0.280 0.172 0.008 0.019
2 0.822 0.263 0.011 0.030
2 0.940 0.570 0.016 0.047
11 0.151 0.787 0.067 0.094
4 0.059 0.970 0.117 0.050
11 0.546 0.807 0.088 0.077
