0 0.049 0.393 0.049 0.151
0 0.070 0.562 0.048 0.175
0 0.195 0.900 0.053 0.118
0 0.351 0.551 0.043 0.105
0 0.733 0.233 0.029 0.117
0 0.887 0.242 0.027 0.106
0 0.908 0.236 0.019 0.085
2 0.048 0.380 0.024 0.059
2 0.070 0.538 0.031 0.070
2 0.200 0.909 0.036 0.075
2 0.736 0.227 0.016 0.044
1 0.046 0.325 0.018 0.031
1 0.062 0.485 0.016 0.027
1 0.186 0.866 0.015 0.035
1 0.346 0.527 0.015 0.030
1 0.733 0.184 0.009 0.024
1 0.890 0.206 0.008 0.013
11 0.031 0.411 0.061 0.079
4 0.064 0.686 0.107 0.124
4 0.025 0.603 0.049 0.100
4 0.122 0.780 0.134 0.131
4 0.560 0.762 0.109 0.170
11 0.426 0.452 0.077 0.093
