0 0.460 0.054 0.018 0.064
0 0.402 0.031 0.009 0.025
0 0.388 0.027 0.008 0.021
0 0.514 0.092 0.023 0.126
0 0.491 0.081 0.021 0.102
1 0.463 0.026 0.006 0.006
1 0.490 0.031 0.011 0.014
1 0.500 0.029 0.009 0.014
1 0.519 0.035 0.014 0.014
1 0.387 0.019 0.003 0.004
1 0.401 0.020 0.003 0.005
2 0.461 0.044 0.008 0.022
2 0.490 0.066 0.018 0.052
2 0.510 0.079 0.017 0.057
2 0.387 0.029 0.005 0.014
2 0.402 0.033 0.005 0.016
11 0.427 0.248 0.203 0.206
11 0.426 0.116 0.151 0.067
13 0.750 0.496 0.501 0.896
13 0.768 0.088 0.465 0.071
