13 0.192 0.490 0.361 0.057
13 0.733 0.457 0.534 0.054
2 0.184 0.912 0.014 0.029
2 0.246 0.899 0.018 0.043
2 0.265 0.892 0.019 0.031
2 0.276 0.850 0.022 0.028
2 0.292 0.857 0.010 0.040
2 0.263 0.809 0.014 0.028
2 0.281 0.810 0.014 0.025
0 0.188 0.913 0.030 0.074
0 0.250 0.910 0.026 0.097
0 0.265 0.892 0.021 0.058
0 0.276 0.860 0.018 0.090
0 0.295 0.867 0.020 0.072
0 0.265 0.809 0.031 0.063
0 0.279 0.814 0.034 0.071
1 0.181 0.894 0.016 0.020
1 0.251 0.875 0.009 0.016
1 0.264 0.878 0.016 0.028
1 0.255 0.789 0.007 0.016
1 0.277 0.798 0.010 0.026
1 0.507 0.878 0.018 0.028
2 0.509 0.903 0.017 0.026
0 0.503 0.886 0.011 0.109
10 0.538 0.890 0.022 0.045
