0 0.451 0.141 0.018 0.065
0 0.352 0.196 0.015 0.045
0 0.316 0.210 0.024 0.044
0 0.933 0.433 0.022 0.098
1 0.320 0.205 0.005 0.009
1 0.353 0.189 0.004 0.013
1 0.451 0.119 0.010 0.009
2 0.311 0.214 0.011 0.024
2 0.349 0.205 0.006 0.024
2 0.451 0.141 0.011 0.029
2 0.931 0.426 0.013 0.036
1 0.933 0.399 0.008 0.015
5 0.111 0.661 0.147 0.381
4 0.406 0.363 0.173 0.182
6 0.620 0.514 0.057 0.112
5 0.251 0.915 0.081 0.169
5 0.937 0.926 0.126 0.133
11 0.806 0.216 0.061 0.069
10 0.021 0.817 0.042 0.098
11 0.702 0.521 0.052 0.069
4 0.568 0.405 0.225 0.148
