0 0.262 0.321 0.024 0.130
0 0.315 0.357 0.028 0.137
0 0.285 0.334 0.021 0.125
0 0.179 0.703 0.034 0.103
0 0.388 0.616 0.045 0.151
0 0.233 0.893 0.043 0.207
0 0.834 0.967 0.051 0.066
0 0.876 0.552 0.031 0.067
0 0.953 0.406 0.028 0.111
0 0.896 0.260 0.024 0.120
0 0.695 0.106 0.028 0.075
0 0.471 0.409 0.030 0.156
0 0.970 0.527 0.046 0.075
0 0.029 0.224 0.020 0.122
0 0.012 0.022 0.019 0.042
4 0.342 0.517 0.137 0.082
4 0.958 0.268 0.083 0.098
4 0.920 0.913 0.158 0.174
4 0.767 0.866 0.171 0.194
4 0.709 0.675 0.219 0.123
4 0.244 0.586 0.183 0.071
4 0.256 0.236 0.093 0.081
9 0.081 0.241 0.084 0.070
9 0.300 0.674 0.084 0.094
3 0.669 0.444 0.073 0.143
3 0.860 0.183 0.054 0.108
3 0.165 0.850 0.097 0.207
3 0.474 0.808 0.047 0.101
3 0.209 0.659 0.072 0.095
4 0.299 0.751 0.210 0.089
4 0.616 0.073 0.087 0.065
10 0.761 0.563 0.021 0.075
10 0.286 0.035 0.017 0.051
11 0.602 0.741 0.093 0.094
2 0.956 0.412 0.017 0.062
2 0.391 0.602 0.030 0.067
2 0.472 0.394 0.019 0.056
2 0.232 0.866 0.032 0.072
1 0.470 0.340 0.015 0.018
1 0.380 0.552 0.017 0.027
1 0.220 0.806 0.017 0.030
1 0.816 0.951 0.018 0.034
4 0.175 0.261 0.074 0.120
2 0.178 0.705 0.029 0.071
2 0.314 0.338 0.026 0.060
2 0.283 0.321 0.024 0.061
2 0.030 0.203 0.017 0.050
2 0.879 0.551 0.022 0.044
2 0.843 0.978 0.037 0.044
1 0.283 0.281 0.019 0.023
1 0.320 0.298 0.015 0.019
1 0.025 0.171 0.011 0.012
1 0.987 0.502 0.013 0.025
1 0.889 0.206 0.011 0.020
1 0.946 0.366 0.013 0.022
2 0.963 0.531 0.031 0.065
1 0.263 0.267 0.011 0.019
2 0.262 0.302 0.018 0.049
1 0.172 0.661 0.017 0.016
2 0.897 0.243 0.016 0.046
