0 0.628 0.413 0.033 0.063
0 0.766 0.408 0.023 0.062
0 0.707 0.140 0.012 0.090
0 0.457 0.181 0.019 0.065
0 0.413 0.274 0.020 0.112
0 0.482 0.286 0.033 0.045
0 0.377 0.221 0.016 0.086
0 0.239 0.335 0.028 0.049
0 0.301 0.464 0.028 0.072
11 0.121 0.312 0.095 0.071
1 0.309 0.441 0.010 0.019
1 0.282 0.343 0.009 0.018
1 0.241 0.312 0.008 0.014
1 0.618 0.387 0.009 0.019
1 0.871 0.390 0.011 0.019
1 0.411 0.224 0.010 0.014
14 0.283 0.271 0.028 0.044
2 0.632 0.411 0.016 0.040
2 0.768 0.402 0.016 0.036
2 0.706 0.131 0.012 0.035
2 0.456 0.174 0.014 0.034
2 0.413 0.253 0.012 0.032
2 0.377 0.203 0.012 0.036
2 0.302 0.462 0.026 0.043
2 0.232 0.334 0.011 0.034
10 0.477 0.575 0.024 0.083
10 0.188 0.257 0.016 0.044
14 0.409 0.170 0.014 0.032
