14 0.349 0.144 0.029 0.050
0 0.308 0.205 0.030 0.048
0 0.373 0.339 0.031 0.046
0 0.685 0.281 0.023 0.063
0 0.836 0.266 0.018 0.066
0 0.471 0.119 0.017 0.101
0 0.553 0.156 0.019 0.051
0 0.527 0.044 0.020 0.074
0 0.409 0.141 0.020 0.111
0 0.433 0.109 0.016 0.093
0 0.017 0.168 0.018 0.080
11 0.188 0.187 0.090 0.076
1 0.308 0.190 0.009 0.019
1 0.384 0.326 0.011 0.023
1 0.470 0.075 0.009 0.013
1 0.548 0.138 0.009 0.016
1 0.680 0.260 0.009 0.018
1 0.838 0.242 0.010 0.017
1 0.011 0.133 0.007 0.016
14 0.056 0.144 0.021 0.044
14 0.475 0.037 0.014 0.037
2 0.370 0.335 0.020 0.029
2 0.410 0.117 0.010 0.036
2 0.526 0.031 0.012 0.028
2 0.298 0.203 0.010 0.035
2 0.833 0.265 0.014 0.045
10 0.546 0.446 0.022 0.075
10 0.256 0.131 0.019 0.050
