0 0.217 0.549 0.027 0.168
0 0.074 0.283 0.028 0.121
0 0.024 0.276 0.028 0.064
0 0.433 0.379 0.026 0.076
0 0.522 0.347 0.024 0.087
0 0.529 0.054 0.023 0.092
0 0.633 0.569 0.032 0.087
4 0.560 0.785 0.132 0.194
4 0.660 0.682 0.108 0.173
4 0.152 0.917 0.182 0.166
1 0.220 0.472 0.021 0.037
1 0.522 0.315 0.013 0.017
1 0.436 0.315 0.010 0.023
1 0.636 0.532 0.017 0.033
1 0.071 0.234 0.009 0.019
1 0.023 0.252 0.013 0.024
1 0.523 0.016 0.017 0.017
2 0.072 0.269 0.022 0.045
2 0.219 0.527 0.022 0.066
2 0.027 0.283 0.020 0.035
2 0.522 0.341 0.015 0.031
2 0.528 0.042 0.017 0.034
2 0.632 0.578 0.021 0.046
12 0.392 0.131 0.033 0.083
