0 0.038 0.340 0.034 0.173
0 0.358 0.780 0.040 0.207
0 0.446 0.825 0.033 0.195
0 0.480 0.914 0.051 0.172
0 0.530 0.759 0.042 0.118
0 0.584 0.770 0.039 0.217
0 0.667 0.738 0.032 0.198
1 0.035 0.271 0.021 0.028
1 0.360 0.715 0.025 0.041
1 0.449 0.758 0.020 0.044
1 0.481 0.858 0.025 0.047
1 0.528 0.722 0.018 0.040
1 0.587 0.684 0.025 0.040
1 0.668 0.658 0.022 0.037
2 0.036 0.327 0.023 0.068
2 0.361 0.773 0.026 0.083
2 0.448 0.810 0.027 0.054
2 0.529 0.753 0.026 0.041
2 0.583 0.743 0.027 0.065
2 0.660 0.721 0.023 0.077
2 0.484 0.919 0.039 0.083
7 0.883 0.463 0.087 0.163
7 0.283 0.662 0.080 0.129
7 0.032 0.568 0.062 0.146
7 0.028 0.829 0.055 0.134
11 0.026 0.655 0.052 0.108
