0 0.646 0.579 0.035 0.160
0 0.688 0.390 0.041 0.095
0 0.907 0.562 0.042 0.081
1 0.922 0.633 0.020 0.033
10 0.782 0.676 0.033 0.044
1 0.650 0.510 0.025 0.027
2 0.645 0.573 0.033 0.083
10 0.561 0.567 0.034 0.145
2 0.903 0.570 0.026 0.049
0 0.117 0.375 0.036 0.169
3 0.096 0.935 0.152 0.131
1 0.691 0.367 0.015 0.028
2 0.117 0.353 0.021 0.069
1 0.110 0.303 0.018 0.024
5 0.974 0.165 0.051 0.075
0 0.058 0.141 0.032 0.073
0 0.104 0.054 0.023 0.106
0 0.814 0.090 0.024 0.123
2 0.103 0.035 0.020 0.047
2 0.816 0.072 0.014 0.053
10 0.611 0.576 0.031 0.171
0 0.718 0.462 0.034 0.156
