0 0.431 0.626 0.044 0.161
0 0.520 0.677 0.037 0.176
0 0.207 0.705 0.040 0.079
0 0.288 0.191 0.030 0.064
0 0.155 0.194 0.023 0.079
2 0.429 0.595 0.021 0.067
1 0.508 0.596 0.016 0.021
2 0.521 0.643 0.024 0.046
1 0.444 0.557 0.014 0.026
2 0.283 0.196 0.011 0.041
2 0.156 0.191 0.010 0.031
1 0.160 0.164 0.007 0.011
1 0.290 0.170 0.008 0.012
1 0.207 0.687 0.015 0.021
4 0.818 0.706 0.157 0.117
4 0.829 0.851 0.209 0.097
4 0.378 0.679 0.052 0.100
4 0.383 0.779 0.065 0.086
3 0.572 0.685 0.073 0.076
4 0.687 0.220 0.051 0.065
4 0.693 0.288 0.059 0.066
