0 0.534 0.350 0.027 0.145
0 0.501 0.347 0.024 0.136
0 0.390 0.698 0.026 0.068
0 0.571 0.630 0.049 0.156
0 0.288 0.206 0.020 0.117
0 0.252 0.214 0.025 0.125
0 0.130 0.951 0.029 0.098
0 0.457 0.163 0.016 0.063
3 0.700 0.825 0.044 0.097
3 0.400 0.832 0.084 0.202
3 0.424 0.587 0.069 0.105
3 0.909 0.473 0.074 0.148
4 0.498 0.234 0.087 0.084
4 0.479 0.567 0.176 0.055
4 0.520 0.747 0.207 0.081
10 0.995 0.594 0.010 0.082
11 0.834 0.759 0.095 0.094
9 0.329 0.218 0.081 0.070
9 0.529 0.665 0.086 0.097
4 0.904 0.705 0.192 0.124
4 0.950 0.900 0.099 0.201
4 0.588 0.522 0.179 0.091
1 0.127 0.921 0.022 0.028
2 0.130 0.971 0.030 0.058
1 0.555 0.566 0.018 0.022
2 0.534 0.329 0.019 0.056
0 0.070 0.831 0.048 0.139
1 0.388 0.678 0.019 0.024
0 0.949 0.123 0.042 0.074
4 0.866 0.089 0.090 0.066
0 0.500 0.264 0.024 0.037
10 0.530 0.031 0.019 0.058
0 0.267 0.012 0.010 0.021
2 0.287 0.190 0.017 0.049
2 0.500 0.327 0.023 0.054
4 0.009 0.153 0.018 0.064
4 0.415 0.251 0.078 0.133
2 0.392 0.709 0.022 0.043
2 0.576 0.615 0.036 0.076
1 0.505 0.286 0.013 0.017
1 0.506 0.258 0.013 0.016
1 0.531 0.288 0.016 0.016
1 0.457 0.138 0.010 0.015
2 0.457 0.170 0.013 0.043
1 0.289 0.158 0.007 0.014
1 0.247 0.163 0.012 0.018
2 0.247 0.182 0.014 0.019
