0 0.086 0.795 0.083 0.243
0 0.208 0.699 0.059 0.238
1 0.202 0.618 0.029 0.044
1 0.059 0.715 0.021 0.031
2 0.206 0.681 0.036 0.081
2 0.087 0.771 0.050 0.075
7 0.328 0.149 0.089 0.201
7 0.504 0.151 0.084 0.170
7 0.468 0.303 0.085 0.078
7 0.653 0.317 0.120 0.141
7 0.682 0.183 0.090 0.123
7 0.542 0.573 0.099 0.142
7 0.336 0.660 0.087 0.126
7 0.328 0.876 0.268 0.215
7 0.091 0.790 0.180 0.187
7 0.790 0.784 0.100 0.189
7 0.878 0.929 0.123 0.143
7 0.958 0.522 0.084 0.156
9 0.208 0.170 0.109 0.174
9 0.070 0.212 0.138 0.155
