0 0.485 0.564 0.044 0.175
0 0.320 0.949 0.029 0.102
11 0.545 0.439 0.143 0.159
11 0.569 0.556 0.090 0.137
1 0.321 0.915 0.017 0.035
1 0.471 0.491 0.014 0.020
13 0.254 0.257 0.219 0.503
14 0.224 0.445 0.013 0.071
14 0.275 0.277 0.012 0.065
7 0.093 0.068 0.065 0.134
7 0.393 0.112 0.089 0.189
7 0.525 0.096 0.145 0.180
7 0.650 0.184 0.147 0.228
7 0.767 0.090 0.152 0.135
7 0.730 0.618 0.163 0.246
7 0.435 0.331 0.152 0.216
7 0.717 0.821 0.186 0.193
7 0.863 0.759 0.072 0.234
7 0.943 0.806 0.114 0.239
2 0.320 0.965 0.019 0.052
2 0.482 0.540 0.028 0.074
7 0.655 0.039 0.068 0.076
7 0.032 0.057 0.051 0.100
3 0.976 0.334 0.048 0.342
3 0.966 0.627 0.068 0.116
