0 0.350 0.956 0.043 0.089
0 0.575 0.565 0.028 0.186
11 0.589 0.436 0.147 0.160
11 0.624 0.561 0.070 0.147
1 0.354 0.925 0.017 0.030
1 0.576 0.486 0.016 0.027
13 0.294 0.265 0.215 0.525
14 0.269 0.441 0.016 0.080
14 0.320 0.278 0.014 0.075
7 0.145 0.056 0.069 0.110
7 0.437 0.114 0.090 0.206
7 0.570 0.094 0.150 0.174
7 0.692 0.189 0.145 0.235
7 0.813 0.087 0.151 0.131
7 0.776 0.613 0.167 0.232
7 0.765 0.823 0.201 0.192
7 0.911 0.769 0.069 0.243
7 0.966 0.809 0.068 0.236
7 0.481 0.324 0.148 0.200
2 0.573 0.537 0.023 0.070
2 0.355 0.963 0.028 0.048
7 0.699 0.041 0.062 0.081
7 0.079 0.048 0.055 0.090
3 0.988 0.648 0.023 0.144
