0 0.010 0.136 0.017 0.055
0 0.045 0.156 0.027 0.050
0 0.096 0.264 0.031 0.082
0 0.523 0.083 0.026 0.118
0 0.344 0.037 0.029 0.052
0 0.786 0.069 0.021 0.126
0 0.694 0.337 0.039 0.164
0 0.530 0.179 0.031 0.056
0 0.249 0.948 0.079 0.105
0 0.504 0.031 0.014 0.044
10 0.287 0.348 0.028 0.096
14 0.065 0.070 0.030 0.048
3 0.559 0.947 0.171 0.106
3 0.338 0.957 0.173 0.086
2 0.698 0.313 0.027 0.065
2 0.786 0.050 0.016 0.042
2 0.521 0.070 0.015 0.052
2 0.525 0.178 0.016 0.031
2 0.351 0.030 0.010 0.025
2 0.235 0.960 0.025 0.070
2 0.090 0.263 0.020 0.042
2 0.040 0.152 0.016 0.040
2 0.007 0.144 0.011 0.030
1 0.051 0.137 0.006 0.012
1 0.100 0.242 0.009 0.019
1 0.334 0.146 0.009 0.011
1 0.251 0.914 0.021 0.034
1 0.686 0.265 0.014 0.017
1 0.522 0.032 0.010 0.018
1 0.539 0.161 0.011 0.019
1 0.337 0.024 0.009 0.018
0 0.334 0.165 0.016 0.052
