0 0.187 0.250 0.047 0.179
0 0.050 0.565 0.039 0.221
0 0.543 0.534 0.047 0.207
0 0.957 0.749 0.061 0.213
0 0.970 0.204 0.042 0.138
0 0.824 0.147 0.039 0.126
0 0.850 0.152 0.038 0.122
1 0.054 0.482 0.027 0.038
1 0.189 0.195 0.018 0.031
1 0.545 0.453 0.020 0.036
1 0.941 0.672 0.025 0.035
2 0.051 0.552 0.034 0.093
2 0.193 0.237 0.027 0.069
2 0.543 0.502 0.032 0.083
2 0.955 0.721 0.033 0.061
2 0.836 0.145 0.044 0.049
2 0.971 0.195 0.022 0.061
1 0.830 0.101 0.034 0.037
1 0.992 0.507 0.016 0.031
0 0.989 0.609 0.023 0.225
2 0.994 0.575 0.012 0.085
11 0.224 0.169 0.068 0.104
4 0.100 0.350 0.167 0.140
4 0.157 0.449 0.076 0.120
4 0.173 0.586 0.160 0.114
4 0.642 0.608 0.127 0.153
11 0.619 0.273 0.074 0.078
1 0.965 0.151 0.016 0.027
