0 0.715 0.276 0.037 0.231
0 0.628 0.252 0.031 0.133
0 0.573 0.275 0.022 0.112
0 0.912 0.247 0.028 0.135
0 0.943 0.262 0.026 0.145
2 0.715 0.258 0.032 0.081
2 0.623 0.237 0.015 0.035
2 0.570 0.247 0.012 0.047
1 0.623 0.197 0.011 0.012
1 0.716 0.187 0.019 0.020
2 0.910 0.228 0.019 0.044
2 0.942 0.241 0.020 0.053
1 0.915 0.187 0.016 0.019
1 0.945 0.196 0.015 0.020
5 0.477 0.496 0.452 0.276
5 0.838 0.321 0.102 0.084
5 0.056 0.785 0.106 0.412
5 0.134 0.370 0.263 0.148
10 0.540 0.193 0.069 0.057
14 0.758 0.167 0.045 0.035
14 0.891 0.144 0.066 0.029
14 0.677 0.028 0.119 0.055
13 0.696 0.159 0.078 0.069
