5 0.918 0.936 0.164 0.103
5 0.591 0.394 0.124 0.083
5 0.888 0.735 0.224 0.132
5 0.680 0.605 0.463 0.046
0 0.616 0.446 0.051 0.049
0 0.646 0.438 0.023 0.139
0 0.611 0.502 0.029 0.091
0 0.613 0.594 0.022 0.136
0 0.601 0.769 0.031 0.177
0 0.864 0.490 0.043 0.146
0 0.196 0.175 0.019 0.091
2 0.613 0.594 0.030 0.065
2 0.609 0.752 0.029 0.099
2 0.863 0.484 0.018 0.081
2 0.626 0.451 0.029 0.058
2 0.607 0.506 0.018 0.047
2 0.650 0.431 0.019 0.068
1 0.847 0.445 0.013 0.020
1 0.598 0.702 0.018 0.039
1 0.622 0.544 0.014 0.052
1 0.600 0.468 0.009 0.024
1 0.605 0.444 0.016 0.040
1 0.643 0.388 0.014 0.029
1 0.186 0.140 0.011 0.017
2 0.197 0.172 0.013 0.036
3 0.251 0.626 0.110 0.130
3 0.251 0.369 0.064 0.067
3 0.212 0.450 0.046 0.106
7 0.262 0.493 0.062 0.093
11 0.638 0.337 0.070 0.065
