1 0.715 0.079 0.003 0.005
1 0.719 0.080 0.003 0.005
1 0.727 0.082 0.004 0.006
1 0.732 0.083 0.004 0.006
0 0.715 0.092 0.004 0.029
0 0.719 0.094 0.004 0.033
0 0.725 0.099 0.006 0.037
0 0.731 0.103 0.006 0.044
0 0.683 0.084 0.004 0.017
1 0.683 0.078 0.003 0.005
2 0.684 0.085 0.004 0.009
2 0.715 0.089 0.004 0.009
2 0.725 0.096 0.005 0.016
2 0.730 0.098 0.006 0.017
5 0.539 0.165 0.164 0.129
7 0.352 0.217 0.257 0.262
11 0.701 0.114 0.041 0.043
10 0.184 0.054 0.041 0.045
10 0.226 0.050 0.031 0.080
10 0.392 0.061 0.015 0.038
13 0.861 0.221 0.264 0.266
13 0.907 0.525 0.186 0.731
14 0.914 0.390 0.043 0.135
