0 0.093 0.426 0.049 0.227
0 0.181 0.420 0.059 0.230
0 0.487 0.141 0.036 0.171
0 0.362 0.085 0.033 0.160
0 0.588 0.085 0.029 0.148
0 0.663 0.225 0.049 0.116
0 0.918 0.036 0.051 0.068
10 0.871 0.189 0.073 0.188
3 0.112 0.647 0.189 0.206
3 0.343 0.595 0.156 0.144
1 0.091 0.333 0.020 0.045
1 0.172 0.323 0.021 0.031
1 0.491 0.062 0.015 0.019
1 0.590 0.025 0.014 0.023
1 0.656 0.186 0.014 0.038
2 0.094 0.403 0.035 0.091
2 0.167 0.391 0.031 0.078
2 0.357 0.053 0.024 0.069
2 0.488 0.119 0.030 0.076
2 0.586 0.079 0.021 0.083
2 0.910 0.031 0.028 0.051
