0 0.843 0.160 0.014 0.031
0 0.917 0.180 0.013 0.068
0 0.965 0.248 0.044 0.196
0 0.646 0.127 0.010 0.027
1 0.977 0.163 0.019 0.040
2 0.963 0.213 0.026 0.077
2 0.917 0.169 0.008 0.023
2 0.844 0.163 0.009 0.019
5 0.411 0.362 0.285 0.205
5 0.588 0.262 0.079 0.058
5 0.524 0.415 0.046 0.062
5 0.669 0.325 0.194 0.165
5 0.655 0.452 0.146 0.097
5 0.570 0.610 0.197 0.223
13 0.708 0.169 0.059 0.041
10 0.205 0.072 0.048 0.076
14 0.574 0.058 0.039 0.017
14 0.645 0.062 0.049 0.021
14 0.349 0.033 0.247 0.064
14 0.783 0.116 0.064 0.020
9 0.480 0.217 0.052 0.070
