0 0.423 0.226 0.027 0.054
0 0.484 0.358 0.026 0.056
0 0.815 0.328 0.029 0.056
0 0.964 0.337 0.032 0.054
0 0.810 0.206 0.018 0.112
0 0.861 0.087 0.015 0.076
0 0.634 0.097 0.018 0.045
0 0.673 0.187 0.026 0.052
0 0.207 0.169 0.020 0.061
11 0.304 0.195 0.094 0.092
1 0.807 0.308 0.011 0.018
1 0.814 0.159 0.010 0.012
1 0.429 0.207 0.009 0.019
1 0.666 0.169 0.007 0.014
1 0.492 0.337 0.007 0.015
14 0.176 0.138 0.022 0.042
14 0.468 0.161 0.027 0.043
14 0.596 0.069 0.013 0.034
2 0.481 0.354 0.020 0.033
2 0.418 0.229 0.014 0.038
2 0.210 0.175 0.012 0.040
2 0.635 0.094 0.013 0.026
2 0.677 0.181 0.015 0.030
2 0.960 0.334 0.020 0.028
2 0.859 0.081 0.012 0.051
10 0.374 0.138 0.014 0.045
10 0.655 0.485 0.023 0.099
1 0.971 0.320 0.008 0.015
