0 0.566 0.166 0.045 0.219
0 0.914 0.294 0.038 0.224
0 0.984 0.861 0.032 0.258
1 0.569 0.083 0.023 0.043
1 0.921 0.214 0.026 0.042
2 0.990 0.832 0.021 0.109
2 0.917 0.278 0.026 0.084
2 0.561 0.153 0.037 0.092
7 0.048 0.115 0.096 0.156
7 0.399 0.329 0.209 0.173
7 0.564 0.557 0.216 0.225
7 0.521 0.124 0.125 0.228
7 0.275 0.818 0.140 0.282
7 0.190 0.614 0.097 0.223
7 0.485 0.711 0.123 0.223
7 0.518 0.897 0.139 0.206
7 0.720 0.888 0.146 0.224
7 0.875 0.312 0.082 0.156
7 0.856 0.138 0.090 0.135
7 0.962 0.239 0.077 0.117
11 0.556 0.045 0.133 0.089
