0 0.028 0.643 0.024 0.072
0 0.202 0.188 0.019 0.068
0 0.571 0.188 0.017 0.078
0 0.586 0.167 0.019 0.075
0 0.672 0.178 0.014 0.080
0 0.634 0.395 0.022 0.114
0 0.656 0.412 0.020 0.093
0 0.783 0.626 0.035 0.165
0 0.806 0.533 0.026 0.153
0 0.786 0.494 0.022 0.107
0 0.848 0.695 0.032 0.156
0 0.883 0.837 0.035 0.150
0 0.027 0.189 0.024 0.068
0 0.921 0.550 0.034 0.132
3 0.730 0.858 0.260 0.284
4 0.281 0.344 0.080 0.067
4 0.584 0.472 0.108 0.094
4 0.701 0.443 0.064 0.122
1 0.571 0.159 0.013 0.026
1 0.585 0.141 0.014 0.020
1 0.630 0.348 0.010 0.028
1 0.657 0.380 0.011 0.022
1 0.672 0.146 0.013 0.012
1 0.781 0.560 0.022 0.038
1 0.807 0.475 0.014 0.026
1 0.787 0.463 0.016 0.028
1 0.847 0.631 0.019 0.035
1 0.887 0.777 0.015 0.036
1 0.923 0.492 0.018 0.029
2 0.780 0.604 0.022 0.069
2 0.849 0.677 0.020 0.051
2 0.925 0.541 0.022 0.049
2 0.633 0.387 0.016 0.050
2 0.802 0.517 0.018 0.053
2 0.883 0.825 0.024 0.061
2 0.570 0.181 0.011 0.037
2 0.585 0.169 0.010 0.035
2 0.672 0.176 0.009 0.036
