0 0.569 0.488 0.045 0.263
0 0.289 0.689 0.081 0.231
0 0.055 0.064 0.039 0.114
0 0.015 0.086 0.026 0.168
0 0.165 0.315 0.079 0.120
0 0.267 0.184 0.040 0.156
0 0.104 0.043 0.039 0.081
0 0.823 0.059 0.035 0.108
4 0.310 0.316 0.261 0.126
2 0.264 0.178 0.031 0.079
2 0.160 0.300 0.038 0.062
2 0.567 0.450 0.033 0.094
2 0.297 0.650 0.041 0.095
2 0.051 0.069 0.029 0.067
2 0.014 0.044 0.024 0.069
1 0.264 0.125 0.019 0.027
1 0.563 0.375 0.023 0.029
1 0.301 0.582 0.023 0.027
1 0.047 0.020 0.014 0.023
1 0.109 0.013 0.015 0.023
7 0.518 0.823 0.421 0.354
