0 0.759 0.465 0.016 0.069
0 0.995 0.423 0.011 0.046
1 0.759 0.436 0.007 0.011
1 0.997 0.406 0.005 0.010
1 0.556 0.521 0.008 0.017
2 0.557 0.537 0.009 0.017
2 0.760 0.457 0.010 0.029
2 0.995 0.426 0.010 0.031
3 0.070 0.133 0.035 0.048
3 0.095 0.123 0.030 0.045
3 0.036 0.175 0.035 0.055
4 0.447 0.664 0.048 0.079
4 0.383 0.667 0.059 0.067
4 0.548 0.650 0.127 0.072
4 0.577 0.679 0.083 0.070
4 0.642 0.750 0.108 0.075
4 0.633 0.797 0.111 0.086
4 0.628 0.858 0.101 0.071
4 0.626 0.906 0.099 0.091
4 0.769 0.750 0.059 0.079
4 0.764 0.826 0.080 0.080
4 0.754 0.870 0.079 0.061
4 0.740 0.918 0.080 0.082
4 0.742 0.975 0.061 0.050
4 0.895 0.715 0.141 0.063
4 0.897 0.800 0.153 0.099
4 0.837 0.869 0.057 0.043
4 0.920 0.882 0.126 0.072
4 0.910 0.936 0.130 0.079
4 0.902 0.955 0.195 0.090
0 0.559 0.536 0.013 0.044
