0 0.796 0.801 0.045 0.201
0 0.777 0.958 0.051 0.084
0 0.240 0.959 0.052 0.079
0 0.127 0.915 0.054 0.140
0 0.076 0.954 0.033 0.093
0 0.385 0.948 0.031 0.105
0 0.054 0.116 0.042 0.155
0 0.098 0.085 0.046 0.154
0 0.389 0.252 0.078 0.200
1 0.046 0.053 0.014 0.018
1 0.088 0.031 0.022 0.026
1 0.406 0.172 0.029 0.026
1 0.788 0.722 0.024 0.027
1 0.785 0.934 0.015 0.036
1 0.666 0.982 0.018 0.035
1 0.388 0.913 0.018 0.049
1 0.245 0.942 0.024 0.025
1 0.128 0.864 0.030 0.030
1 0.074 0.951 0.018 0.035
2 0.398 0.236 0.044 0.082
2 0.096 0.073 0.024 0.037
2 0.050 0.081 0.025 0.033
2 0.122 0.934 0.035 0.077
2 0.242 0.981 0.028 0.027
2 0.786 0.778 0.024 0.086
2 0.768 0.978 0.032 0.041
7 0.598 0.685 0.079 0.144
7 0.027 0.885 0.052 0.113
7 0.106 0.925 0.047 0.070
