11 0.353 0.558 0.146 0.168
11 0.378 0.681 0.092 0.147
13 0.106 0.293 0.206 0.579
14 0.030 0.542 0.016 0.081
14 0.085 0.378 0.013 0.065
7 0.058 0.032 0.106 0.063
7 0.206 0.218 0.090 0.207
7 0.343 0.208 0.148 0.181
7 0.463 0.307 0.153 0.239
7 0.472 0.152 0.062 0.094
7 0.585 0.200 0.163 0.170
7 0.247 0.435 0.153 0.204
7 0.536 0.740 0.161 0.256
7 0.521 0.922 0.188 0.156
7 0.660 0.888 0.062 0.223
7 0.776 0.906 0.169 0.189
7 0.901 0.859 0.069 0.281
5 0.799 0.200 0.289 0.181
3 0.815 0.476 0.114 0.349
3 0.806 0.778 0.141 0.124
