0 0.265 0.425 0.027 0.089
0 0.332 0.450 0.027 0.088
0 0.365 0.486 0.028 0.101
0 0.414 0.459 0.031 0.098
0 0.521 0.486 0.031 0.119
0 0.450 0.156 0.019 0.071
0 0.474 0.149 0.014 0.073
0 0.727 0.486 0.036 0.070
4 0.811 0.460 0.128 0.127
4 0.683 0.318 0.071 0.059
4 0.286 0.586 0.136 0.120
3 0.432 0.310 0.139 0.125
3 0.663 0.215 0.046 0.079
4 0.830 0.116 0.060 0.081
7 0.414 0.655 0.129 0.117
7 0.241 0.741 0.113 0.091
7 0.057 0.892 0.083 0.123
7 0.349 0.941 0.099 0.118
7 0.551 0.688 0.072 0.140
7 0.674 0.724 0.064 0.088
7 0.677 0.801 0.054 0.101
7 0.745 0.596 0.109 0.148
3 0.862 0.614 0.093 0.103
1 0.515 0.441 0.016 0.028
1 0.418 0.419 0.012 0.020
1 0.719 0.458 0.015 0.022
1 0.266 0.389 0.011 0.023
1 0.324 0.415 0.013 0.021
1 0.362 0.444 0.009 0.021
1 0.452 0.129 0.010 0.019
11 0.465 0.390 0.065 0.048
11 0.615 0.346 0.049 0.052
2 0.518 0.477 0.023 0.042
2 0.412 0.448 0.016 0.048
2 0.364 0.481 0.018 0.044
2 0.332 0.438 0.017 0.033
2 0.731 0.482 0.016 0.044
2 0.452 0.149 0.013 0.031
2 0.472 0.147 0.011 0.032
