0 0.021 0.217 0.027 0.118
0 0.057 0.212 0.036 0.134
0 0.080 0.196 0.036 0.227
0 0.155 0.351 0.051 0.213
0 0.399 0.574 0.058 0.164
0 0.382 0.239 0.046 0.108
0 0.643 0.102 0.040 0.121
2 0.021 0.217 0.024 0.056
2 0.065 0.217 0.027 0.063
2 0.078 0.147 0.025 0.079
2 0.156 0.318 0.020 0.089
2 0.392 0.586 0.024 0.101
2 0.647 0.107 0.022 0.061
1 0.021 0.174 0.023 0.044
1 0.078 0.093 0.017 0.031
1 0.058 0.156 0.018 0.037
1 0.161 0.272 0.014 0.036
1 0.397 0.517 0.023 0.032
1 0.378 0.218 0.015 0.018
1 0.646 0.061 0.019 0.032
11 0.045 0.132 0.081 0.106
4 0.044 0.310 0.085 0.131
4 0.089 0.409 0.097 0.124
4 0.158 0.495 0.121 0.156
4 0.587 0.426 0.098 0.157
11 0.452 0.129 0.082 0.094
