0 0.790 0.966 0.065 0.069
0 0.407 0.373 0.058 0.229
0 0.524 0.131 0.039 0.207
2 0.793 0.987 0.031 0.027
2 0.406 0.354 0.037 0.085
2 0.528 0.102 0.028 0.062
0 0.101 0.039 0.035 0.076
1 0.409 0.279 0.020 0.026
1 0.522 0.042 0.019 0.026
1 0.777 0.948 0.034 0.031
7 0.201 0.801 0.224 0.193
7 0.459 0.937 0.149 0.127
7 0.046 0.517 0.092 0.212
7 0.046 0.050 0.091 0.098
7 0.732 0.217 0.067 0.138
7 0.657 0.328 0.069 0.173
9 0.743 0.106 0.116 0.092
9 0.730 0.027 0.079 0.053
7 0.505 0.586 0.194 0.178
7 0.187 0.083 0.063 0.089
7 0.435 0.368 0.116 0.149
