0 0.269 0.724 0.014 0.029
0 0.251 0.396 0.010 0.039
0 0.446 0.365 0.008 0.027
0 0.524 0.260 0.011 0.030
0 0.576 0.384 0.008 0.026
0 0.622 0.315 0.008 0.025
0 0.740 0.292 0.007 0.025
1 0.267 0.719 0.006 0.009
2 0.270 0.728 0.008 0.009
1 0.249 0.383 0.004 0.006
1 0.445 0.354 0.003 0.005
1 0.622 0.306 0.003 0.005
1 0.742 0.284 0.002 0.005
5 0.535 0.693 0.132 0.164
5 0.308 0.876 0.102 0.248
5 0.226 0.551 0.046 0.104
5 0.179 0.550 0.028 0.070
4 0.338 0.416 0.033 0.049
6 0.374 0.432 0.028 0.032
5 0.345 0.651 0.091 0.162
5 0.407 0.846 0.072 0.217
6 0.731 0.460 0.052 0.060
10 0.570 0.333 0.012 0.024
10 0.223 0.614 0.022 0.032
14 0.268 0.120 0.089 0.032
14 0.224 0.696 0.030 0.031
13 0.898 0.588 0.173 0.825
11 0.387 0.336 0.018 0.013
2 0.446 0.362 0.003 0.008
1 0.523 0.252 0.003 0.006
