0 0.425 0.408 0.019 0.067
0 0.544 0.357 0.018 0.062
0 0.807 0.308 0.018 0.068
0 0.825 0.311 0.025 0.067
0 0.951 0.078 0.019 0.065
0 0.009 0.066 0.013 0.044
4 0.510 0.933 0.072 0.127
4 0.589 0.874 0.067 0.126
4 0.592 0.757 0.081 0.121
4 0.609 0.689 0.074 0.081
4 0.610 0.610 0.051 0.068
11 0.505 0.266 0.041 0.063
13 0.980 0.066 0.033 0.073
1 0.544 0.331 0.006 0.013
1 0.420 0.382 0.007 0.011
1 0.814 0.281 0.007 0.013
1 0.830 0.285 0.008 0.011
2 0.423 0.399 0.012 0.022
2 0.951 0.067 0.009 0.025
1 0.955 0.051 0.006 0.012
2 0.829 0.305 0.013 0.030
2 0.809 0.299 0.011 0.029
2 0.542 0.350 0.010 0.023
14 0.532 0.174 0.017 0.024
14 0.353 0.175 0.018 0.021
14 0.441 0.173 0.018 0.019
14 0.273 0.186 0.017 0.021
14 0.620 0.170 0.018 0.020
14 0.712 0.171 0.019 0.025
