0 0.099 0.793 0.043 0.144
0 0.281 0.208 0.015 0.087
0 0.409 0.268 0.028 0.069
0 0.491 0.217 0.021 0.047
0 0.532 0.209 0.016 0.056
0 0.593 0.167 0.009 0.051
0 0.838 0.453 0.024 0.103
0 0.815 0.279 0.032 0.105
1 0.094 0.734 0.018 0.026
1 0.427 0.919 0.024 0.035
1 0.835 0.411 0.019 0.020
1 0.807 0.237 0.011 0.031
1 0.381 0.199 0.014 0.015
0 0.429 0.941 0.059 0.106
0 0.255 0.281 0.023 0.082
0 0.377 0.220 0.030 0.082
0 0.655 0.200 0.053 0.055
0 0.949 0.574 0.026 0.120
2 0.103 0.778 0.023 0.062
2 0.257 0.274 0.016 0.028
2 0.381 0.219 0.014 0.030
2 0.812 0.267 0.016 0.046
2 0.830 0.437 0.011 0.047
2 0.948 0.558 0.027 0.051
11 0.152 0.807 0.071 0.105
11 0.546 0.824 0.077 0.098
