0 0.543 0.180 0.023 0.051
0 0.512 0.440 0.028 0.073
0 0.570 0.469 0.029 0.077
0 0.315 0.641 0.042 0.060
0 0.375 0.060 0.013 0.069
0 0.440 0.046 0.023 0.057
0 0.425 0.103 0.018 0.051
0 0.601 0.212 0.022 0.075
0 0.534 0.070 0.016 0.064
1 0.518 0.427 0.015 0.023
1 0.571 0.444 0.011 0.022
1 0.600 0.181 0.013 0.022
1 0.439 0.031 0.011 0.019
1 0.373 0.040 0.008 0.014
1 0.532 0.049 0.008 0.019
1 0.542 0.163 0.011 0.016
1 0.339 0.624 0.018 0.028
4 0.068 0.835 0.089 0.086
2 0.573 0.475 0.013 0.042
2 0.541 0.181 0.008 0.012
10 0.026 0.549 0.018 0.043
2 0.315 0.637 0.024 0.041
2 0.600 0.208 0.013 0.024
10 0.437 0.194 0.016 0.066
10 0.297 0.157 0.030 0.060
0 0.054 0.081 0.017 0.059
