0 0.098 0.225 0.032 0.181
0 0.136 0.225 0.031 0.099
0 0.120 0.144 0.035 0.065
0 0.126 0.115 0.032 0.106
0 0.152 0.119 0.007 0.099
0 0.171 0.142 0.028 0.144
0 0.321 0.334 0.035 0.144
0 0.372 0.832 0.070 0.235
0 0.639 0.615 0.040 0.268
0 0.859 0.108 0.052 0.090
0 0.910 0.145 0.040 0.193
0 0.242 0.472 0.058 0.098
4 0.394 0.462 0.264 0.120
2 0.375 0.797 0.039 0.095
2 0.642 0.581 0.032 0.103
2 0.901 0.113 0.017 0.065
2 0.850 0.083 0.024 0.041
2 0.315 0.325 0.021 0.077
2 0.243 0.455 0.035 0.055
2 0.097 0.201 0.027 0.075
2 0.161 0.113 0.011 0.044
2 0.124 0.125 0.015 0.040
1 0.167 0.077 0.010 0.014
1 0.118 0.081 0.014 0.030
1 0.109 0.113 0.011 0.018
1 0.096 0.147 0.015 0.030
1 0.321 0.273 0.016 0.020
1 0.376 0.724 0.020 0.025
1 0.639 0.499 0.025 0.033
1 0.924 0.070 0.011 0.022
1 0.876 0.082 0.017 0.026
7 0.638 0.894 0.359 0.211
4 0.663 0.020 0.142 0.038
