14 0.224 0.039 0.036 0.049
11 0.373 0.660 0.147 0.173
11 0.396 0.776 0.091 0.144
13 0.118 0.391 0.234 0.647
14 0.048 0.660 0.013 0.080
14 0.101 0.493 0.011 0.074
13 0.103 0.053 0.205 0.098
7 0.074 0.123 0.102 0.082
7 0.221 0.329 0.089 0.196
7 0.357 0.305 0.153 0.176
7 0.476 0.403 0.143 0.238
7 0.484 0.247 0.064 0.098
7 0.599 0.296 0.151 0.206
7 0.265 0.540 0.149 0.204
7 0.557 0.831 0.158 0.231
7 0.542 0.968 0.191 0.064
7 0.693 0.925 0.078 0.136
7 0.807 0.949 0.155 0.102
7 0.930 0.887 0.066 0.225
5 0.813 0.273 0.274 0.156
3 0.833 0.551 0.113 0.355
3 0.828 0.842 0.140 0.132
