14 0.445 0.212 0.027 0.052
0 0.470 0.408 0.030 0.051
0 0.403 0.275 0.029 0.047
0 0.111 0.241 0.022 0.050
0 0.502 0.206 0.018 0.106
0 0.546 0.181 0.014 0.094
0 0.577 0.198 0.019 0.095
0 0.650 0.221 0.022 0.047
0 0.623 0.130 0.020 0.053
0 0.785 0.346 0.028 0.069
0 0.934 0.329 0.020 0.065
11 0.286 0.261 0.091 0.074
1 0.104 0.226 0.008 0.015
1 0.402 0.261 0.009 0.018
1 0.479 0.393 0.010 0.022
1 0.546 0.142 0.007 0.013
1 0.577 0.157 0.009 0.013
1 0.643 0.204 0.007 0.014
1 0.780 0.323 0.009 0.020
1 0.940 0.302 0.010 0.014
1 0.500 0.160 0.009 0.015
14 0.153 0.222 0.021 0.041
14 0.570 0.107 0.012 0.039
2 0.396 0.283 0.013 0.031
2 0.464 0.406 0.021 0.035
2 0.503 0.184 0.009 0.025
2 0.544 0.173 0.012 0.035
2 0.623 0.129 0.013 0.038
2 0.936 0.327 0.019 0.037
10 0.644 0.514 0.026 0.084
10 0.351 0.206 0.018 0.043
