0 0.587 0.504 0.043 0.257
0 0.218 0.320 0.073 0.124
0 0.063 0.155 0.027 0.089
0 0.101 0.167 0.033 0.099
0 0.028 0.094 0.038 0.178
0 0.085 0.037 0.034 0.073
0 0.102 0.756 0.051 0.232
4 0.352 0.318 0.228 0.114
2 0.593 0.467 0.036 0.103
2 0.214 0.292 0.050 0.066
2 0.102 0.173 0.027 0.060
2 0.064 0.156 0.023 0.041
2 0.027 0.065 0.030 0.070
1 0.582 0.392 0.024 0.028
1 0.090 0.654 0.027 0.041
1 0.070 0.120 0.016 0.030
1 0.090 0.128 0.015 0.021
1 0.021 0.009 0.011 0.012
2 0.099 0.723 0.027 0.082
7 0.541 0.821 0.395 0.351
7 0.900 0.950 0.104 0.101
