5 0.671 0.471 0.110 0.072
5 0.911 0.836 0.178 0.116
5 0.631 0.686 0.189 0.101
0 0.287 0.198 0.036 0.097
0 0.280 0.478 0.046 0.157
0 0.686 0.557 0.034 0.127
0 0.728 0.508 0.030 0.156
0 0.940 0.616 0.051 0.176
0 0.929 0.879 0.042 0.193
2 0.941 0.599 0.030 0.056
2 0.933 0.861 0.026 0.100
2 0.690 0.549 0.016 0.062
2 0.722 0.491 0.024 0.057
1 0.727 0.461 0.013 0.035
1 0.674 0.518 0.015 0.031
1 0.927 0.571 0.024 0.047
1 0.935 0.797 0.019 0.040
1 0.279 0.417 0.006 0.021
1 0.283 0.172 0.026 0.031
2 0.287 0.457 0.020 0.087
2 0.285 0.194 0.020 0.042
3 0.327 0.602 0.103 0.155
3 0.333 0.372 0.079 0.079
3 0.224 0.398 0.018 0.067
3 0.313 0.502 0.085 0.219
3 0.060 0.618 0.071 0.132
4 0.073 0.077 0.099 0.109
4 0.075 0.499 0.120 0.097
4 0.686 0.306 0.111 0.100
4 0.533 0.031 0.053 0.061
7 0.346 0.523 0.074 0.109
11 0.711 0.406 0.045 0.067
