0 0.831 0.422 0.022 0.103
0 0.418 0.368 0.026 0.121
0 0.624 0.372 0.013 0.041
0 0.636 0.418 0.017 0.061
0 0.682 0.390 0.022 0.070
0 0.860 0.410 0.017 0.094
0 0.943 0.391 0.009 0.031
2 0.421 0.354 0.013 0.044
2 0.634 0.402 0.011 0.019
2 0.625 0.380 0.013 0.017
2 0.679 0.387 0.010 0.029
1 0.420 0.319 0.005 0.006
1 0.681 0.363 0.008 0.016
1 0.625 0.356 0.007 0.007
1 0.837 0.382 0.008 0.017
1 0.866 0.375 0.007 0.013
2 0.827 0.415 0.014 0.043
2 0.943 0.391 0.007 0.011
5 0.319 0.755 0.630 0.490
3 0.450 0.427 0.097 0.103
5 0.663 0.494 0.132 0.070
10 0.276 0.376 0.033 0.087
10 0.593 0.355 0.034 0.039
11 0.114 0.389 0.190 0.057
10 0.913 0.391 0.013 0.024
14 0.264 0.145 0.133 0.066
14 0.381 0.154 0.072 0.068
14 0.487 0.167 0.126 0.061
14 0.633 0.219 0.157 0.105
14 0.791 0.324 0.052 0.018
14 0.697 0.340 0.034 0.017
13 0.184 0.258 0.367 0.130
13 0.982 0.439 0.036 0.077
1 0.945 0.381 0.005 0.008
