0 0.940 0.545 0.021 0.092
0 0.883 0.238 0.017 0.062
0 0.707 0.198 0.027 0.086
1 0.064 0.323 0.016 0.029
2 0.941 0.541 0.013 0.035
2 0.885 0.244 0.014 0.029
2 0.708 0.189 0.017 0.038
1 0.711 0.163 0.008 0.015
1 0.886 0.219 0.007 0.010
1 0.935 0.506 0.012 0.017
4 0.023 0.289 0.046 0.126
6 0.959 0.350 0.044 0.092
6 0.950 0.251 0.042 0.073
6 0.858 0.244 0.044 0.085
6 0.868 0.448 0.040 0.066
6 0.699 0.476 0.044 0.085
10 0.741 0.757 0.027 0.056
10 0.781 0.766 0.028 0.073
14 0.652 0.734 0.023 0.045
2 0.065 0.366 0.028 0.045
0 0.063 0.354 0.036 0.105
