0 0.128 0.744 0.046 0.161
0 0.735 0.428 0.027 0.125
0 0.421 0.197 0.017 0.069
0 0.542 0.149 0.019 0.069
0 0.511 0.151 0.023 0.085
0 0.593 0.141 0.012 0.049
0 0.656 0.130 0.008 0.050
0 0.670 0.136 0.010 0.037
0 0.860 0.239 0.032 0.106
0 0.307 0.562 0.023 0.106
1 0.126 0.694 0.019 0.031
1 0.306 0.524 0.010 0.025
1 0.735 0.382 0.010 0.017
1 0.861 0.201 0.008 0.024
2 0.128 0.736 0.027 0.063
2 0.305 0.569 0.016 0.043
2 0.730 0.428 0.016 0.051
2 0.861 0.231 0.008 0.039
2 0.511 0.142 0.010 0.022
2 0.543 0.143 0.008 0.032
2 0.417 0.187 0.010 0.025
11 0.155 0.715 0.054 0.081
4 0.063 0.935 0.125 0.100
0 0.436 0.874 0.042 0.099
1 0.430 0.852 0.021 0.038
11 0.545 0.762 0.090 0.110
