0 0.028 0.463 0.035 0.117
0 0.077 0.629 0.046 0.179
0 0.220 0.388 0.035 0.096
0 0.722 0.313 0.040 0.150
0 0.860 0.312 0.035 0.099
0 0.910 0.308 0.026 0.106
0 0.946 0.275 0.033 0.123
12 0.362 0.625 0.033 0.091
2 0.029 0.467 0.027 0.048
2 0.077 0.613 0.029 0.071
2 0.217 0.391 0.022 0.047
2 0.722 0.298 0.021 0.045
2 0.858 0.317 0.018 0.038
2 0.911 0.313 0.027 0.056
2 0.945 0.255 0.020 0.028
1 0.025 0.419 0.021 0.024
1 0.214 0.359 0.012 0.031
1 0.070 0.559 0.023 0.024
1 0.724 0.260 0.014 0.018
1 0.860 0.273 0.008 0.034
1 0.936 0.218 0.016 0.028
1 0.356 0.599 0.014 0.030
0 0.399 0.047 0.023 0.072
0 0.453 0.033 0.028 0.065
0 0.748 0.050 0.019 0.077
0 0.781 0.062 0.013 0.069
11 0.040 0.469 0.078 0.085
4 0.024 0.669 0.048 0.119
4 0.064 0.760 0.087 0.126
4 0.127 0.865 0.151 0.152
4 0.575 0.842 0.104 0.158
11 0.430 0.519 0.083 0.105
