0 0.547 0.495 0.014 0.057
0 0.720 0.432 0.014 0.062
0 0.973 0.397 0.023 0.068
0 0.994 0.400 0.012 0.066
1 0.547 0.469 0.007 0.011
1 0.722 0.406 0.007 0.011
1 0.980 0.369 0.006 0.011
1 0.997 0.372 0.005 0.010
2 0.547 0.489 0.012 0.027
2 0.720 0.426 0.009 0.027
2 0.974 0.389 0.014 0.032
2 0.994 0.397 0.006 0.030
3 0.067 0.079 0.043 0.055
3 0.049 0.095 0.033 0.052
3 0.016 0.134 0.031 0.063
4 0.746 0.705 0.065 0.073
4 0.749 0.784 0.078 0.086
4 0.730 0.823 0.075 0.058
4 0.718 0.869 0.079 0.086
4 0.723 0.954 0.068 0.093
4 0.365 0.628 0.057 0.076
4 0.432 0.628 0.047 0.077
4 0.529 0.604 0.114 0.074
4 0.619 0.790 0.127 0.224
4 0.875 0.765 0.154 0.106
4 0.879 0.675 0.141 0.081
4 0.876 0.856 0.167 0.098
4 0.897 0.952 0.183 0.084
7 0.095 0.325 0.042 0.048
7 0.016 0.280 0.031 0.023
7 0.009 0.306 0.018 0.025
7 0.040 0.315 0.048 0.050
7 0.066 0.339 0.022 0.028
