5 0.545 0.946 0.461 0.076
5 0.423 0.755 0.211 0.081
5 0.228 0.638 0.454 0.076
5 0.132 0.431 0.119 0.065
5 0.932 0.379 0.128 0.042
0 0.164 0.530 0.043 0.119
0 0.365 0.521 0.039 0.111
0 0.232 0.924 0.044 0.126
0 0.439 0.932 0.026 0.109
0 0.604 0.863 0.052 0.181
0 0.747 0.390 0.030 0.105
0 0.874 0.013 0.006 0.023
2 0.601 0.856 0.034 0.091
2 0.448 0.910 0.030 0.044
2 0.239 0.939 0.022 0.069
2 0.361 0.505 0.031 0.039
2 0.166 0.507 0.030 0.044
2 0.752 0.411 0.009 0.024
1 0.151 0.496 0.010 0.025
1 0.249 0.894 0.024 0.026
1 0.597 0.787 0.014 0.035
1 0.374 0.475 0.015 0.021
1 0.744 0.383 0.015 0.014
4 0.149 0.258 0.103 0.093
11 0.155 0.370 0.064 0.088
11 0.562 0.463 0.059 0.063
