0 0.175 0.263 0.026 0.112
0 0.253 0.277 0.029 0.116
0 0.401 0.296 0.020 0.108
0 0.486 0.284 0.016 0.099
0 0.608 0.300 0.016 0.115
0 0.634 0.286 0.015 0.096
2 0.176 0.255 0.016 0.044
2 0.251 0.274 0.024 0.062
1 0.257 0.226 0.009 0.014
1 0.178 0.221 0.011 0.013
1 0.401 0.249 0.009 0.013
2 0.402 0.281 0.015 0.039
2 0.490 0.242 0.007 0.012
2 0.487 0.275 0.013 0.044
2 0.608 0.294 0.014 0.048
1 0.610 0.253 0.008 0.016
1 0.636 0.246 0.009 0.011
2 0.633 0.275 0.008 0.036
5 0.198 0.661 0.396 0.431
5 0.419 0.406 0.195 0.105
3 0.104 0.363 0.119 0.163
10 0.356 0.241 0.043 0.051
10 0.683 0.261 0.013 0.025
14 0.371 0.079 0.214 0.156
14 0.155 0.017 0.181 0.032
14 0.477 0.224 0.034 0.019
14 0.568 0.205 0.046 0.015
14 0.806 0.349 0.018 0.089
13 0.925 0.465 0.149 0.246
13 0.951 0.281 0.091 0.030
