0 0.161 0.822 0.056 0.094
0 0.936 0.357 0.016 0.110
0 0.961 0.375 0.017 0.094
0 0.872 0.149 0.018 0.094
0 0.891 0.123 0.017 0.090
0 0.501 0.154 0.024 0.057
0 0.322 0.130 0.016 0.054
0 0.631 0.956 0.054 0.088
4 0.266 0.825 0.155 0.134
4 0.576 0.307 0.101 0.094
3 0.933 0.838 0.134 0.318
3 0.875 0.450 0.105 0.110
1 0.935 0.318 0.015 0.028
1 0.959 0.341 0.012 0.024
1 0.872 0.115 0.011 0.021
1 0.320 0.112 0.014 0.027
2 0.936 0.351 0.016 0.050
2 0.959 0.383 0.013 0.058
2 0.888 0.129 0.010 0.039
2 0.872 0.144 0.011 0.039
1 0.148 0.798 0.014 0.025
2 0.170 0.811 0.030 0.039
