0 0.235 0.289 0.046 0.150
0 0.624 0.262 0.040 0.096
1 0.245 0.232 0.016 0.026
1 0.626 0.224 0.014 0.022
2 0.234 0.282 0.037 0.075
2 0.624 0.278 0.029 0.068
5 0.364 0.659 0.726 0.506
5 0.189 0.439 0.340 0.209
5 0.872 0.468 0.088 0.083
5 0.945 0.398 0.109 0.065
5 0.752 0.261 0.084 0.031
5 0.752 0.271 0.073 0.035
5 0.855 0.256 0.172 0.059
5 0.839 0.276 0.042 0.035
5 0.805 0.282 0.032 0.041
5 0.789 0.312 0.022 0.020
5 0.803 0.324 0.016 0.023
5 0.818 0.311 0.019 0.025
5 0.839 0.311 0.025 0.024
5 0.878 0.280 0.048 0.036
5 0.915 0.258 0.049 0.040
5 0.931 0.259 0.033 0.035
5 0.946 0.263 0.030 0.035
5 0.926 0.292 0.021 0.030
5 0.910 0.293 0.013 0.022
5 0.903 0.310 0.020 0.025
5 0.881 0.321 0.024 0.035
5 0.867 0.306 0.029 0.048
5 0.935 0.332 0.020 0.028
5 0.942 0.305 0.017 0.032
10 0.553 0.212 0.047 0.093
