0 0.236 0.446 0.019 0.100
0 0.303 0.388 0.016 0.091
0 0.204 0.408 0.025 0.094
0 0.135 0.374 0.024 0.071
0 0.323 0.103 0.008 0.055
0 0.338 0.090 0.010 0.060
0 0.351 0.110 0.007 0.080
0 0.286 0.039 0.017 0.025
0 0.399 0.438 0.020 0.083
0 0.396 0.280 0.019 0.085
0 0.565 0.033 0.016 0.054
0 0.553 0.148 0.019 0.051
0 0.674 0.227 0.011 0.061
0 0.681 0.161 0.016 0.053
0 0.602 0.450 0.033 0.073
0 0.989 0.304 0.021 0.072
0 0.830 0.099 0.011 0.061
1 0.131 0.343 0.005 0.008
1 0.201 0.375 0.016 0.019
1 0.233 0.404 0.007 0.020
1 0.303 0.347 0.009 0.016
1 0.398 0.402 0.013 0.014
1 0.396 0.240 0.010 0.011
1 0.324 0.086 0.005 0.010
1 0.342 0.077 0.005 0.013
1 0.349 0.081 0.005 0.010
1 0.282 0.031 0.005 0.009
1 0.590 0.426 0.006 0.014
1 0.677 0.199 0.005 0.007
1 0.680 0.167 0.005 0.012
1 0.553 0.128 0.011 0.009
1 0.827 0.082 0.004 0.009
1 0.561 0.012 0.005 0.014
2 0.134 0.372 0.012 0.035
2 0.206 0.393 0.008 0.040
2 0.236 0.440 0.011 0.042
2 0.304 0.381 0.014 0.033
2 0.403 0.436 0.017 0.049
2 0.399 0.269 0.013 0.037
2 0.325 0.106 0.012 0.026
2 0.339 0.099 0.008 0.024
2 0.350 0.102 0.009 0.028
2 0.289 0.038 0.011 0.023
2 0.551 0.147 0.009 0.027
2 0.562 0.029 0.006 0.015
2 0.677 0.226 0.009 0.042
2 0.680 0.159 0.008 0.030
2 0.603 0.445 0.020 0.041
2 0.830 0.101 0.008 0.026
3 0.529 0.183 0.034 0.072
3 0.273 0.356 0.030 0.144
3 0.825 0.463 0.062 0.105
3 0.631 0.060 0.028 0.063
3 0.322 0.258 0.078 0.026
4 0.670 0.408 0.119 0.083
4 0.781 0.352 0.116 0.067
4 0.139 0.526 0.167 0.119
4 0.345 0.321 0.096 0.049
4 0.677 0.092 0.039 0.052
4 0.718 0.050 0.055 0.071
9 0.867 0.154 0.042 0.078
7 0.111 0.701 0.103 0.081
7 0.278 0.616 0.128 0.109
7 0.430 0.639 0.055 0.109
7 0.573 0.710 0.089 0.119
7 0.622 0.625 0.087 0.192
7 0.523 0.632 0.045 0.142
7 0.562 0.779 0.062 0.140
7 0.206 0.936 0.068 0.099
10 0.578 0.231 0.008 0.025
11 0.487 0.317 0.058 0.062
