0 0.774 0.303 0.011 0.032
0 0.786 0.318 0.013 0.059
0 0.792 0.325 0.016 0.063
0 0.234 0.241 0.022 0.108
0 0.448 0.275 0.028 0.048
1 0.241 0.194 0.009 0.011
1 0.454 0.260 0.012 0.016
1 0.774 0.291 0.004 0.007
1 0.789 0.295 0.005 0.009
1 0.796 0.297 0.005 0.008
2 0.234 0.231 0.017 0.052
2 0.446 0.281 0.023 0.031
2 0.774 0.303 0.006 0.016
2 0.786 0.312 0.007 0.020
2 0.792 0.315 0.008 0.022
5 0.252 0.635 0.503 0.494
5 0.182 0.459 0.364 0.162
5 0.530 0.394 0.085 0.070
5 0.538 0.287 0.067 0.025
5 0.521 0.302 0.015 0.021
5 0.538 0.304 0.023 0.019
5 0.551 0.305 0.019 0.019
5 0.544 0.323 0.014 0.020
5 0.533 0.322 0.013 0.021
5 0.520 0.323 0.014 0.023
5 0.581 0.297 0.023 0.023
5 0.589 0.300 0.018 0.023
5 0.600 0.300 0.014 0.026
5 0.587 0.327 0.011 0.017
5 0.578 0.326 0.011 0.019
5 0.568 0.316 0.014 0.015
5 0.566 0.329 0.018 0.018
5 0.558 0.318 0.011 0.029
11 0.747 0.340 0.059 0.062
10 0.030 0.228 0.046 0.145
10 0.428 0.230 0.020 0.055
13 0.895 0.500 0.210 0.394
14 0.477 0.079 0.134 0.146
