0 0.630 0.638 0.051 0.207
0 0.937 0.578 0.046 0.180
0 0.609 0.365 0.028 0.111
0 0.347 0.180 0.035 0.060
0 0.225 0.149 0.035 0.141
0 0.115 0.091 0.023 0.055
1 0.120 0.077 0.014 0.019
1 0.227 0.101 0.016 0.017
1 0.343 0.162 0.013 0.016
1 0.612 0.326 0.016 0.019
1 0.632 0.555 0.019 0.026
1 0.936 0.504 0.015 0.021
2 0.227 0.135 0.017 0.042
0 0.070 0.082 0.013 0.095
2 0.112 0.098 0.012 0.037
2 0.611 0.366 0.021 0.050
2 0.638 0.620 0.027 0.074
2 0.936 0.555 0.029 0.067
5 0.888 0.628 0.223 0.139
7 0.265 0.517 0.122 0.094
