0 0.621 0.311 0.035 0.177
0 0.707 0.083 0.030 0.093
0 0.773 0.137 0.036 0.078
0 0.838 0.097 0.039 0.093
0 0.135 0.253 0.027 0.107
0 0.317 0.142 0.061 0.069
0 0.350 0.338 0.028 0.062
1 0.608 0.241 0.022 0.011
2 0.617 0.282 0.027 0.048
1 0.839 0.064 0.010 0.017
1 0.779 0.112 0.010 0.021
1 0.707 0.060 0.013 0.020
2 0.135 0.242 0.014 0.060
2 0.356 0.336 0.010 0.044
2 0.761 0.132 0.017 0.035
2 0.843 0.099 0.021 0.038
2 0.312 0.132 0.018 0.048
1 0.336 0.324 0.010 0.024
1 0.326 0.120 0.007 0.020
2 0.708 0.094 0.022 0.043
3 0.878 0.394 0.086 0.142
4 0.582 0.405 0.108 0.123
4 0.252 0.454 0.099 0.100
4 0.488 0.041 0.136 0.079
9 0.146 0.472 0.081 0.131
10 0.219 0.143 0.018 0.050
10 0.143 0.509 0.022 0.026
11 0.173 0.086 0.056 0.049
