0 0.878 0.927 0.039 0.112
0 0.613 0.937 0.022 0.045
0 0.505 0.911 0.021 0.065
0 0.390 0.893 0.032 0.130
0 0.116 0.569 0.019 0.058
0 0.192 0.570 0.015 0.055
0 0.215 0.567 0.012 0.041
0 0.269 0.594 0.008 0.042
2 0.391 0.879 0.018 0.065
2 0.498 0.921 0.023 0.030
2 0.615 0.947 0.013 0.012
2 0.880 0.925 0.019 0.069
1 0.882 0.899 0.016 0.019
1 0.614 0.933 0.008 0.016
1 0.511 0.903 0.014 0.030
1 0.386 0.842 0.013 0.016
1 0.118 0.547 0.005 0.012
1 0.196 0.547 0.003 0.008
1 0.215 0.552 0.009 0.010
1 0.270 0.581 0.005 0.009
2 0.269 0.600 0.004 0.021
2 0.216 0.569 0.007 0.022
2 0.195 0.570 0.008 0.022
2 0.117 0.565 0.009 0.024
3 0.237 0.829 0.087 0.104
10 0.113 0.671 0.012 0.035
10 0.401 0.610 0.013 0.031
13 0.662 0.199 0.154 0.035
13 0.917 0.187 0.165 0.039
13 0.454 0.204 0.164 0.030
13 0.081 0.242 0.136 0.027
13 0.198 0.230 0.047 0.030
