0 0.639 0.237 0.031 0.177
0 0.914 0.084 0.013 0.097
0 0.877 0.056 0.021 0.092
0 0.160 0.328 0.035 0.156
0 0.301 0.459 0.048 0.185
0 0.071 0.476 0.051 0.210
0 0.038 0.294 0.051 0.130
2 0.071 0.479 0.043 0.102
2 0.040 0.303 0.027 0.086
2 0.155 0.312 0.027 0.056
2 0.295 0.445 0.027 0.044
2 0.644 0.215 0.014 0.086
2 0.874 0.049 0.014 0.030
2 0.923 0.082 0.014 0.037
1 0.293 0.390 0.024 0.029
1 0.633 0.171 0.019 0.044
1 0.078 0.405 0.015 0.034
1 0.032 0.241 0.014 0.031
1 0.165 0.269 0.019 0.035
1 0.915 0.044 0.021 0.025
1 0.879 0.019 0.016 0.020
3 0.450 0.628 0.099 0.113
3 0.423 0.032 0.033 0.063
4 0.535 0.132 0.134 0.151
4 0.237 0.338 0.098 0.127
4 0.206 0.579 0.272 0.119
