0 0.116 0.907 0.095 0.182
0 0.673 0.759 0.054 0.220
0 0.719 0.761 0.059 0.250
0 0.826 0.848 0.066 0.186
0 0.883 0.939 0.066 0.106
0 0.567 0.252 0.044 0.124
0 0.623 0.248 0.060 0.135
0 0.628 0.126 0.066 0.134
0 0.629 0.045 0.041 0.048
0 0.921 0.073 0.062 0.098
0 0.725 0.020 0.042 0.038
1 0.105 0.842 0.033 0.039
1 0.681 0.686 0.034 0.036
1 0.736 0.671 0.032 0.045
1 0.844 0.792 0.028 0.046
1 0.899 0.912 0.022 0.032
1 0.571 0.210 0.017 0.024
1 0.637 0.210 0.027 0.031
1 0.911 0.041 0.017 0.026
1 0.636 0.033 0.019 0.023
2 0.131 0.912 0.073 0.094
2 0.681 0.758 0.042 0.108
2 0.726 0.749 0.042 0.127
2 0.838 0.883 0.037 0.083
2 0.565 0.264 0.023 0.074
2 0.641 0.272 0.033 0.090
2 0.929 0.076 0.025 0.058
2 0.641 0.094 0.043 0.052
2 0.878 0.935 0.030 0.053
1 0.611 0.083 0.011 0.023
