0 0.066 0.228 0.040 0.124
0 0.119 0.175 0.030 0.093
0 0.117 0.269 0.032 0.131
0 0.204 0.389 0.039 0.195
0 0.452 0.614 0.046 0.165
0 0.421 0.276 0.036 0.083
0 0.588 0.305 0.043 0.181
0 0.638 0.326 0.041 0.169
1 0.068 0.175 0.021 0.047
1 0.122 0.219 0.016 0.039
1 0.122 0.142 0.022 0.022
1 0.213 0.333 0.018 0.018
1 0.416 0.252 0.023 0.042
1 0.585 0.229 0.023 0.039
1 0.632 0.261 0.017 0.020
2 0.071 0.217 0.030 0.060
2 0.121 0.190 0.027 0.055
2 0.117 0.259 0.029 0.069
2 0.199 0.374 0.025 0.065
2 0.436 0.626 0.032 0.085
2 0.589 0.290 0.021 0.057
2 0.640 0.319 0.028 0.059
11 0.089 0.160 0.069 0.107
4 0.063 0.370 0.124 0.153
4 0.136 0.440 0.093 0.108
4 0.204 0.534 0.136 0.160
4 0.639 0.464 0.096 0.139
4 0.035 0.510 0.065 0.134
11 0.496 0.169 0.087 0.096
