0 0.476 0.789 0.042 0.220
0 0.531 0.871 0.031 0.173
0 0.705 0.763 0.048 0.183
0 0.763 0.826 0.034 0.197
1 0.487 0.704 0.022 0.044
1 0.527 0.801 0.019 0.023
1 0.722 0.690 0.021 0.048
1 0.759 0.746 0.023 0.042
11 0.774 0.681 0.145 0.149
4 0.109 0.833 0.193 0.221
7 0.810 0.400 0.372 0.413
7 0.933 0.880 0.122 0.240
11 0.804 0.812 0.072 0.160
2 0.481 0.756 0.026 0.072
2 0.526 0.847 0.028 0.062
2 0.708 0.744 0.035 0.066
2 0.762 0.806 0.023 0.075
14 0.674 0.048 0.016 0.044
13 0.529 0.361 0.340 0.670
7 0.428 0.078 0.277 0.134
