0 0.439 0.503 0.023 0.119
0 0.242 0.448 0.014 0.091
0 0.277 0.492 0.020 0.095
0 0.177 0.404 0.017 0.080
0 0.425 0.261 0.020 0.087
0 0.368 0.164 0.014 0.068
0 0.390 0.164 0.012 0.072
0 0.639 0.512 0.026 0.069
1 0.280 0.453 0.009 0.017
1 0.438 0.449 0.010 0.013
1 0.405 0.353 0.008 0.014
1 0.244 0.408 0.007 0.010
0 0.405 0.393 0.015 0.094
1 0.423 0.223 0.006 0.010
1 0.630 0.485 0.008 0.015
1 0.330 0.077 0.006 0.008
11 0.533 0.378 0.047 0.045
3 0.322 0.400 0.040 0.090
7 0.146 0.735 0.103 0.102
7 0.319 0.656 0.130 0.102
7 0.255 0.950 0.073 0.088
7 0.462 0.701 0.048 0.103
7 0.581 0.746 0.051 0.097
7 0.589 0.837 0.055 0.106
7 0.653 0.653 0.106 0.167
2 0.439 0.486 0.016 0.046
2 0.278 0.484 0.016 0.041
2 0.242 0.436 0.009 0.031
2 0.178 0.392 0.014 0.037
2 0.424 0.249 0.010 0.035
2 0.642 0.509 0.014 0.044
2 0.404 0.382 0.008 0.038
2 0.711 0.284 0.010 0.021
2 0.368 0.154 0.010 0.031
2 0.391 0.154 0.009 0.028
4 0.712 0.487 0.120 0.093
10 0.617 0.298 0.008 0.031
3 0.576 0.238 0.031 0.065
3 0.345 0.311 0.038 0.047
4 0.366 0.274 0.078 0.037
4 0.724 0.167 0.035 0.037
4 0.799 0.414 0.046 0.060
