0 0.754 0.194 0.017 0.035
0 0.746 0.135 0.025 0.053
0 0.696 0.158 0.027 0.062
0 0.324 0.122 0.021 0.063
0 0.625 0.732 0.041 0.069
0 0.894 0.584 0.020 0.072
0 0.292 0.870 0.037 0.081
0 0.851 0.264 0.019 0.084
0 0.882 0.293 0.026 0.054
0 0.847 0.088 0.020 0.070
1 0.327 0.111 0.009 0.024
1 0.694 0.138 0.011 0.023
1 0.743 0.113 0.010 0.017
1 0.754 0.180 0.009 0.015
1 0.849 0.240 0.006 0.031
1 0.886 0.279 0.009 0.027
1 0.847 0.073 0.009 0.020
0 0.899 0.361 0.019 0.076
1 0.899 0.338 0.013 0.022
4 0.960 0.353 0.080 0.060
4 0.379 0.882 0.111 0.126
2 0.323 0.132 0.014 0.023
2 0.287 0.872 0.022 0.044
10 0.354 0.596 0.021 0.058
1 0.290 0.833 0.017 0.022
0 0.070 0.495 0.019 0.071
10 0.629 0.243 0.027 0.059
0 0.733 0.182 0.010 0.056
0 0.836 0.546 0.017 0.044
