0 0.134 0.572 0.044 0.154
0 0.335 0.944 0.069 0.109
0 0.819 0.886 0.051 0.110
2 0.129 0.571 0.023 0.075
2 0.338 0.965 0.035 0.069
2 0.819 0.889 0.036 0.084
1 0.131 0.518 0.020 0.037
1 0.330 0.906 0.020 0.043
1 0.435 0.615 0.018 0.034
1 0.803 0.835 0.019 0.031
1 0.889 0.347 0.015 0.027
2 0.883 0.381 0.027 0.067
0 0.436 0.640 0.051 0.094
0 0.882 0.384 0.040 0.127
11 0.162 0.502 0.062 0.076
4 0.068 0.715 0.135 0.110
4 0.116 0.812 0.094 0.142
4 0.597 0.864 0.129 0.151
11 0.554 0.520 0.068 0.086
4 0.132 0.907 0.168 0.164
