0 0.868 0.255 0.052 0.080
0 0.586 0.725 0.054 0.250
0 0.303 0.263 0.033 0.179
0 0.149 0.219 0.039 0.174
0 0.252 0.510 0.041 0.102
1 0.145 0.152 0.021 0.030
1 0.310 0.186 0.016 0.027
1 0.579 0.622 0.024 0.039
1 0.234 0.477 0.019 0.031
2 0.149 0.200 0.029 0.062
2 0.304 0.237 0.028 0.069
2 0.587 0.700 0.038 0.099
2 0.255 0.511 0.031 0.060
4 0.645 0.051 0.144 0.100
4 0.401 0.268 0.155 0.131
4 0.386 0.500 0.219 0.151
7 0.612 0.932 0.290 0.136
0 0.493 0.367 0.041 0.183
1 0.854 0.232 0.020 0.031
2 0.874 0.253 0.024 0.044
1 0.489 0.287 0.017 0.027
2 0.491 0.334 0.027 0.056
