5 0.718 0.177 0.074 0.090
0 0.275 0.253 0.018 0.050
0 0.310 0.275 0.019 0.044
0 0.434 0.181 0.019 0.120
0 0.403 0.157 0.016 0.083
0 0.416 0.112 0.010 0.069
0 0.495 0.081 0.018 0.074
0 0.670 0.314 0.023 0.082
0 0.808 0.314 0.027 0.058
0 0.915 0.315 0.034 0.066
0 0.320 0.350 0.021 0.043
0 0.349 0.384 0.022 0.077
1 0.285 0.228 0.009 0.021
1 0.405 0.112 0.009 0.016
1 0.419 0.091 0.010 0.017
1 0.433 0.136 0.010 0.022
1 0.356 0.360 0.005 0.023
1 0.325 0.260 0.006 0.022
1 0.529 0.185 0.009 0.021
1 0.497 0.055 0.005 0.020
0 0.533 0.194 0.030 0.069
1 0.809 0.295 0.008 0.015
1 0.914 0.302 0.011 0.017
1 0.658 0.302 0.010 0.013
2 0.343 0.377 0.021 0.040
2 0.326 0.352 0.004 0.026
2 0.275 0.250 0.010 0.033
2 0.409 0.138 0.016 0.026
2 0.418 0.105 0.012 0.032
2 0.431 0.168 0.010 0.056
2 0.495 0.080 0.009 0.044
2 0.541 0.200 0.009 0.029
2 0.675 0.325 0.023 0.029
2 0.809 0.325 0.011 0.037
2 0.904 0.323 0.013 0.037
10 0.235 0.163 0.024 0.045
10 0.524 0.481 0.029 0.060
11 0.163 0.231 0.089 0.060
