0 0.372 0.934 0.047 0.132
0 0.758 0.881 0.066 0.115
0 0.075 0.615 0.042 0.156
0 0.721 0.417 0.032 0.082
1 0.030 0.951 0.029 0.043
1 0.219 0.967 0.039 0.050
1 0.072 0.552 0.014 0.017
1 0.722 0.395 0.013 0.026
1 0.744 0.832 0.017 0.031
2 0.078 0.601 0.026 0.060
2 0.379 0.939 0.036 0.086
2 0.761 0.880 0.044 0.093
2 0.718 0.430 0.019 0.041
11 0.111 0.479 0.072 0.113
4 0.557 0.840 0.131 0.169
4 0.069 0.788 0.100 0.117
4 0.046 0.699 0.091 0.114
11 0.507 0.507 0.078 0.093
1 0.392 0.600 0.017 0.036
0 0.397 0.628 0.048 0.108
