0 0.585 0.525 0.018 0.047
0 0.286 0.451 0.015 0.052
0 0.259 0.425 0.015 0.053
0 0.918 0.793 0.023 0.081
0 0.975 0.745 0.023 0.089
2 0.297 0.886 0.017 0.031
2 0.585 0.531 0.010 0.022
2 0.916 0.789 0.018 0.028
2 0.974 0.736 0.014 0.032
2 0.287 0.446 0.008 0.018
2 0.259 0.424 0.009 0.018
3 0.703 0.807 0.059 0.094
3 0.765 0.790 0.058 0.107
3 0.844 0.700 0.058 0.110
4 0.846 0.855 0.107 0.205
4 0.336 0.833 0.096 0.108
1 0.585 0.513 0.006 0.011
1 0.923 0.769 0.013 0.017
7 0.235 0.831 0.056 0.083
7 0.205 0.781 0.051 0.080
7 0.481 0.542 0.034 0.093
