0 0.271 0.675 0.089 0.299
0 0.540 0.822 0.063 0.289
0 0.523 0.416 0.052 0.254
0 0.608 0.384 0.054 0.256
0 0.941 0.865 0.069 0.269
1 0.946 0.760 0.033 0.043
1 0.536 0.700 0.033 0.040
1 0.267 0.556 0.036 0.044
1 0.528 0.308 0.027 0.032
1 0.606 0.276 0.025 0.036
2 0.280 0.656 0.041 0.103
2 0.521 0.389 0.045 0.095
2 0.613 0.354 0.042 0.108
2 0.546 0.789 0.043 0.077
2 0.942 0.839 0.046 0.106
7 0.069 0.623 0.137 0.393
7 0.043 0.322 0.084 0.200
7 0.486 0.079 0.090 0.136
5 0.590 0.044 0.062 0.086
7 0.122 0.159 0.207 0.171
3 0.773 0.367 0.147 0.157
4 0.918 0.375 0.136 0.254
