0 0.190 0.568 0.019 0.081
0 0.241 0.588 0.020 0.104
0 0.860 0.167 0.013 0.063
0 0.852 0.181 0.011 0.059
0 0.268 0.629 0.026 0.107
0 0.322 0.622 0.017 0.105
0 0.111 0.883 0.040 0.175
0 0.476 0.953 0.031 0.094
0 0.653 0.756 0.017 0.065
0 0.522 0.246 0.016 0.054
4 0.301 0.794 0.142 0.129
4 0.212 0.250 0.071 0.056
4 0.714 0.407 0.085 0.070
4 0.932 0.509 0.081 0.071
3 0.831 0.524 0.073 0.090
4 0.935 0.280 0.078 0.039
5 0.550 0.973 0.261 0.054
1 0.115 0.805 0.014 0.017
1 0.270 0.581 0.009 0.015
1 0.320 0.581 0.008 0.019
1 0.244 0.545 0.011 0.016
2 0.243 0.574 0.015 0.039
2 0.271 0.612 0.013 0.037
2 0.323 0.613 0.010 0.042
2 0.190 0.564 0.014 0.044
2 0.111 0.856 0.023 0.065
1 0.469 0.920 0.010 0.022
2 0.480 0.963 0.019 0.062
1 0.655 0.732 0.010 0.017
2 0.655 0.762 0.010 0.034
