0 0.192 0.287 0.027 0.056
0 0.252 0.224 0.018 0.094
0 0.293 0.211 0.020 0.104
0 0.576 0.339 0.030 0.069
0 0.713 0.318 0.022 0.061
0 0.841 0.322 0.026 0.053
0 0.414 0.128 0.022 0.051
0 0.443 0.219 0.028 0.057
11 0.072 0.275 0.089 0.075
1 0.241 0.380 0.011 0.016
1 0.193 0.265 0.008 0.014
1 0.242 0.358 0.009 0.019
1 0.248 0.185 0.009 0.017
1 0.436 0.201 0.008 0.019
1 0.567 0.316 0.010 0.017
1 0.708 0.296 0.010 0.014
1 0.849 0.306 0.009 0.021
14 0.359 0.108 0.013 0.037
2 0.711 0.320 0.013 0.037
2 0.411 0.131 0.017 0.033
2 0.294 0.201 0.014 0.048
2 0.185 0.285 0.011 0.029
10 0.138 0.211 0.022 0.044
10 0.435 0.510 0.020 0.087
