14 0.759 0.259 0.203 0.049
1 0.326 0.879 0.021 0.021
1 0.268 0.874 0.018 0.017
0 0.332 0.849 0.021 0.067
0 0.466 0.802 0.019 0.056
0 0.425 0.811 0.015 0.053
0 0.365 0.794 0.012 0.042
0 0.286 0.856 0.018 0.034
0 0.362 0.740 0.015 0.036
0 0.532 0.435 0.005 0.018
0 0.548 0.449 0.010 0.024
0 0.574 0.441 0.007 0.019
0 0.731 0.699 0.015 0.040
0 0.466 0.460 0.015 0.031
0 0.315 0.559 0.012 0.042
0 0.284 0.496 0.008 0.034
0 0.273 0.479 0.013 0.031
0 0.130 0.560 0.007 0.024
0 0.150 0.578 0.011 0.031
0 0.217 0.552 0.009 0.024
0 0.229 0.535 0.008 0.027
0 0.249 0.541 0.007 0.023
0 0.259 0.699 0.016 0.041
0 0.243 0.734 0.012 0.048
0 0.306 0.825 0.013 0.028
0 0.269 0.886 0.012 0.031
0 0.320 0.886 0.012 0.025
0 0.304 0.885 0.015 0.022
7 0.477 0.710 0.049 0.050
7 0.409 0.808 0.048 0.056
11 0.315 0.872 0.057 0.062
10 0.693 0.667 0.021 0.047
