0 0.047 0.234 0.040 0.152
0 0.078 0.253 0.033 0.129
0 0.080 0.181 0.037 0.133
0 0.162 0.391 0.055 0.202
0 0.413 0.637 0.049 0.140
0 0.519 0.643 0.065 0.144
0 0.553 0.284 0.043 0.169
0 0.586 0.246 0.031 0.162
0 0.392 0.282 0.040 0.081
2 0.048 0.224 0.022 0.062
2 0.077 0.248 0.026 0.047
2 0.081 0.178 0.016 0.043
2 0.166 0.367 0.028 0.075
2 0.416 0.646 0.046 0.075
2 0.522 0.655 0.040 0.080
2 0.555 0.279 0.036 0.090
2 0.584 0.234 0.025 0.054
1 0.051 0.179 0.018 0.027
1 0.089 0.141 0.022 0.019
1 0.081 0.204 0.024 0.034
1 0.175 0.330 0.017 0.027
1 0.430 0.615 0.019 0.035
1 0.516 0.585 0.021 0.030
1 0.551 0.209 0.014 0.023
1 0.583 0.185 0.019 0.025
1 0.384 0.257 0.015 0.025
11 0.055 0.154 0.081 0.093
4 0.047 0.369 0.092 0.129
4 0.104 0.449 0.104 0.140
4 0.171 0.539 0.156 0.136
4 0.609 0.479 0.115 0.137
11 0.458 0.167 0.085 0.093
