14 0.274 0.081 0.027 0.033
0 0.614 0.242 0.033 0.071
0 0.762 0.251 0.026 0.054
0 0.472 0.145 0.034 0.065
0 0.476 0.105 0.027 0.048
0 0.446 0.019 0.023 0.032
0 0.229 0.144 0.027 0.044
11 0.108 0.114 0.091 0.072
1 0.302 0.261 0.009 0.015
1 0.233 0.131 0.009 0.019
1 0.462 0.128 0.008 0.017
2 0.619 0.237 0.018 0.043
2 0.758 0.246 0.016 0.036
2 0.446 0.016 0.019 0.030
2 0.286 0.276 0.022 0.045
2 0.221 0.147 0.011 0.033
10 0.463 0.392 0.025 0.075
10 0.177 0.062 0.016 0.038
1 0.606 0.213 0.008 0.016
1 0.863 0.213 0.010 0.016
1 0.468 0.089 0.007 0.013
