0 0.236 0.401 0.022 0.050
0 0.275 0.400 0.017 0.044
0 0.368 0.340 0.019 0.059
0 0.856 0.619 0.021 0.097
0 0.537 0.082 0.009 0.036
0 0.525 0.076 0.013 0.042
0 0.511 0.077 0.013 0.048
2 0.854 0.618 0.014 0.037
1 0.855 0.589 0.008 0.015
2 0.234 0.407 0.013 0.024
1 0.243 0.395 0.006 0.012
1 0.275 0.381 0.006 0.011
1 0.365 0.318 0.007 0.009
2 0.365 0.334 0.007 0.021
2 0.274 0.398 0.010 0.019
2 0.512 0.073 0.006 0.017
2 0.526 0.073 0.008 0.018
2 0.537 0.081 0.006 0.017
1 0.526 0.059 0.006 0.007
1 0.537 0.067 0.005 0.006
6 0.543 0.705 0.067 0.111
4 0.339 0.556 0.193 0.192
5 0.045 0.838 0.088 0.321
11 0.717 0.416 0.065 0.035
11 0.627 0.701 0.045 0.056
4 0.487 0.580 0.240 0.143
5 0.112 0.844 0.073 0.312
