0 0.594 0.240 0.054 0.244
0 0.820 0.442 0.039 0.190
0 0.984 0.444 0.031 0.234
0 0.948 0.749 0.037 0.248
0 0.889 0.914 0.048 0.172
1 0.611 0.152 0.019 0.026
1 0.824 0.363 0.019 0.045
1 0.895 0.850 0.031 0.045
1 0.963 0.642 0.027 0.034
2 0.888 0.919 0.041 0.088
2 0.948 0.707 0.029 0.108
2 0.824 0.433 0.033 0.089
2 0.597 0.217 0.033 0.086
2 0.991 0.403 0.018 0.077
7 0.472 0.066 0.202 0.128
7 0.433 0.271 0.153 0.244
7 0.318 0.468 0.193 0.166
7 0.085 0.746 0.104 0.259
7 0.179 0.905 0.119 0.181
7 0.385 0.833 0.107 0.189
7 0.444 0.971 0.139 0.057
7 0.607 0.960 0.093 0.080
7 0.483 0.697 0.222 0.231
7 0.757 0.274 0.094 0.107
7 0.878 0.384 0.076 0.128
11 0.466 0.163 0.130 0.150
