0 0.774 0.375 0.063 0.135
0 0.355 0.050 0.031 0.097
1 0.797 0.325 0.014 0.027
2 0.768 0.349 0.036 0.061
2 0.908 0.238 0.016 0.059
0 0.909 0.257 0.031 0.171
4 0.031 0.431 0.052 0.116
7 0.236 0.252 0.130 0.113
7 0.252 0.881 0.101 0.238
7 0.399 0.886 0.182 0.214
7 0.586 0.943 0.206 0.114
7 0.660 0.786 0.102 0.140
7 0.579 0.535 0.122 0.241
7 0.815 0.926 0.070 0.148
7 0.945 0.177 0.111 0.093
9 0.322 0.300 0.053 0.090
9 0.341 0.223 0.047 0.084
14 0.703 0.156 0.037 0.043
9 0.922 0.278 0.098 0.099
7 0.713 0.509 0.051 0.083
