0 0.469 0.565 0.046 0.250
0 0.460 0.214 0.035 0.254
0 0.517 0.234 0.046 0.239
0 0.344 0.057 0.044 0.112
0 0.435 0.087 0.040 0.172
0 0.510 0.044 0.042 0.086
1 0.469 0.452 0.039 0.038
1 0.524 0.132 0.028 0.031
1 0.469 0.114 0.033 0.048
2 0.351 0.032 0.031 0.062
2 0.422 0.057 0.024 0.070
2 0.459 0.173 0.032 0.097
2 0.514 0.214 0.044 0.083
2 0.471 0.532 0.036 0.118
3 0.686 0.571 0.162 0.158
4 0.844 0.593 0.139 0.335
7 0.081 0.381 0.161 0.207
7 0.050 0.810 0.098 0.345
7 0.192 0.661 0.115 0.185
7 0.927 0.459 0.146 0.244
