0 0.387 0.054 0.037 0.100
0 0.553 0.102 0.041 0.151
0 0.601 0.106 0.039 0.196
0 0.560 0.893 0.053 0.214
0 0.591 0.840 0.048 0.235
0 0.700 0.194 0.029 0.206
0 0.883 0.312 0.042 0.181
0 0.717 0.913 0.056 0.173
0 0.858 0.899 0.052 0.202
0 0.957 0.885 0.061 0.231
1 0.549 0.809 0.031 0.053
1 0.589 0.738 0.026 0.038
1 0.716 0.845 0.029 0.037
1 0.847 0.822 0.028 0.041
1 0.963 0.790 0.025 0.051
1 0.884 0.242 0.017 0.043
1 0.563 0.050 0.024 0.035
1 0.601 0.027 0.020 0.032
7 0.305 0.581 0.204 0.205
7 0.396 0.909 0.122 0.179
7 0.832 0.636 0.116 0.244
7 0.420 0.377 0.163 0.219
7 0.443 0.174 0.193 0.141
7 0.099 0.381 0.121 0.176
2 0.557 0.886 0.037 0.094
2 0.579 0.809 0.027 0.098
2 0.710 0.918 0.038 0.103
2 0.860 0.930 0.033 0.131
2 0.957 0.874 0.043 0.115
2 0.608 0.086 0.024 0.084
