0 0.732 0.764 0.029 0.271
0 0.855 0.284 0.029 0.169
0 0.953 0.237 0.035 0.131
0 0.413 0.442 0.046 0.159
0 0.321 0.545 0.071 0.132
0 0.314 0.269 0.035 0.184
0 0.268 0.231 0.033 0.157
0 0.236 0.308 0.041 0.106
0 0.176 0.308 0.037 0.177
0 0.118 0.290 0.028 0.181
0 0.016 0.126 0.022 0.154
4 0.487 0.582 0.263 0.147
2 0.733 0.720 0.025 0.092
2 0.955 0.234 0.020 0.063
2 0.853 0.262 0.025 0.070
2 0.313 0.230 0.021 0.053
2 0.410 0.424 0.029 0.062
2 0.324 0.545 0.043 0.094
2 0.014 0.103 0.018 0.053
2 0.116 0.271 0.027 0.072
2 0.170 0.287 0.021 0.076
2 0.232 0.319 0.024 0.072
2 0.268 0.216 0.023 0.056
1 0.734 0.645 0.022 0.031
1 0.403 0.373 0.018 0.021
1 0.298 0.495 0.019 0.034
1 0.315 0.187 0.014 0.022
1 0.265 0.164 0.013 0.023
1 0.233 0.265 0.015 0.021
1 0.172 0.235 0.014 0.022
1 0.114 0.212 0.015 0.019
1 0.009 0.061 0.011 0.019
4 0.770 0.124 0.144 0.119
