2 0.377 0.704 0.018 0.055
2 0.398 0.690 0.020 0.040
2 0.419 0.706 0.022 0.060
2 0.435 0.685 0.028 0.063
2 0.462 0.672 0.027 0.061
1 0.373 0.666 0.013 0.014
1 0.395 0.657 0.010 0.019
1 0.413 0.661 0.014 0.017
1 0.432 0.643 0.018 0.028
1 0.453 0.631 0.009 0.015
0 0.380 0.714 0.027 0.120
0 0.397 0.679 0.022 0.059
0 0.420 0.724 0.032 0.137
0 0.440 0.712 0.038 0.169
0 0.465 0.689 0.034 0.144
14 0.647 0.819 0.067 0.174
12 0.442 0.343 0.049 0.062
13 0.750 0.791 0.470 0.381
14 0.778 0.471 0.068 0.069
14 0.785 0.680 0.037 0.068
14 0.861 0.712 0.030 0.069
14 0.983 0.772 0.033 0.044
7 0.473 0.522 0.052 0.100
14 0.623 0.520 0.079 0.100
