0 0.490 0.932 0.065 0.104
0 0.505 0.384 0.017 0.112
0 0.829 0.637 0.032 0.069
0 0.929 0.444 0.013 0.086
0 0.893 0.484 0.011 0.109
0 0.835 0.472 0.021 0.034
0 0.225 0.029 0.016 0.052
0 0.287 0.026 0.012 0.051
0 0.495 0.023 0.011 0.044
0 0.998 0.092 0.003 0.057
2 0.475 0.917 0.049 0.071
2 0.509 0.375 0.020 0.057
2 0.486 0.802 0.016 0.056
1 0.485 0.754 0.012 0.017
1 0.507 0.898 0.014 0.032
1 0.498 0.337 0.007 0.014
1 0.505 0.325 0.008 0.016
1 0.833 0.605 0.017 0.017
1 0.883 0.431 0.011 0.020
1 0.929 0.412 0.013 0.023
1 0.895 0.440 0.007 0.019
1 0.222 0.008 0.007 0.011
0 0.876 0.467 0.014 0.083
2 0.828 0.625 0.027 0.035
2 0.877 0.461 0.014 0.041
2 0.837 0.468 0.015 0.026
2 0.889 0.475 0.015 0.045
2 0.926 0.438 0.010 0.027
2 0.495 0.012 0.010 0.022
2 0.288 0.017 0.016 0.025
2 0.227 0.025 0.010 0.021
3 0.866 0.731 0.127 0.148
3 0.497 0.287 0.094 0.076
3 0.622 0.284 0.077 0.065
4 0.463 0.451 0.049 0.105
12 0.876 0.129 0.027 0.107
