0 0.053 0.456 0.021 0.128
0 0.283 0.630 0.028 0.193
0 0.503 0.563 0.032 0.156
0 0.287 0.282 0.019 0.081
0 0.283 0.209 0.019 0.072
0 0.247 0.175 0.019 0.095
0 0.261 0.171 0.011 0.085
1 0.058 0.405 0.013 0.026
1 0.284 0.538 0.012 0.021
1 0.247 0.135 0.008 0.015
1 0.261 0.135 0.007 0.015
1 0.287 0.247 0.009 0.012
1 0.493 0.494 0.011 0.015
2 0.505 0.538 0.024 0.068
2 0.281 0.595 0.024 0.074
2 0.286 0.284 0.012 0.041
2 0.285 0.200 0.015 0.049
2 0.247 0.165 0.016 0.039
2 0.051 0.450 0.026 0.059
4 0.326 0.383 0.138 0.139
4 0.078 0.844 0.156 0.113
