0 0.053 0.369 0.031 0.178
0 0.260 0.196 0.034 0.113
0 0.438 0.304 0.027 0.101
0 0.460 0.319 0.037 0.091
0 0.602 0.313 0.046 0.119
0 0.769 0.292 0.031 0.156
0 0.667 0.521 0.058 0.194
0 0.756 0.470 0.032 0.173
0 0.804 0.941 0.044 0.118
1 0.813 0.905 0.023 0.041
1 0.679 0.438 0.023 0.031
1 0.755 0.394 0.018 0.022
1 0.779 0.222 0.014 0.018
1 0.461 0.284 0.013 0.020
1 0.445 0.265 0.015 0.028
2 0.052 0.335 0.021 0.049
2 0.454 0.334 0.026 0.058
2 0.611 0.282 0.032 0.041
2 0.765 0.269 0.028 0.063
2 0.756 0.457 0.024 0.080
2 0.660 0.512 0.042 0.086
2 0.802 0.960 0.029 0.081
4 0.816 0.412 0.114 0.134
4 0.816 0.635 0.207 0.175
10 0.269 0.381 0.056 0.136
