0 0.047 0.681 0.050 0.169
0 0.211 0.775 0.052 0.166
0 0.446 0.658 0.042 0.184
0 0.176 0.298 0.040 0.137
0 0.772 0.626 0.039 0.095
1 0.179 0.243 0.029 0.042
1 0.050 0.605 0.019 0.050
1 0.211 0.706 0.027 0.044
1 0.461 0.600 0.021 0.038
1 0.775 0.597 0.019 0.041
12 0.714 0.380 0.062 0.136
11 0.456 0.526 0.153 0.160
7 0.311 0.192 0.101 0.187
7 0.435 0.195 0.107 0.202
7 0.568 0.247 0.142 0.338
7 0.336 0.391 0.121 0.236
7 0.658 0.806 0.270 0.381
7 0.879 0.899 0.144 0.177
7 0.701 0.209 0.131 0.209
11 0.482 0.662 0.103 0.140
2 0.772 0.626 0.036 0.057
2 0.444 0.639 0.030 0.073
2 0.050 0.664 0.026 0.077
2 0.179 0.285 0.030 0.038
13 0.172 0.300 0.269 0.598
