0 0.702 0.637 0.030 0.171
0 0.724 0.715 0.022 0.186
0 0.852 0.710 0.040 0.194
14 0.508 0.236 0.037 0.061
1 0.698 0.560 0.015 0.020
1 0.727 0.635 0.016 0.024
1 0.852 0.626 0.017 0.024
14 0.432 0.190 0.020 0.048
14 0.647 0.125 0.013 0.044
14 0.827 0.473 0.014 0.068
14 0.890 0.325 0.014 0.068
13 0.872 0.278 0.256 0.541
7 0.215 0.688 0.116 0.179
7 0.121 0.559 0.114 0.179
7 0.049 0.055 0.098 0.108
7 0.727 0.077 0.067 0.153
7 0.671 0.050 0.041 0.099
7 0.987 0.210 0.027 0.163
7 0.985 0.414 0.031 0.132
2 0.723 0.692 0.023 0.069
2 0.702 0.617 0.028 0.069
4 0.417 0.659 0.234 0.170
6 0.038 0.526 0.074 0.164
10 0.413 0.087 0.048 0.103
3 0.233 0.185 0.081 0.080
4 0.427 0.766 0.164 0.229
