0 0.482 0.220 0.042 0.271
0 0.111 0.189 0.071 0.221
0 0.244 0.133 0.034 0.134
0 0.359 0.114 0.021 0.052
0 0.452 0.105 0.016 0.070
2 0.475 0.180 0.031 0.069
2 0.110 0.217 0.062 0.110
2 0.250 0.138 0.036 0.068
1 0.477 0.106 0.023 0.031
1 0.109 0.116 0.032 0.049
1 0.245 0.081 0.016 0.021
1 0.363 0.096 0.009 0.015
2 0.360 0.119 0.015 0.025
2 0.449 0.096 0.006 0.019
1 0.448 0.076 0.009 0.011
11 0.183 0.496 0.365 0.451
11 0.350 0.233 0.161 0.150
11 0.374 0.154 0.040 0.039
11 0.250 0.229 0.040 0.045
14 0.178 0.019 0.091 0.022
14 0.298 0.052 0.031 0.020
14 0.657 0.082 0.071 0.023
14 0.026 0.046 0.051 0.037
14 0.271 0.022 0.052 0.031
13 0.753 0.573 0.493 0.855
13 0.804 0.062 0.194 0.031
