0 0.234 0.087 0.015 0.085
0 0.599 0.084 0.034 0.045
0 0.717 0.170 0.021 0.044
0 0.738 0.186 0.027 0.102
0 0.526 0.042 0.019 0.082
2 0.235 0.093 0.013 0.041
2 0.596 0.082 0.016 0.026
2 0.530 0.022 0.011 0.042
2 0.735 0.188 0.015 0.044
2 0.720 0.187 0.009 0.038
1 0.234 0.063 0.016 0.012
1 0.733 0.150 0.009 0.023
1 0.719 0.160 0.016 0.022
1 0.609 0.085 0.008 0.019
3 0.786 0.265 0.093 0.065
4 0.553 0.145 0.117 0.129
4 0.647 0.127 0.082 0.068
4 0.073 0.043 0.062 0.084
7 0.198 0.573 0.066 0.061
7 0.064 0.672 0.068 0.118
10 0.042 0.751 0.048 0.106
10 0.162 0.749 0.044 0.088
11 0.326 0.701 0.111 0.114
