0 0.054 0.656 0.041 0.080
0 0.353 0.583 0.024 0.132
0 0.558 0.620 0.050 0.098
0 0.859 0.666 0.030 0.070
0 0.383 0.850 0.048 0.136
0 0.280 0.145 0.022 0.092
1 0.373 0.794 0.016 0.024
1 0.574 0.584 0.015 0.024
1 0.061 0.638 0.010 0.020
1 0.282 0.103 0.011 0.010
1 0.861 0.681 0.009 0.020
1 0.854 0.643 0.013 0.015
2 0.353 0.538 0.021 0.041
2 0.553 0.583 0.030 0.025
2 0.282 0.132 0.016 0.029
2 0.385 0.841 0.028 0.070
2 0.850 0.680 0.009 0.027
4 0.742 0.640 0.153 0.111
4 0.784 0.790 0.224 0.101
4 0.311 0.602 0.054 0.114
4 0.316 0.702 0.078 0.069
3 0.487 0.631 0.107 0.089
4 0.625 0.232 0.059 0.070
4 0.626 0.163 0.060 0.063
