0 0.843 0.692 0.052 0.238
0 0.924 0.305 0.046 0.237
0 0.485 0.368 0.047 0.226
0 0.359 0.499 0.052 0.133
0 0.222 0.607 0.048 0.141
0 0.222 0.524 0.074 0.182
0 0.239 0.210 0.043 0.193
1 0.928 0.209 0.018 0.025
1 0.842 0.586 0.025 0.029
1 0.483 0.273 0.019 0.042
1 0.228 0.145 0.019 0.033
1 0.359 0.451 0.025 0.031
1 0.217 0.449 0.029 0.031
1 0.215 0.561 0.032 0.031
2 0.850 0.644 0.035 0.076
2 0.920 0.271 0.030 0.090
2 0.479 0.331 0.027 0.078
2 0.362 0.499 0.044 0.044
2 0.214 0.512 0.037 0.066
2 0.210 0.607 0.036 0.035
2 0.233 0.203 0.042 0.084
3 0.577 0.978 0.125 0.044
4 0.711 0.931 0.135 0.137
7 0.120 0.399 0.082 0.127
7 0.242 0.455 0.071 0.082
7 0.722 0.188 0.079 0.131
7 0.159 0.576 0.094 0.125
7 0.779 0.882 0.145 0.173
