0 0.955 0.503 0.030 0.144
0 0.664 0.498 0.019 0.074
0 0.495 0.482 0.033 0.069
0 0.346 0.382 0.024 0.056
0 0.296 0.151 0.016 0.041
0 0.343 0.128 0.016 0.056
0 0.383 0.106 0.014 0.035
0 0.418 0.125 0.014 0.053
0 0.439 0.151 0.010 0.042
2 0.952 0.490 0.030 0.041
1 0.959 0.454 0.013 0.025
1 0.670 0.482 0.013 0.028
1 0.486 0.474 0.010 0.023
2 0.500 0.468 0.022 0.036
2 0.663 0.506 0.015 0.036
2 0.342 0.387 0.014 0.033
2 0.439 0.155 0.009 0.024
2 0.420 0.127 0.008 0.025
2 0.383 0.111 0.009 0.022
2 0.346 0.122 0.008 0.023
2 0.298 0.159 0.007 0.021
1 0.295 0.143 0.007 0.007
1 0.345 0.107 0.008 0.014
1 0.385 0.094 0.006 0.013
1 0.417 0.112 0.006 0.014
1 0.439 0.138 0.005 0.010
1 0.341 0.368 0.007 0.010
3 0.396 0.369 0.061 0.080
10 0.284 0.208 0.017 0.023
10 0.570 0.180 0.009 0.043
