0 0.303 0.409 0.062 0.135
0 0.219 0.605 0.063 0.247
1 0.315 0.369 0.020 0.065
1 0.227 0.506 0.029 0.027
2 0.308 0.403 0.036 0.063
2 0.214 0.584 0.028 0.108
3 0.381 0.852 0.066 0.295
7 0.320 0.083 0.099 0.164
7 0.755 0.086 0.105 0.170
7 0.945 0.092 0.101 0.163
7 0.901 0.235 0.119 0.091
7 0.835 0.645 0.091 0.146
7 0.855 0.871 0.271 0.220
7 0.559 0.689 0.151 0.308
7 0.043 0.908 0.084 0.179
9 0.635 0.092 0.095 0.173
9 0.489 0.152 0.118 0.197
9 0.389 0.426 0.110 0.255
9 0.282 0.560 0.098 0.226
14 0.160 0.289 0.035 0.144
