0 0.903 0.798 0.034 0.127
0 0.757 0.797 0.032 0.086
0 0.731 0.764 0.039 0.072
0 0.653 0.694 0.045 0.094
0 0.355 0.819 0.035 0.171
0 0.050 0.385 0.026 0.108
0 0.174 0.402 0.034 0.065
0 0.242 0.122 0.016 0.078
0 0.675 0.104 0.012 0.061
0 0.713 0.115 0.010 0.080
0 0.980 0.963 0.037 0.074
1 0.045 0.339 0.011 0.020
1 0.184 0.380 0.011 0.019
1 0.744 0.741 0.014 0.028
1 0.768 0.767 0.014 0.024
1 0.648 0.657 0.014 0.025
2 0.045 0.370 0.016 0.042
2 0.752 0.812 0.022 0.049
2 0.355 0.785 0.016 0.038
2 0.908 0.765 0.025 0.056
2 0.673 0.102 0.014 0.031
10 0.566 0.853 0.057 0.146
