0 0.174 0.049 0.018 0.060
0 0.275 0.700 0.033 0.122
0 0.420 0.264 0.024 0.082
0 0.619 0.522 0.033 0.153
0 0.811 0.370 0.024 0.090
0 0.917 0.133 0.024 0.067
1 0.266 0.662 0.016 0.035
1 0.610 0.459 0.015 0.030
1 0.175 0.030 0.008 0.017
1 0.415 0.234 0.010 0.025
0 0.441 0.237 0.021 0.079
1 0.438 0.214 0.010 0.022
1 0.813 0.341 0.011 0.022
0 0.995 0.089 0.010 0.109
1 0.910 0.114 0.007 0.019
2 0.272 0.697 0.031 0.056
2 0.418 0.272 0.017 0.053
2 0.443 0.248 0.018 0.056
2 0.622 0.501 0.028 0.069
2 0.812 0.374 0.021 0.060
2 0.917 0.134 0.018 0.035
3 0.827 0.650 0.098 0.149
4 0.604 0.186 0.087 0.070
4 0.300 0.948 0.253 0.105
3 0.368 0.293 0.073 0.080
