0 0.024 0.594 0.045 0.177
0 0.137 0.822 0.043 0.192
0 0.220 0.708 0.053 0.206
0 0.070 0.467 0.048 0.165
0 0.385 0.144 0.079 0.178
0 0.548 0.449 0.048 0.176
2 0.552 0.444 0.027 0.073
2 0.404 0.134 0.042 0.070
2 0.152 0.015 0.034 0.028
2 0.223 0.681 0.032 0.081
2 0.137 0.806 0.028 0.069
2 0.018 0.582 0.024 0.068
2 0.071 0.451 0.027 0.065
1 0.205 0.620 0.020 0.021
1 0.134 0.747 0.011 0.021
1 0.015 0.522 0.017 0.021
1 0.550 0.376 0.018 0.021
1 0.395 0.068 0.018 0.019
0 0.152 0.039 0.045 0.077
7 0.110 0.865 0.071 0.084
7 0.614 0.585 0.079 0.140
7 0.789 0.832 0.204 0.197
7 0.027 0.815 0.051 0.110
