0 0.035 0.085 0.034 0.169
0 0.096 0.083 0.036 0.157
0 0.143 0.075 0.039 0.147
0 0.429 0.224 0.065 0.191
0 0.119 0.934 0.034 0.132
0 0.170 0.874 0.056 0.159
0 0.278 0.944 0.050 0.103
0 0.358 0.914 0.045 0.172
0 0.414 0.912 0.043 0.108
0 0.802 0.768 0.051 0.176
0 0.908 0.939 0.060 0.121
1 0.905 0.891 0.014 0.036
1 0.804 0.692 0.016 0.032
1 0.417 0.877 0.021 0.031
1 0.351 0.835 0.023 0.040
1 0.286 0.908 0.018 0.044
1 0.172 0.812 0.026 0.034
1 0.124 0.900 0.023 0.048
1 0.459 0.143 0.023 0.018
1 0.093 0.013 0.023 0.023
2 0.137 0.032 0.037 0.044
2 0.097 0.044 0.026 0.037
2 0.040 0.044 0.030 0.047
2 0.450 0.194 0.030 0.076
2 0.122 0.964 0.030 0.058
2 0.170 0.864 0.038 0.084
2 0.285 0.960 0.037 0.053
2 0.362 0.900 0.031 0.080
2 0.805 0.752 0.026 0.075
2 0.910 0.960 0.020 0.076
7 0.041 0.859 0.078 0.114
7 0.646 0.638 0.094 0.124
7 0.146 0.915 0.049 0.105
