14 0.377 0.200 0.028 0.045
0 0.109 0.263 0.023 0.066
0 0.334 0.273 0.022 0.050
0 0.432 0.184 0.027 0.100
0 0.474 0.193 0.014 0.099
0 0.396 0.388 0.034 0.073
0 0.721 0.306 0.031 0.065
0 0.867 0.285 0.024 0.058
0 0.586 0.195 0.030 0.048
0 0.554 0.106 0.025 0.052
11 0.216 0.265 0.091 0.076
1 0.391 0.361 0.009 0.015
1 0.336 0.252 0.009 0.013
1 0.375 0.270 0.008 0.019
1 0.471 0.151 0.008 0.015
1 0.422 0.162 0.007 0.012
1 0.430 0.146 0.008 0.013
1 0.583 0.180 0.007 0.019
1 0.715 0.282 0.011 0.019
1 0.866 0.256 0.009 0.015
14 0.083 0.233 0.014 0.039
14 0.499 0.087 0.013 0.038
2 0.868 0.287 0.017 0.038
2 0.553 0.107 0.020 0.031
2 0.472 0.185 0.011 0.038
2 0.435 0.175 0.016 0.029
2 0.331 0.271 0.012 0.043
2 0.386 0.386 0.014 0.038
10 0.283 0.202 0.016 0.043
10 0.584 0.486 0.021 0.081
