3 0.522 0.634 0.115 0.085
4 0.773 0.646 0.152 0.144
4 0.349 0.651 0.077 0.208
0 0.123 0.635 0.046 0.096
0 0.456 0.522 0.048 0.153
0 0.581 0.588 0.035 0.152
0 0.865 0.664 0.044 0.071
1 0.876 0.649 0.019 0.029
1 0.640 0.653 0.013 0.021
1 0.580 0.525 0.015 0.028
1 0.451 0.456 0.015 0.022
1 0.111 0.601 0.015 0.028
2 0.127 0.639 0.028 0.055
2 0.446 0.502 0.022 0.061
2 0.579 0.573 0.025 0.067
2 0.861 0.676 0.021 0.047
4 0.667 0.074 0.025 0.069
10 0.667 0.016 0.021 0.031
0 0.313 0.134 0.020 0.067
0 0.206 0.118 0.019 0.035
1 0.205 0.106 0.009 0.012
1 0.317 0.109 0.011 0.017
2 0.310 0.144 0.016 0.044
2 0.206 0.126 0.014 0.020
