0 0.276 0.565 0.028 0.181
0 0.351 0.870 0.040 0.173
0 0.452 0.850 0.037 0.177
0 0.434 0.656 0.038 0.190
11 0.608 0.351 0.144 0.164
11 0.627 0.477 0.092 0.148
1 0.353 0.799 0.019 0.029
1 0.449 0.770 0.017 0.030
1 0.431 0.575 0.018 0.029
1 0.276 0.487 0.017 0.024
14 0.289 0.304 0.013 0.075
14 0.347 0.148 0.011 0.062
13 0.311 0.188 0.204 0.371
7 0.786 0.557 0.171 0.254
7 0.768 0.757 0.207 0.217
7 0.911 0.725 0.078 0.238
7 0.964 0.777 0.072 0.236
7 0.725 0.118 0.149 0.234
7 0.860 0.063 0.138 0.124
7 0.508 0.222 0.150 0.205
7 0.475 0.055 0.103 0.107
7 0.592 0.049 0.123 0.090
2 0.431 0.623 0.030 0.078
2 0.454 0.830 0.027 0.079
2 0.348 0.841 0.027 0.047
2 0.274 0.544 0.025 0.079
