0 0.542 0.300 0.043 0.147
0 0.498 0.302 0.024 0.136
0 0.385 0.653 0.031 0.057
0 0.566 0.584 0.053 0.152
0 0.285 0.159 0.021 0.115
0 0.255 0.168 0.035 0.129
0 0.158 0.921 0.031 0.157
0 0.461 0.115 0.015 0.065
3 0.697 0.773 0.044 0.097
3 0.395 0.791 0.083 0.214
3 0.424 0.587 0.069 0.105
3 0.908 0.424 0.074 0.148
4 0.498 0.185 0.087 0.084
4 0.474 0.521 0.176 0.055
4 0.519 0.706 0.207 0.081
10 0.995 0.544 0.010 0.082
11 0.834 0.714 0.095 0.094
9 0.326 0.173 0.081 0.070
9 0.531 0.623 0.079 0.099
4 0.904 0.656 0.192 0.124
4 0.950 0.876 0.100 0.225
4 0.588 0.480 0.177 0.100
1 0.154 0.857 0.022 0.028
2 0.156 0.932 0.026 0.091
1 0.547 0.528 0.017 0.036
2 0.534 0.286 0.019 0.056
0 0.054 0.775 0.035 0.131
1 0.379 0.636 0.016 0.024
0 0.947 0.073 0.042 0.073
4 0.863 0.041 0.090 0.066
0 0.498 0.216 0.028 0.034
2 0.285 0.146 0.017 0.044
2 0.499 0.284 0.021 0.056
4 0.008 0.110 0.016 0.059
4 0.416 0.202 0.076 0.125
2 0.570 0.565 0.033 0.065
2 0.390 0.669 0.021 0.030
1 0.251 0.111 0.011 0.016
1 0.286 0.111 0.010 0.016
2 0.250 0.146 0.020 0.044
1 0.504 0.243 0.013 0.020
1 0.501 0.212 0.011 0.015
1 0.534 0.240 0.015 0.020
1 0.460 0.091 0.011 0.015
2 0.461 0.119 0.014 0.035
