0 0.097 0.447 0.036 0.136
0 0.034 0.454 0.023 0.110
0 0.139 0.069 0.019 0.070
0 0.446 0.430 0.017 0.091
0 0.552 0.366 0.034 0.084
0 0.676 0.361 0.035 0.124
0 0.707 0.357 0.021 0.091
0 0.692 0.075 0.029 0.099
0 0.610 0.087 0.021 0.096
0 0.421 0.897 0.044 0.195
2 0.033 0.458 0.019 0.050
2 0.091 0.441 0.027 0.053
2 0.425 0.869 0.044 0.083
2 0.441 0.423 0.017 0.047
2 0.549 0.380 0.023 0.051
2 0.678 0.355 0.017 0.053
2 0.702 0.362 0.018 0.040
2 0.686 0.062 0.015 0.042
2 0.606 0.073 0.013 0.032
2 0.140 0.070 0.014 0.024
1 0.090 0.390 0.014 0.030
1 0.037 0.418 0.017 0.024
1 0.411 0.814 0.019 0.038
1 0.444 0.391 0.011 0.019
1 0.564 0.343 0.012 0.021
1 0.683 0.319 0.016 0.027
10 0.992 0.156 0.017 0.051
11 0.488 0.439 0.073 0.080
