0 0.057 0.553 0.040 0.131
0 0.421 0.905 0.062 0.191
0 0.323 0.951 0.074 0.098
0 0.766 0.852 0.073 0.134
0 0.513 0.216 0.027 0.131
0 0.645 0.472 0.044 0.167
1 0.050 0.527 0.016 0.031
1 0.314 0.934 0.019 0.032
1 0.427 0.827 0.013 0.032
1 0.751 0.809 0.023 0.038
1 0.643 0.406 0.013 0.022
1 0.515 0.180 0.007 0.018
2 0.058 0.561 0.027 0.057
2 0.415 0.891 0.027 0.099
2 0.320 0.979 0.032 0.043
2 0.640 0.460 0.025 0.079
2 0.771 0.860 0.035 0.070
11 0.117 0.439 0.065 0.079
4 0.049 0.649 0.098 0.124
4 0.067 0.741 0.096 0.119
4 0.557 0.816 0.143 0.148
1 0.393 0.565 0.019 0.036
0 0.398 0.589 0.044 0.106
11 0.509 0.475 0.078 0.113
4 0.093 0.860 0.146 0.133
