10 0.355 0.539 0.068 0.202
10 0.291 0.559 0.046 0.154
10 0.515 0.615 0.029 0.048
0 0.510 0.039 0.026 0.076
0 0.403 0.362 0.041 0.094
0 0.704 0.417 0.033 0.186
0 0.809 0.709 0.049 0.148
0 0.846 0.782 0.035 0.215
0 0.834 0.450 0.040 0.190
10 0.775 0.039 0.032 0.077
5 0.707 0.057 0.103 0.101
1 0.410 0.329 0.016 0.030
1 0.705 0.341 0.015 0.025
1 0.847 0.374 0.015 0.023
2 0.835 0.424 0.025 0.073
2 0.701 0.395 0.023 0.071
1 0.843 0.696 0.020 0.034
4 0.932 0.718 0.136 0.147
4 0.930 0.451 0.140 0.129
0 0.144 0.586 0.025 0.093
