0 0.546 0.393 0.031 0.134
0 0.577 0.373 0.022 0.142
0 0.335 0.250 0.023 0.113
0 0.472 0.219 0.021 0.056
0 0.322 0.038 0.014 0.075
0 0.390 0.813 0.041 0.170
0 0.664 0.664 0.039 0.181
0 0.138 0.876 0.035 0.134
0 0.990 0.172 0.021 0.084
3 0.450 0.875 0.085 0.210
3 0.483 0.690 0.070 0.124
3 0.124 0.078 0.053 0.081
3 0.963 0.512 0.074 0.151
1 0.376 0.747 0.014 0.023
4 0.036 0.211 0.070 0.077
9 0.378 0.266 0.077 0.067
10 0.580 0.079 0.015 0.057
4 0.934 0.749 0.133 0.126
4 0.979 0.917 0.041 0.166
4 0.642 0.567 0.183 0.099
4 0.532 0.608 0.175 0.069
3 0.749 0.870 0.043 0.095
4 0.916 0.127 0.092 0.069
1 0.670 0.587 0.015 0.019
11 0.889 0.808 0.092 0.101
4 0.551 0.281 0.092 0.093
2 0.544 0.365 0.021 0.054
2 0.580 0.357 0.018 0.058
2 0.335 0.244 0.019 0.049
1 0.330 0.205 0.010 0.017
4 0.462 0.300 0.077 0.127
2 0.392 0.788 0.032 0.074
9 0.580 0.713 0.086 0.088
4 0.571 0.786 0.206 0.073
2 0.667 0.640 0.024 0.066
0 0.297 0.257 0.020 0.119
1 0.296 0.211 0.011 0.019
2 0.298 0.249 0.015 0.050
1 0.540 0.330 0.015 0.012
0 0.551 0.312 0.029 0.044
1 0.553 0.301 0.013 0.014
2 0.555 0.326 0.017 0.024
1 0.575 0.315 0.013 0.019
1 0.472 0.197 0.010 0.015
2 0.475 0.226 0.013 0.040
