0 0.623 0.701 0.036 0.072
0 0.616 0.584 0.030 0.122
0 0.745 0.577 0.036 0.078
0 0.881 0.669 0.030 0.131
0 0.012 0.323 0.023 0.032
0 0.068 0.135 0.013 0.034
0 0.078 0.102 0.018 0.059
0 0.138 0.129 0.014 0.069
0 0.150 0.131 0.019 0.041
0 0.192 0.144 0.018 0.065
0 0.217 0.171 0.031 0.061
0 0.117 0.218 0.014 0.056
0 0.283 0.221 0.021 0.067
0 0.312 0.232 0.016 0.078
0 0.336 0.225 0.022 0.083
0 0.412 0.247 0.017 0.077
0 0.280 0.381 0.016 0.094
0 0.580 0.133 0.022 0.043
0 0.642 0.269 0.019 0.046
0 0.684 0.251 0.015 0.036
0 0.672 0.302 0.014 0.066
0 0.694 0.306 0.014 0.057
0 0.713 0.147 0.016 0.063
0 0.746 0.205 0.017 0.038
0 0.872 0.138 0.024 0.040
0 0.909 0.174 0.015 0.041
0 0.945 0.172 0.019 0.097
0 0.726 0.298 0.013 0.048
0 0.751 0.358 0.032 0.090
0 0.968 0.194 0.016 0.078
0 0.970 0.148 0.026 0.049
1 0.873 0.613 0.021 0.016
1 0.738 0.546 0.011 0.017
1 0.612 0.681 0.009 0.034
1 0.618 0.533 0.012 0.023
1 0.960 0.132 0.005 0.014
1 0.965 0.159 0.007 0.011
1 0.943 0.136 0.005 0.011
1 0.912 0.165 0.007 0.004
1 0.864 0.125 0.005 0.010
1 0.749 0.196 0.008 0.014
1 0.715 0.121 0.007 0.006
1 0.727 0.287 0.008 0.019
1 0.742 0.326 0.006 0.015
1 0.684 0.239 0.007 0.013
1 0.674 0.281 0.008 0.009
1 0.687 0.284 0.008 0.012
1 0.638 0.260 0.006 0.011
1 0.584 0.114 0.005 0.007
1 0.414 0.215 0.007 0.013
1 0.335 0.194 0.007 0.009
1 0.309 0.211 0.007 0.013
1 0.280 0.193 0.007 0.011
1 0.222 0.151 0.015 0.013
1 0.196 0.136 0.005 0.008
1 0.138 0.104 0.005 0.007
1 0.146 0.125 0.005 0.015
1 0.118 0.195 0.006 0.013
1 0.007 0.314 0.008 0.019
1 0.074 0.081 0.006 0.012
1 0.065 0.123 0.007 0.011
2 0.011 0.324 0.014 0.026
2 0.069 0.131 0.009 0.020
2 0.077 0.099 0.008 0.020
2 0.137 0.120 0.009 0.023
2 0.148 0.137 0.009 0.024
2 0.119 0.217 0.010 0.027
2 0.193 0.150 0.013 0.026
2 0.217 0.171 0.020 0.024
2 0.277 0.219 0.014 0.037
2 0.312 0.233 0.010 0.034
2 0.341 0.217 0.012 0.031
2 0.277 0.379 0.012 0.034
1 0.278 0.351 0.010 0.015
2 0.415 0.241 0.010 0.031
2 0.581 0.135 0.010 0.022
2 0.642 0.270 0.009 0.022
2 0.672 0.287 0.008 0.032
2 0.683 0.263 0.010 0.031
2 0.695 0.295 0.011 0.028
2 0.713 0.146 0.006 0.030
2 0.744 0.206 0.017 0.016
2 0.728 0.301 0.012 0.027
2 0.749 0.361 0.013 0.037
2 0.873 0.134 0.010 0.020
2 0.909 0.178 0.014 0.019
2 0.945 0.158 0.009 0.026
2 0.967 0.181 0.011 0.027
2 0.969 0.149 0.011 0.024
2 0.883 0.661 0.026 0.064
2 0.748 0.576 0.020 0.035
2 0.625 0.703 0.027 0.032
2 0.615 0.564 0.014 0.049
3 0.669 0.595 0.087 0.105
3 0.720 0.384 0.080 0.064
4 0.386 0.574 0.096 0.088
4 0.348 0.776 0.125 0.131
4 0.763 0.654 0.067 0.119
4 0.832 0.702 0.081 0.153
4 0.863 0.809 0.164 0.106
7 0.053 0.413 0.038 0.084
9 0.447 0.389 0.069 0.076
10 0.555 0.301 0.047 0.057
10 0.780 0.317 0.023 0.062
11 0.767 0.756 0.070 0.084
11 0.671 0.127 0.052 0.046
