0 0.432 0.339 0.029 0.127
0 0.364 0.334 0.021 0.097
0 0.395 0.920 0.041 0.125
0 0.390 0.753 0.021 0.106
0 0.741 0.617 0.026 0.090
0 0.786 0.469 0.020 0.099
0 0.840 0.468 0.022 0.125
0 0.756 0.474 0.036 0.094
0 0.901 0.198 0.026 0.097
0 0.907 0.115 0.032 0.113
0 0.379 0.037 0.015 0.038
2 0.385 0.924 0.039 0.044
2 0.433 0.327 0.017 0.048
2 0.368 0.338 0.023 0.035
2 0.399 0.774 0.020 0.049
1 0.428 0.290 0.010 0.022
1 0.363 0.309 0.014 0.016
1 0.403 0.725 0.017 0.021
1 0.404 0.879 0.018 0.025
1 0.747 0.585 0.021 0.013
1 0.793 0.424 0.011 0.013
1 0.840 0.406 0.013 0.016
1 0.897 0.166 0.008 0.023
1 0.897 0.066 0.007 0.009
1 0.378 0.020 0.007 0.011
2 0.742 0.614 0.022 0.026
2 0.755 0.459 0.020 0.032
2 0.841 0.437 0.019 0.037
2 0.792 0.462 0.013 0.046
2 0.902 0.181 0.016 0.026
2 0.901 0.083 0.008 0.026
2 0.383 0.031 0.007 0.014
3 0.549 0.258 0.085 0.079
3 0.782 0.730 0.120 0.153
4 0.383 0.456 0.064 0.114
12 0.807 0.064 0.037 0.107
