0 0.031 0.180 0.035 0.106
0 0.182 0.386 0.031 0.131
0 0.202 0.438 0.038 0.114
0 0.516 0.723 0.041 0.147
0 0.732 0.640 0.033 0.071
0 0.745 0.206 0.031 0.135
0 0.709 0.156 0.031 0.062
0 0.805 0.144 0.034 0.081
0 0.859 0.147 0.026 0.068
0 0.970 0.263 0.033 0.105
1 0.739 0.158 0.014 0.026
1 0.808 0.116 0.015 0.030
1 0.861 0.126 0.009 0.022
1 0.972 0.220 0.015 0.019
1 0.711 0.135 0.008 0.013
1 0.193 0.395 0.013 0.029
1 0.181 0.328 0.015 0.025
1 0.029 0.126 0.014 0.022
1 0.515 0.675 0.014 0.022
1 0.741 0.622 0.011 0.035
2 0.966 0.256 0.019 0.056
2 0.738 0.194 0.018 0.049
2 0.703 0.152 0.019 0.026
2 0.195 0.444 0.020 0.063
2 0.179 0.376 0.017 0.057
2 0.028 0.155 0.019 0.049
2 0.517 0.720 0.024 0.059
2 0.721 0.637 0.017 0.044
5 0.458 0.196 0.204 0.043
5 0.446 0.254 0.167 0.038
5 0.459 0.346 0.116 0.106
5 0.254 0.361 0.066 0.044
5 0.228 0.342 0.059 0.043
5 0.404 0.329 0.078 0.035
