0 0.743 0.715 0.043 0.216
0 0.631 0.923 0.051 0.155
0 0.752 0.465 0.036 0.178
0 0.378 0.522 0.039 0.186
0 0.897 0.113 0.024 0.110
2 0.377 0.498 0.027 0.072
2 0.634 0.933 0.037 0.088
2 0.741 0.689 0.024 0.083
1 0.381 0.443 0.017 0.028
1 0.637 0.866 0.028 0.036
1 0.743 0.624 0.019 0.027
1 0.910 0.068 0.010 0.012
4 0.090 0.268 0.092 0.104
4 0.043 0.161 0.084 0.063
4 0.217 0.320 0.111 0.106
4 0.276 0.334 0.052 0.074
3 0.176 0.241 0.090 0.067
7 0.273 0.543 0.141 0.167
7 0.262 0.959 0.110 0.082
7 0.954 0.807 0.072 0.157
7 0.885 0.909 0.078 0.182
7 0.404 0.225 0.108 0.130
10 0.614 0.142 0.047 0.061
9 0.418 0.325 0.065 0.083
9 0.500 0.284 0.074 0.079
9 0.956 0.601 0.062 0.114
9 0.961 0.703 0.078 0.100
14 0.890 0.425 0.041 0.066
7 0.659 0.938 0.099 0.123
7 0.419 0.659 0.056 0.081
