0 0.138 0.682 0.041 0.096
0 0.909 0.362 0.036 0.128
0 0.399 0.208 0.019 0.080
0 0.488 0.162 0.015 0.076
0 0.514 0.163 0.018 0.076
0 0.276 0.151 0.012 0.062
0 0.255 0.227 0.014 0.082
0 0.814 0.229 0.027 0.119
2 0.138 0.686 0.024 0.058
2 0.904 0.354 0.021 0.048
2 0.399 0.191 0.011 0.026
2 0.254 0.218 0.008 0.028
1 0.137 0.637 0.014 0.025
1 0.423 0.866 0.023 0.032
1 0.904 0.318 0.013 0.024
0 0.426 0.892 0.062 0.093
0 0.648 0.148 0.044 0.050
11 0.143 0.751 0.064 0.085
4 0.059 0.968 0.117 0.065
11 0.546 0.769 0.085 0.091
