0 0.192 0.645 0.043 0.178
0 0.309 0.219 0.026 0.142
0 0.505 0.163 0.027 0.119
1 0.180 0.565 0.011 0.014
1 0.309 0.160 0.010 0.019
1 0.511 0.113 0.010 0.019
2 0.307 0.203 0.019 0.054
2 0.508 0.157 0.019 0.053
2 0.192 0.606 0.028 0.058
4 0.834 0.330 0.098 0.082
4 0.802 0.229 0.102 0.073
4 0.961 0.390 0.079 0.066
3 0.914 0.306 0.089 0.086
7 0.706 0.783 0.100 0.181
7 0.968 0.651 0.063 0.169
10 0.211 0.221 0.033 0.062
7 0.505 0.785 0.078 0.208
7 0.504 0.673 0.135 0.161
7 0.449 0.605 0.134 0.156
7 0.646 0.936 0.089 0.129
