0 0.435 0.467 0.019 0.106
0 0.184 0.071 0.022 0.111
0 0.724 0.412 0.019 0.104
0 0.783 0.273 0.022 0.050
0 0.801 0.320 0.016 0.052
0 0.868 0.367 0.022 0.066
0 0.967 0.327 0.017 0.091
0 0.598 0.055 0.016 0.050
0 0.689 0.102 0.020 0.073
0 0.875 0.025 0.009 0.044
0 0.892 0.027 0.009 0.047
1 0.598 0.037 0.008 0.010
1 0.686 0.075 0.007 0.008
1 0.788 0.262 0.010 0.015
1 0.803 0.301 0.009 0.013
1 0.866 0.343 0.009 0.009
1 0.725 0.377 0.012 0.012
2 0.187 0.057 0.017 0.048
2 0.436 0.456 0.018 0.050
2 0.728 0.412 0.011 0.038
2 0.871 0.361 0.015 0.024
2 0.801 0.323 0.011 0.022
2 0.600 0.060 0.011 0.031
2 0.692 0.095 0.015 0.029
2 0.968 0.312 0.013 0.035
1 0.970 0.287 0.009 0.013
3 0.614 0.117 0.066 0.074
