0 0.151 0.900 0.009 0.031
0 0.084 0.843 0.009 0.030
0 0.564 0.894 0.010 0.032
0 0.635 0.869 0.009 0.028
0 0.685 0.855 0.008 0.031
1 0.685 0.844 0.002 0.006
1 0.632 0.860 0.002 0.006
2 0.635 0.865 0.005 0.012
2 0.686 0.852 0.005 0.010
6 0.422 0.781 0.008 0.027
4 0.310 0.735 0.016 0.019
11 0.248 0.885 0.029 0.031
10 0.473 0.901 0.015 0.021
14 0.489 0.553 0.013 0.030
14 0.202 0.617 0.097 0.019
11 0.924 0.635 0.029 0.039
13 0.138 0.714 0.067 0.038
13 0.160 0.631 0.167 0.013
13 0.167 0.593 0.173 0.012
14 0.143 0.594 0.037 0.011
14 0.136 0.632 0.038 0.008
14 0.332 0.627 0.027 0.006
