0 0.264 0.817 0.039 0.060
0 0.516 0.288 0.023 0.108
0 0.637 0.511 0.030 0.161
0 0.065 0.772 0.036 0.106
0 0.817 0.490 0.026 0.139
0 0.855 0.406 0.031 0.044
0 0.816 0.357 0.032 0.066
0 0.954 0.071 0.022 0.104
4 0.943 0.809 0.114 0.168
4 0.566 0.902 0.210 0.166
1 0.534 0.230 0.010 0.020
1 0.522 0.244 0.011 0.018
1 0.631 0.443 0.020 0.031
1 0.252 0.825 0.016 0.027
1 0.947 0.035 0.013 0.026
1 0.816 0.441 0.019 0.031
2 0.639 0.488 0.023 0.059
2 0.820 0.493 0.027 0.080
12 0.185 0.033 0.048 0.065
2 0.951 0.063 0.019 0.037
