0 0.867 0.235 0.028 0.115
0 0.943 0.214 0.022 0.103
1 0.947 0.194 0.013 0.015
1 0.868 0.202 0.013 0.018
2 0.860 0.236 0.023 0.057
2 0.943 0.228 0.023 0.048
5 0.177 0.543 0.351 0.311
5 0.425 0.747 0.849 0.506
9 0.901 0.263 0.041 0.057
11 0.603 0.230 0.079 0.081
13 0.709 0.262 0.144 0.103
14 0.536 0.074 0.101 0.078
14 0.640 0.079 0.112 0.080
14 0.674 0.144 0.053 0.039
14 0.846 0.148 0.069 0.054
14 0.895 0.151 0.031 0.061
14 0.110 0.034 0.219 0.067
9 0.129 0.341 0.134 0.185
14 0.206 0.311 0.053 0.106
