4 0.136 0.514 0.055 0.123
4 0.401 0.253 0.116 0.085
4 0.339 0.503 0.064 0.137
4 0.322 0.373 0.078 0.153
0 0.317 0.579 0.036 0.074
0 0.395 0.460 0.025 0.133
0 0.439 0.455 0.022 0.104
9 0.459 0.391 0.088 0.050
0 0.452 0.338 0.032 0.051
0 0.633 0.569 0.027 0.094
2 0.393 0.446 0.019 0.054
0 0.206 0.403 0.020 0.090
0 0.307 0.528 0.021 0.069
2 0.633 0.567 0.021 0.038
1 0.205 0.368 0.013 0.019
1 0.395 0.407 0.012 0.021
2 0.440 0.454 0.018 0.042
2 0.451 0.334 0.023 0.033
1 0.635 0.531 0.014 0.019
1 0.308 0.504 0.014 0.021
1 0.436 0.413 0.009 0.016
2 0.309 0.572 0.020 0.050
1 0.330 0.551 0.013 0.025
