0 0.330 0.024 0.020 0.045
0 0.480 0.562 0.035 0.172
0 0.367 0.947 0.034 0.106
11 0.535 0.450 0.149 0.154
11 0.560 0.572 0.091 0.147
1 0.363 0.907 0.018 0.029
1 0.466 0.489 0.013 0.020
13 0.247 0.272 0.228 0.539
14 0.215 0.449 0.012 0.071
14 0.265 0.289 0.013 0.068
7 0.085 0.065 0.069 0.128
7 0.381 0.126 0.093 0.197
7 0.515 0.105 0.148 0.172
7 0.640 0.192 0.152 0.226
7 0.760 0.097 0.153 0.132
7 0.428 0.339 0.157 0.217
7 0.718 0.622 0.158 0.240
7 0.710 0.829 0.194 0.199
7 0.854 0.769 0.072 0.236
7 0.942 0.819 0.117 0.237
2 0.480 0.536 0.028 0.077
2 0.366 0.963 0.022 0.073
7 0.650 0.049 0.058 0.095
7 0.034 0.058 0.049 0.106
3 0.974 0.348 0.052 0.354
3 0.962 0.647 0.077 0.128
