11 0.858 0.889 0.091 0.105
4 0.021 0.280 0.041 0.076
4 0.521 0.350 0.087 0.086
4 0.886 0.206 0.094 0.065
4 0.544 0.871 0.204 0.079
4 0.497 0.682 0.172 0.073
4 0.593 0.644 0.160 0.086
4 0.923 0.820 0.154 0.110
4 0.961 0.956 0.077 0.089
4 0.436 0.368 0.073 0.122
3 0.097 0.146 0.052 0.083
3 0.418 0.923 0.081 0.155
3 0.718 0.949 0.045 0.100
3 0.457 0.757 0.071 0.122
3 0.932 0.590 0.074 0.155
9 0.354 0.338 0.075 0.067
9 0.551 0.782 0.086 0.108
0 0.295 0.101 0.014 0.089
0 0.307 0.329 0.019 0.106
0 0.402 0.270 0.022 0.080
0 0.520 0.468 0.025 0.139
0 0.548 0.456 0.028 0.144
0 0.697 0.706 0.042 0.152
0 0.348 0.895 0.045 0.168
10 0.552 0.152 0.016 0.054
0 0.329 0.078 0.010 0.056
2 0.351 0.865 0.026 0.069
2 0.696 0.696 0.026 0.077
1 0.699 0.637 0.014 0.020
1 0.342 0.821 0.017 0.021
2 0.307 0.319 0.015 0.041
2 0.518 0.452 0.022 0.053
2 0.295 0.095 0.009 0.031
0 0.970 0.255 0.045 0.076
1 0.309 0.287 0.011 0.019
1 0.399 0.242 0.010 0.015
2 0.401 0.272 0.015 0.044
4 0.431 0.373 0.068 0.118
1 0.548 0.396 0.014 0.022
1 0.520 0.408 0.013 0.015
0 0.524 0.391 0.028 0.049
1 0.525 0.377 0.013 0.015
2 0.548 0.436 0.021 0.053
