0 0.220 0.196 0.018 0.058
0 0.498 0.385 0.030 0.050
0 0.438 0.252 0.027 0.049
0 0.827 0.357 0.030 0.054
0 0.975 0.366 0.030 0.051
0 0.686 0.214 0.026 0.056
0 0.650 0.126 0.019 0.048
0 0.863 0.117 0.015 0.078
11 0.318 0.220 0.090 0.077
1 0.822 0.336 0.010 0.019
1 0.509 0.369 0.009 0.019
1 0.441 0.234 0.009 0.019
1 0.480 0.269 0.006 0.017
0 0.836 0.230 0.013 0.110
14 0.191 0.169 0.024 0.046
14 0.480 0.188 0.027 0.040
14 0.609 0.095 0.014 0.031
2 0.222 0.204 0.015 0.038
2 0.499 0.384 0.026 0.037
2 0.429 0.251 0.012 0.031
2 0.689 0.207 0.014 0.026
2 0.836 0.211 0.011 0.031
2 0.863 0.110 0.010 0.036
10 0.667 0.515 0.022 0.093
10 0.384 0.171 0.018 0.054
1 0.219 0.170 0.007 0.008
1 0.678 0.194 0.009 0.016
1 0.562 0.122 0.009 0.018
1 0.835 0.181 0.009 0.017
1 0.984 0.346 0.009 0.013
