5 0.368 0.953 0.278 0.031
0 0.174 0.950 0.029 0.099
0 0.317 0.946 0.034 0.108
0 0.681 0.971 0.040 0.057
0 0.331 0.702 0.037 0.143
0 0.292 0.548 0.029 0.113
0 0.213 0.481 0.027 0.120
0 0.236 0.394 0.020 0.111
0 0.223 0.371 0.016 0.088
0 0.400 0.419 0.018 0.111
0 0.625 0.487 0.029 0.086
0 0.635 0.287 0.017 0.090
0 0.609 0.263 0.021 0.053
0 0.102 0.305 0.016 0.087
0 0.084 0.295 0.030 0.068
0 0.018 0.105 0.010 0.077
0 0.031 0.084 0.013 0.069
0 0.113 0.105 0.015 0.079
0 0.823 0.507 0.031 0.057
0 0.816 0.608 0.035 0.113
0 0.769 0.271 0.021 0.101
2 0.176 0.961 0.021 0.062
2 0.321 0.963 0.034 0.054
2 0.693 0.981 0.018 0.038
2 0.822 0.476 0.022 0.033
2 0.819 0.600 0.014 0.069
2 0.623 0.487 0.023 0.056
2 0.637 0.269 0.009 0.037
2 0.608 0.261 0.014 0.027
2 0.328 0.684 0.022 0.065
2 0.293 0.535 0.023 0.068
2 0.402 0.411 0.019 0.051
2 0.211 0.472 0.013 0.054
2 0.237 0.377 0.014 0.056
2 0.222 0.362 0.010 0.049
2 0.102 0.294 0.006 0.046
2 0.085 0.267 0.015 0.023
2 0.114 0.087 0.007 0.021
2 0.019 0.093 0.013 0.031
2 0.029 0.079 0.008 0.031
1 0.032 0.056 0.006 0.012
1 0.022 0.070 0.008 0.009
1 0.111 0.059 0.007 0.013
1 0.073 0.271 0.008 0.009
1 0.102 0.269 0.007 0.019
1 0.225 0.334 0.011 0.015
1 0.240 0.359 0.015 0.031
1 0.211 0.427 0.018 0.025
1 0.282 0.494 0.008 0.019
1 0.403 0.372 0.011 0.018
1 0.331 0.646 0.022 0.022
1 0.177 0.921 0.024 0.011
1 0.316 0.901 0.027 0.049
1 0.808 0.566 0.007 0.026
1 0.822 0.507 0.012 0.019
1 0.633 0.452 0.014 0.028
1 0.767 0.237 0.010 0.012
1 0.611 0.244 0.008 0.013
1 0.634 0.246 0.010 0.015
3 0.741 0.298 0.042 0.111
3 0.580 0.517 0.067 0.146
3 0.118 0.837 0.087 0.185
3 0.153 0.639 0.073 0.048
3 0.980 0.962 0.039 0.077
4 0.548 0.192 0.090 0.074
4 0.904 0.307 0.096 0.121
4 0.823 0.370 0.074 0.091
4 0.819 0.910 0.224 0.146
4 0.963 0.815 0.074 0.092
4 0.609 0.673 0.108 0.088
4 0.626 0.870 0.139 0.162
4 0.243 0.764 0.161 0.094
10 0.646 0.602 0.024 0.026
11 0.491 0.761 0.096 0.082
13 0.865 0.138 0.156 0.046
