0 0.528 0.512 0.032 0.147
0 0.606 0.569 0.034 0.132
0 0.401 0.317 0.021 0.095
0 0.415 0.317 0.014 0.042
0 0.417 0.349 0.015 0.043
0 0.711 0.456 0.034 0.119
0 0.530 0.391 0.021 0.063
0 0.549 0.434 0.027 0.121
0 0.616 0.699 0.032 0.092
0 0.634 0.961 0.035 0.078
0 0.943 0.556 0.032 0.074
0 0.338 0.145 0.017 0.079
0 0.349 0.126 0.017 0.078
0 0.427 0.139 0.018 0.050
4 0.907 0.747 0.129 0.100
4 0.933 0.910 0.134 0.164
3 0.482 0.718 0.204 0.172
3 0.424 0.842 0.081 0.206
3 0.883 0.557 0.073 0.126
4 0.459 0.368 0.065 0.109
4 0.082 0.291 0.083 0.093
4 0.851 0.234 0.096 0.069
4 0.346 0.422 0.098 0.124
11 0.807 0.802 0.104 0.103
1 0.418 0.319 0.027 0.021
1 0.395 0.282 0.009 0.019
1 0.415 0.302 0.009 0.017
1 0.530 0.376 0.011 0.019
1 0.526 0.450 0.012 0.025
1 0.548 0.383 0.010 0.021
1 0.601 0.514 0.011 0.024
1 0.339 0.113 0.009 0.015
1 0.349 0.094 0.010 0.020
1 0.634 0.943 0.025 0.044
1 0.559 0.961 0.022 0.030
1 0.621 0.664 0.014 0.030
2 0.528 0.501 0.020 0.052
2 0.608 0.545 0.019 0.038
2 0.712 0.442 0.020 0.060
2 0.548 0.425 0.020 0.040
2 0.617 0.707 0.021 0.055
2 0.338 0.133 0.012 0.031
2 0.349 0.120 0.011 0.035
11 0.533 0.855 0.131 0.110
