0 0.329 0.516 0.036 0.143
0 0.407 0.569 0.041 0.108
0 0.518 0.455 0.026 0.115
0 0.357 0.437 0.024 0.121
0 0.743 0.531 0.034 0.093
2 0.331 0.494 0.017 0.050
2 0.406 0.556 0.030 0.037
2 0.745 0.523 0.026 0.036
1 0.332 0.450 0.033 0.033
1 0.405 0.525 0.026 0.040
1 0.761 0.495 0.022 0.029
1 0.438 0.933 0.021 0.034
1 0.307 0.954 0.013 0.035
11 0.615 0.795 0.094 0.141
3 0.233 0.819 0.072 0.270
3 0.349 0.812 0.216 0.168
3 0.661 0.239 0.084 0.070
3 0.859 0.343 0.057 0.110
3 0.689 0.561 0.070 0.160
4 0.909 0.938 0.182 0.119
