0 0.789 0.225 0.018 0.069
0 0.828 0.260 0.033 0.055
0 0.947 0.315 0.041 0.131
0 0.428 0.421 0.039 0.052
4 0.413 0.239 0.154 0.122
4 0.793 0.345 0.081 0.101
4 0.337 0.414 0.124 0.160
4 0.904 0.481 0.141 0.119
4 0.905 0.616 0.157 0.065
3 0.958 0.665 0.083 0.094
7 0.028 0.316 0.048 0.088
7 0.115 0.346 0.144 0.120
11 0.813 0.447 0.076 0.110
1 0.418 0.407 0.014 0.029
1 0.787 0.201 0.010 0.022
1 0.839 0.243 0.008 0.020
1 0.447 0.125 0.008 0.016
0 0.450 0.142 0.022 0.071
2 0.449 0.155 0.018 0.032
2 0.789 0.236 0.015 0.041
2 0.823 0.262 0.018 0.041
2 0.949 0.297 0.023 0.047
