0 0.115 0.436 0.054 0.137
0 0.167 0.429 0.056 0.106
0 0.232 0.392 0.039 0.176
0 0.206 0.634 0.058 0.206
0 0.280 0.706 0.045 0.185
0 0.629 0.423 0.045 0.193
0 0.710 0.340 0.068 0.180
1 0.009 0.419 0.016 0.031
1 0.126 0.402 0.019 0.041
1 0.154 0.397 0.018 0.027
1 0.244 0.326 0.016 0.031
1 0.220 0.552 0.035 0.046
1 0.271 0.637 0.023 0.047
1 0.623 0.354 0.024 0.040
1 0.691 0.262 0.014 0.028
10 0.241 0.055 0.036 0.098
4 0.646 0.219 0.140 0.100
4 0.355 0.444 0.191 0.106
2 0.104 0.412 0.029 0.044
2 0.174 0.425 0.031 0.047
2 0.228 0.366 0.029 0.063
2 0.623 0.402 0.027 0.059
2 0.709 0.300 0.027 0.053
2 0.285 0.701 0.041 0.076
2 0.195 0.611 0.036 0.079
