0 0.308 0.250 0.029 0.056
0 0.831 0.194 0.052 0.120
0 0.926 0.204 0.035 0.167
0 0.736 0.042 0.039 0.060
0 0.797 0.037 0.043 0.066
0 0.093 0.175 0.030 0.097
1 0.928 0.136 0.013 0.019
1 0.831 0.153 0.014 0.020
2 0.832 0.196 0.040 0.045
2 0.926 0.190 0.027 0.053
1 0.738 0.010 0.013 0.019
2 0.320 0.245 0.018 0.030
2 0.099 0.174 0.016 0.054
2 0.730 0.043 0.020 0.036
2 0.803 0.031 0.017 0.061
3 0.849 0.315 0.104 0.155
4 0.562 0.302 0.156 0.130
4 0.223 0.352 0.114 0.131
9 0.109 0.369 0.068 0.104
10 0.181 0.057 0.022 0.038
10 0.115 0.414 0.010 0.049
