0 0.387 0.211 0.029 0.119
0 0.415 0.236 0.019 0.095
0 0.541 0.437 0.039 0.177
0 0.565 0.349 0.022 0.140
0 0.547 0.308 0.020 0.097
0 0.672 0.951 0.045 0.098
0 0.600 0.964 0.047 0.071
0 0.629 0.503 0.025 0.156
0 0.731 0.352 0.039 0.141
4 0.936 0.685 0.128 0.131
3 0.436 0.822 0.097 0.201
3 0.529 0.691 0.228 0.233
4 0.029 0.200 0.057 0.080
3 0.912 0.100 0.102 0.075
11 0.874 0.744 0.135 0.114
1 0.383 0.172 0.008 0.020
1 0.412 0.203 0.014 0.022
1 0.542 0.363 0.015 0.023
1 0.545 0.266 0.011 0.019
1 0.564 0.286 0.014 0.027
1 0.721 0.297 0.015 0.031
1 0.603 0.944 0.031 0.030
1 0.670 0.930 0.020 0.046
2 0.541 0.415 0.020 0.054
2 0.632 0.481 0.021 0.063
2 0.652 0.648 0.021 0.068
1 0.648 0.600 0.014 0.021
0 0.652 0.635 0.036 0.095
2 0.728 0.339 0.023 0.055
2 0.387 0.206 0.019 0.043
2 0.676 0.972 0.028 0.046
11 0.552 0.834 0.127 0.101
