0 0.082 0.081 0.024 0.104
0 0.140 0.103 0.033 0.108
0 0.167 0.079 0.031 0.121
0 0.313 0.280 0.030 0.152
0 0.496 0.577 0.057 0.088
0 0.980 0.449 0.033 0.090
1 0.085 0.038 0.015 0.028
1 0.134 0.053 0.016 0.036
1 0.166 0.027 0.016 0.028
1 0.317 0.225 0.018 0.032
1 0.519 0.566 0.014 0.037
1 0.987 0.412 0.015 0.039
4 0.214 0.344 0.172 0.091
2 0.082 0.077 0.014 0.046
2 0.138 0.088 0.019 0.039
2 0.164 0.063 0.014 0.040
2 0.313 0.257 0.017 0.050
2 0.497 0.563 0.036 0.050
2 0.984 0.450 0.015 0.040
7 0.039 0.073 0.067 0.087
4 0.162 0.421 0.101 0.119
