0 0.443 0.435 0.041 0.093
0 0.734 0.228 0.042 0.081
0 0.938 0.217 0.031 0.192
0 0.895 0.458 0.069 0.127
0 0.917 0.601 0.028 0.227
0 0.751 0.120 0.028 0.177
0 0.778 0.129 0.033 0.163
0 0.522 0.093 0.046 0.091
1 0.532 0.067 0.015 0.031
1 0.748 0.047 0.018 0.026
1 0.778 0.057 0.016 0.022
1 0.943 0.137 0.018 0.026
1 0.870 0.412 0.022 0.035
1 0.913 0.505 0.015 0.031
10 0.460 0.267 0.069 0.181
10 0.621 0.361 0.028 0.046
4 0.965 0.439 0.070 0.096
2 0.777 0.119 0.028 0.085
1 0.438 0.412 0.026 0.032
2 0.447 0.451 0.029 0.054
10 0.395 0.273 0.041 0.130
3 0.056 0.853 0.111 0.178
2 0.898 0.454 0.049 0.063
2 0.918 0.575 0.031 0.105
2 0.738 0.232 0.028 0.059
2 0.750 0.100 0.026 0.070
2 0.522 0.106 0.034 0.057
2 0.938 0.189 0.026 0.070
