0 0.403 0.228 0.016 0.110
0 0.443 0.279 0.022 0.150
0 0.529 0.282 0.026 0.144
0 0.917 0.370 0.053 0.274
0 0.825 0.191 0.041 0.111
0 0.823 0.373 0.049 0.240
2 0.402 0.217 0.014 0.042
2 0.443 0.265 0.015 0.056
2 0.527 0.273 0.019 0.048
1 0.528 0.225 0.013 0.015
1 0.445 0.217 0.013 0.019
1 0.406 0.181 0.008 0.010
2 0.826 0.348 0.033 0.099
2 0.918 0.342 0.042 0.117
1 0.916 0.257 0.026 0.026
1 0.833 0.268 0.024 0.028
1 0.842 0.145 0.016 0.026
2 0.822 0.199 0.028 0.060
5 0.201 0.541 0.401 0.251
5 0.650 0.386 0.161 0.085
10 0.273 0.192 0.116 0.073
10 0.865 0.275 0.021 0.045
14 0.615 0.200 0.044 0.024
14 0.747 0.191 0.061 0.031
14 0.469 0.036 0.124 0.070
14 0.644 0.208 0.020 0.025
13 0.522 0.183 0.104 0.091
13 0.979 0.346 0.042 0.106
