0 0.553 0.075 0.033 0.148
0 0.596 0.248 0.034 0.197
0 0.684 0.237 0.034 0.189
0 0.877 0.632 0.050 0.242
0 0.641 0.914 0.049 0.171
1 0.607 0.174 0.027 0.045
1 0.694 0.164 0.027 0.039
1 0.635 0.856 0.028 0.044
1 0.882 0.534 0.019 0.037
2 0.642 0.920 0.039 0.105
2 0.876 0.606 0.052 0.106
2 0.686 0.215 0.034 0.082
2 0.598 0.229 0.030 0.085
2 0.549 0.034 0.036 0.067
3 0.898 0.920 0.199 0.144
7 0.564 0.180 0.105 0.133
7 0.567 0.351 0.118 0.147
7 0.624 0.553 0.121 0.229
7 0.263 0.644 0.239 0.204
7 0.170 0.778 0.144 0.230
7 0.218 0.942 0.144 0.117
7 0.396 0.920 0.108 0.160
7 0.103 0.430 0.205 0.143
7 0.228 0.229 0.159 0.216
7 0.261 0.055 0.218 0.107
