14 0.622 0.345 0.037 0.079
0 0.821 0.831 0.030 0.178
1 0.820 0.755 0.020 0.035
13 0.927 0.499 0.146 0.405
14 0.936 0.621 0.018 0.077
14 0.549 0.293 0.020 0.045
14 0.768 0.246 0.012 0.046
7 0.051 0.047 0.100 0.093
7 0.115 0.081 0.116 0.141
7 0.191 0.110 0.073 0.122
7 0.230 0.627 0.107 0.172
7 0.312 0.763 0.100 0.182
7 0.832 0.131 0.106 0.253
7 0.471 0.037 0.182 0.073
7 0.510 0.069 0.057 0.104
7 0.932 0.084 0.043 0.082
7 0.985 0.092 0.030 0.090
2 0.821 0.806 0.027 0.059
4 0.518 0.759 0.238 0.196
4 0.522 0.865 0.161 0.226
6 0.092 0.550 0.175 0.240
10 0.534 0.194 0.046 0.096
3 0.358 0.261 0.084 0.082
