0 0.258 0.206 0.017 0.078
0 0.682 0.800 0.027 0.096
0 0.622 0.503 0.023 0.066
0 0.790 0.347 0.024 0.070
0 0.662 0.192 0.013 0.052
0 0.603 0.166 0.018 0.058
0 0.478 0.128 0.015 0.056
0 0.549 0.129 0.010 0.058
1 0.679 0.763 0.010 0.013
1 0.624 0.480 0.008 0.015
1 0.463 0.423 0.006 0.019
1 0.786 0.324 0.007 0.010
1 0.662 0.171 0.006 0.012
1 0.547 0.106 0.004 0.009
1 0.256 0.171 0.004 0.007
0 0.457 0.454 0.017 0.079
2 0.256 0.196 0.011 0.019
2 0.457 0.449 0.009 0.036
2 0.622 0.505 0.011 0.029
2 0.664 0.194 0.011 0.023
2 0.786 0.351 0.009 0.031
2 0.602 0.158 0.009 0.020
2 0.548 0.125 0.007 0.023
2 0.477 0.120 0.010 0.019
6 0.696 0.608 0.041 0.084
6 0.685 0.505 0.046 0.079
6 0.609 0.717 0.041 0.072
6 0.597 0.504 0.045 0.094
6 0.447 0.742 0.047 0.085
6 0.732 0.731 0.058 0.089
