0 0.805 0.921 0.045 0.130
0 0.261 0.400 0.031 0.081
0 0.345 0.144 0.023 0.047
0 0.413 0.166 0.021 0.034
0 0.794 0.481 0.030 0.163
0 0.721 0.110 0.023 0.056
0 0.926 0.081 0.025 0.063
0 0.951 0.123 0.015 0.102
0 0.917 0.293 0.023 0.121
10 0.773 0.152 0.019 0.071
1 0.797 0.870 0.016 0.022
1 0.257 0.368 0.009 0.018
1 0.406 0.159 0.009 0.019
1 0.339 0.131 0.008 0.018
1 0.796 0.409 0.011 0.016
1 0.917 0.244 0.008 0.019
1 0.950 0.081 0.007 0.012
1 0.922 0.038 0.009 0.013
1 0.725 0.092 0.010 0.013
0 0.882 0.038 0.020 0.074
0 0.770 0.043 0.017 0.083
0 0.685 0.032 0.019 0.037
2 0.807 0.936 0.035 0.082
2 0.795 0.456 0.022 0.058
2 0.919 0.276 0.020 0.046
2 0.952 0.109 0.009 0.040
2 0.925 0.064 0.017 0.035
2 0.770 0.025 0.016 0.038
2 0.267 0.406 0.020 0.050
