0 0.181 0.793 0.064 0.144
0 0.271 0.807 0.037 0.156
0 0.579 0.771 0.029 0.167
0 0.597 0.334 0.026 0.131
0 0.637 0.337 0.034 0.163
0 0.672 0.349 0.037 0.153
0 0.724 0.431 0.019 0.127
0 0.673 0.461 0.018 0.130
0 0.889 0.360 0.017 0.080
0 0.949 0.365 0.020 0.082
4 0.965 0.548 0.071 0.175
3 0.613 0.204 0.111 0.118
1 0.599 0.277 0.015 0.023
1 0.636 0.300 0.013 0.024
1 0.680 0.289 0.013 0.021
1 0.192 0.736 0.016 0.025
1 0.262 0.745 0.014 0.027
2 0.186 0.780 0.035 0.060
2 0.269 0.780 0.028 0.056
2 0.596 0.313 0.021 0.051
2 0.643 0.340 0.022 0.063
2 0.676 0.329 0.023 0.051
