0 0.734 0.441 0.026 0.083
0 0.621 0.230 0.027 0.089
0 0.581 0.212 0.036 0.075
0 0.506 0.135 0.019 0.059
0 0.400 0.052 0.020 0.085
0 0.377 0.087 0.018 0.112
0 0.128 0.141 0.021 0.103
0 0.077 0.151 0.022 0.066
1 0.734 0.403 0.010 0.024
4 0.391 0.234 0.108 0.167
4 0.497 0.202 0.102 0.089
4 0.687 0.029 0.070 0.056
4 0.978 0.213 0.043 0.095
11 0.161 0.738 0.113 0.068
9 0.425 0.115 0.073 0.068
2 0.132 0.144 0.018 0.046
1 0.126 0.102 0.014 0.015
2 0.077 0.148 0.016 0.031
2 0.399 0.044 0.014 0.033
2 0.620 0.223 0.016 0.048
2 0.589 0.224 0.015 0.049
2 0.505 0.144 0.015 0.033
3 0.637 0.337 0.106 0.083
2 0.733 0.444 0.020 0.047
1 0.595 0.180 0.009 0.013
1 0.403 0.022 0.011 0.019
1 0.509 0.117 0.010 0.019
