4 0.496 0.449 0.076 0.055
4 0.695 0.233 0.043 0.045
4 0.807 0.264 0.037 0.042
4 0.347 0.670 0.145 0.060
4 0.374 0.560 0.118 0.075
4 0.872 0.787 0.148 0.116
4 0.448 0.202 0.032 0.030
10 0.300 0.364 0.014 0.048
7 0.442 0.919 0.170 0.162
7 0.964 0.889 0.071 0.134
0 0.961 0.708 0.031 0.107
0 0.956 0.596 0.037 0.066
0 0.204 0.640 0.040 0.070
0 0.228 0.580 0.014 0.088
0 0.290 0.566 0.013 0.090
0 0.500 0.403 0.008 0.045
0 0.404 0.770 0.018 0.119
0 0.579 0.528 0.024 0.051
0 0.611 0.524 0.018 0.044
0 0.853 0.599 0.020 0.115
0 0.295 0.256 0.007 0.049
2 0.403 0.765 0.019 0.049
1 0.402 0.727 0.013 0.020
3 0.751 0.278 0.042 0.051
3 0.859 0.198 0.026 0.045
10 0.088 0.624 0.030 0.092
0 0.241 0.443 0.021 0.038
7 0.809 0.918 0.120 0.116
0 0.242 0.516 0.013 0.076
0 0.256 0.538 0.017 0.038
10 0.050 0.638 0.016 0.072
2 0.964 0.696 0.017 0.041
1 0.248 0.431 0.008 0.013
1 0.242 0.487 0.009 0.014
1 0.227 0.541 0.009 0.014
1 0.290 0.530 0.009 0.016
1 0.575 0.512 0.010 0.014
1 0.605 0.506 0.006 0.009
1 0.972 0.569 0.010 0.012
1 0.969 0.664 0.012 0.020
2 0.963 0.594 0.016 0.032
2 0.857 0.583 0.014 0.039
0 0.966 0.179 0.009 0.044
2 0.242 0.511 0.014 0.026
2 0.228 0.568 0.011 0.035
2 0.291 0.559 0.011 0.031
2 0.237 0.438 0.013 0.023
2 0.200 0.619 0.016 0.026
1 0.501 0.382 0.005 0.007
2 0.500 0.399 0.006 0.021
2 0.610 0.524 0.014 0.023
