4 0.375 0.263 0.106 0.152
4 0.478 0.249 0.107 0.095
3 0.614 0.392 0.097 0.083
4 0.672 0.068 0.068 0.098
0 0.061 0.190 0.021 0.098
0 0.391 0.102 0.028 0.051
9 0.411 0.160 0.072 0.052
0 0.367 0.122 0.019 0.114
0 0.555 0.264 0.033 0.093
0 0.744 0.448 0.043 0.077
11 0.144 0.780 0.116 0.065
0 0.608 0.276 0.040 0.106
4 0.970 0.255 0.060 0.093
1 0.734 0.426 0.019 0.028
2 0.749 0.464 0.028 0.047
0 0.457 0.188 0.025 0.049
2 0.606 0.265 0.020 0.044
2 0.551 0.245 0.022 0.040
1 0.602 0.231 0.014 0.019
1 0.567 0.235 0.011 0.031
2 0.384 0.101 0.016 0.034
2 0.365 0.112 0.016 0.055
2 0.064 0.188 0.016 0.045
1 0.058 0.152 0.012 0.018
1 0.365 0.075 0.013 0.015
1 0.449 0.170 0.008 0.017
2 0.459 0.194 0.016 0.035
