14 0.712 0.537 0.036 0.071
0 0.939 0.953 0.039 0.094
1 0.935 0.920 0.016 0.031
14 0.635 0.488 0.019 0.044
14 0.855 0.444 0.011 0.041
13 0.968 0.763 0.064 0.202
13 0.910 0.161 0.180 0.094
7 0.078 0.144 0.145 0.232
7 0.149 0.238 0.077 0.108
7 0.188 0.272 0.076 0.119
7 0.251 0.301 0.126 0.132
7 0.318 0.817 0.108 0.153
7 0.399 0.932 0.113 0.136
7 0.918 0.317 0.112 0.257
7 0.487 0.186 0.045 0.104
7 0.579 0.162 0.132 0.209
7 0.597 0.265 0.053 0.105
2 0.944 0.964 0.025 0.058
4 0.599 0.927 0.232 0.146
6 0.168 0.738 0.192 0.235
10 0.621 0.384 0.045 0.107
3 0.443 0.460 0.084 0.081
