0 0.428 0.104 0.009 0.034
0 0.451 0.019 0.008 0.031
0 0.465 0.019 0.008 0.032
0 0.477 0.019 0.011 0.031
0 0.569 0.030 0.013 0.031
1 0.571 0.017 0.004 0.005
1 0.475 0.006 0.004 0.005
1 0.464 0.005 0.005 0.005
1 0.450 0.010 0.003 0.005
1 0.426 0.094 0.005 0.006
2 0.570 0.026 0.007 0.014
2 0.426 0.104 0.006 0.013
2 0.450 0.019 0.005 0.012
2 0.464 0.014 0.007 0.011
2 0.477 0.015 0.006 0.012
6 0.440 0.097 0.020 0.019
6 0.470 0.103 0.023 0.025
13 0.328 0.291 0.656 0.303
13 0.744 0.255 0.511 0.372
14 0.039 0.320 0.077 0.342
14 0.214 0.294 0.292 0.360
14 0.632 0.335 0.440 0.521
