0 0.079 0.406 0.055 0.186
0 0.109 0.197 0.047 0.165
0 0.149 0.758 0.056 0.127
0 0.377 0.406 0.045 0.111
0 0.942 0.088 0.035 0.106
2 0.103 0.168 0.029 0.058
2 0.079 0.375 0.019 0.046
0 0.797 0.068 0.029 0.098
1 0.099 0.121 0.018 0.033
1 0.071 0.331 0.020 0.026
1 0.153 0.710 0.019 0.034
1 0.373 0.374 0.017 0.033
1 0.797 0.034 0.014 0.017
1 0.939 0.047 0.019 0.039
2 0.797 0.076 0.019 0.041
2 0.937 0.085 0.019 0.044
11 0.050 0.253 0.082 0.093
4 0.088 0.528 0.096 0.126
4 0.042 0.450 0.082 0.145
4 0.143 0.650 0.149 0.141
4 0.583 0.614 0.100 0.148
11 0.449 0.296 0.080 0.095
