0 0.761 0.594 0.026 0.232
0 0.859 0.526 0.041 0.220
0 0.847 0.172 0.032 0.191
0 0.499 0.092 0.042 0.168
1 0.488 0.018 0.022 0.033
1 0.765 0.494 0.025 0.042
1 0.861 0.431 0.020 0.037
1 0.852 0.096 0.018 0.034
2 0.764 0.573 0.036 0.104
2 0.859 0.499 0.041 0.105
2 0.851 0.159 0.022 0.082
2 0.510 0.071 0.031 0.079
7 0.759 0.359 0.086 0.184
7 0.883 0.418 0.055 0.094
7 0.908 0.726 0.104 0.230
7 0.571 0.849 0.248 0.177
7 0.523 0.951 0.114 0.098
7 0.371 0.656 0.192 0.160
7 0.432 0.433 0.179 0.216
7 0.437 0.228 0.204 0.156
11 0.451 0.311 0.119 0.120
