5 0.951 0.531 0.097 0.131
5 0.911 0.338 0.178 0.140
5 0.746 0.187 0.452 0.067
0 0.576 0.362 0.042 0.131
0 0.508 0.104 0.029 0.146
0 0.682 0.079 0.051 0.156
0 0.716 0.054 0.018 0.106
0 0.936 0.091 0.041 0.161
2 0.520 0.088 0.020 0.099
2 0.693 0.056 0.022 0.054
2 0.944 0.065 0.033 0.068
2 0.580 0.365 0.036 0.078
1 0.574 0.320 0.018 0.034
1 0.508 0.031 0.014 0.035
1 0.671 0.018 0.020 0.028
1 0.920 0.021 0.015 0.040
3 0.316 0.177 0.084 0.134
3 0.040 0.200 0.071 0.110
4 0.095 0.073 0.084 0.052
4 0.122 0.175 0.074 0.135
7 0.346 0.067 0.094 0.099
