0 0.345 0.852 0.058 0.134
0 0.602 0.642 0.055 0.198
0 0.762 0.676 0.044 0.232
0 0.492 0.292 0.035 0.156
2 0.346 0.853 0.037 0.064
2 0.602 0.640 0.029 0.088
2 0.761 0.633 0.033 0.083
2 0.493 0.277 0.024 0.067
1 0.338 0.806 0.023 0.041
1 0.591 0.577 0.018 0.033
1 0.752 0.574 0.026 0.036
1 0.487 0.228 0.014 0.023
11 0.029 0.323 0.056 0.114
0 0.311 0.480 0.041 0.099
1 0.303 0.451 0.016 0.038
4 0.468 0.702 0.130 0.166
11 0.420 0.359 0.083 0.099
0 0.986 0.123 0.028 0.135
1 0.988 0.065 0.017 0.022
2 0.988 0.111 0.023 0.054
0 0.011 0.498 0.021 0.146
