0 0.277 0.196 0.026 0.069
0 0.383 0.210 0.018 0.048
0 0.488 0.201 0.011 0.076
0 0.516 0.199 0.017 0.081
0 0.110 0.744 0.039 0.117
0 0.288 0.667 0.036 0.094
0 0.867 0.421 0.045 0.113
0 0.949 0.526 0.027 0.111
0 0.809 0.264 0.033 0.107
0 0.429 0.935 0.033 0.079
0 0.255 0.270 0.023 0.092
0 0.407 0.256 0.025 0.058
0 0.653 0.178 0.046 0.055
1 0.110 0.695 0.024 0.031
1 0.290 0.637 0.026 0.038
1 0.426 0.902 0.017 0.040
1 0.948 0.476 0.015 0.030
2 0.110 0.746 0.033 0.050
2 0.291 0.672 0.022 0.045
2 0.862 0.397 0.021 0.044
2 0.951 0.525 0.021 0.048
2 0.810 0.248 0.023 0.027
11 0.153 0.798 0.066 0.074
11 0.541 0.809 0.084 0.096
