0 0.620 0.041 0.026 0.081
1 0.605 0.004 0.014 0.006
1 0.620 0.010 0.016 0.015
1 0.235 0.006 0.014 0.011
0 0.240 0.026 0.023 0.050
2 0.239 0.029 0.033 0.030
2 0.626 0.048 0.023 0.045
2 0.605 0.036 0.024 0.055
4 0.051 0.872 0.098 0.256
7 0.688 0.172 0.274 0.253
7 0.977 0.275 0.046 0.203
7 0.273 0.179 0.350 0.356
7 0.517 0.769 0.114 0.177
7 0.616 0.907 0.126 0.185
10 0.747 0.347 0.068 0.112
10 0.851 0.500 0.084 0.133
11 0.689 0.516 0.068 0.099
11 0.051 0.166 0.089 0.098
6 0.362 0.704 0.228 0.274
13 0.781 0.506 0.232 0.287
13 0.946 0.500 0.107 0.230
13 0.747 0.363 0.120 0.178
13 0.856 0.125 0.288 0.151
14 0.722 0.431 0.076 0.135
14 0.789 0.469 0.023 0.069
14 0.869 0.511 0.044 0.081
14 0.992 0.418 0.015 0.068
