0 0.490 0.569 0.023 0.125
10 0.468 0.242 0.015 0.058
0 0.822 0.324 0.023 0.089
0 0.512 0.473 0.017 0.069
4 0.813 0.643 0.121 0.180
4 0.926 0.656 0.105 0.109
9 0.862 0.540 0.070 0.060
0 0.926 0.587 0.024 0.068
7 0.289 0.961 0.084 0.078
7 0.428 0.947 0.071 0.102
2 0.490 0.556 0.020 0.052
2 0.824 0.313 0.016 0.037
2 0.928 0.597 0.023 0.046
2 0.512 0.475 0.013 0.038
1 0.511 0.447 0.010 0.016
1 0.492 0.515 0.010 0.017
0 0.866 0.219 0.010 0.052
0 0.844 0.515 0.020 0.038
0 0.961 0.610 0.017 0.031
1 0.924 0.563 0.013 0.017
1 0.961 0.604 0.009 0.016
1 0.841 0.508 0.012 0.019
