0 0.509 0.813 0.047 0.210
0 0.397 0.600 0.042 0.193
0 0.526 0.615 0.034 0.185
0 0.744 0.242 0.027 0.079
0 0.955 0.106 0.018 0.095
1 0.405 0.519 0.013 0.021
1 0.537 0.537 0.010 0.019
1 0.514 0.724 0.015 0.030
1 0.752 0.219 0.011 0.020
1 0.961 0.065 0.009 0.016
2 0.956 0.099 0.012 0.040
2 0.742 0.225 0.012 0.025
2 0.400 0.572 0.023 0.064
2 0.515 0.788 0.022 0.077
2 0.529 0.588 0.025 0.075
4 0.124 0.403 0.066 0.066
4 0.066 0.390 0.103 0.092
7 0.082 0.625 0.163 0.211
7 0.243 0.310 0.131 0.129
7 0.919 0.762 0.124 0.153
7 0.776 0.928 0.098 0.121
7 0.235 0.750 0.064 0.092
10 0.436 0.257 0.033 0.066
9 0.256 0.406 0.048 0.070
9 0.327 0.396 0.076 0.082
9 0.768 0.740 0.086 0.110
9 0.791 0.849 0.111 0.081
14 0.713 0.558 0.041 0.052
10 0.605 0.213 0.025 0.048
