0 0.882 0.677 0.178 0.644
0 0.726 0.428 0.041 0.091
0 0.675 0.378 0.024 0.083
0 0.707 0.355 0.008 0.060
0 0.699 0.351 0.008 0.057
2 0.882 0.740 0.141 0.377
2 0.679 0.368 0.016 0.034
2 0.705 0.351 0.009 0.026
2 0.700 0.350 0.008 0.024
2 0.713 0.431 0.019 0.054
1 0.732 0.409 0.018 0.038
1 0.665 0.347 0.008 0.020
1 0.708 0.330 0.006 0.008
1 0.700 0.330 0.006 0.010
1 0.903 0.429 0.098 0.145
5 0.327 0.896 0.253 0.207
5 0.250 0.596 0.252 0.103
11 0.657 0.490 0.079 0.121
11 0.747 0.572 0.118 0.233
14 0.464 0.176 0.095 0.043
14 0.126 0.118 0.097 0.052
14 0.195 0.133 0.033 0.054
