0 0.290 0.248 0.021 0.067
0 0.371 0.224 0.011 0.067
0 0.661 0.134 0.014 0.066
0 0.679 0.138 0.019 0.065
1 0.284 0.223 0.007 0.011
1 0.370 0.195 0.005 0.009
1 0.666 0.107 0.006 0.012
1 0.683 0.111 0.007 0.011
2 0.289 0.240 0.011 0.020
2 0.371 0.215 0.008 0.026
2 0.661 0.126 0.007 0.021
2 0.681 0.131 0.008 0.024
4 0.395 0.791 0.058 0.137
4 0.468 0.711 0.058 0.113
4 0.467 0.596 0.052 0.096
4 0.485 0.530 0.076 0.069
4 0.483 0.457 0.045 0.060
4 0.599 0.528 0.131 0.301
4 0.361 0.571 0.101 0.211
4 0.334 0.704 0.080 0.083
4 0.263 0.410 0.117 0.045
4 0.301 0.433 0.069 0.075
4 0.154 0.448 0.039 0.075
4 0.081 0.461 0.056 0.064
4 0.842 0.739 0.044 0.069
4 0.924 0.734 0.048 0.080
7 0.265 0.163 0.058 0.037
5 0.497 0.101 0.044 0.136
5 0.315 0.113 0.013 0.124
7 0.689 0.484 0.040 0.069
7 0.737 0.491 0.039 0.078
11 0.364 0.112 0.033 0.050
11 0.712 0.401 0.043 0.060
14 0.919 0.959 0.052 0.051
14 0.105 0.047 0.020 0.027
14 0.193 0.027 0.021 0.024
14 0.288 0.020 0.017 0.024
14 0.386 0.015 0.016 0.023
14 0.476 0.010 0.013 0.018
14 0.568 0.010 0.012 0.018
14 0.772 0.047 0.016 0.023
