0 0.136 0.492 0.046 0.159
0 0.139 0.435 0.035 0.121
0 0.321 0.606 0.041 0.190
0 0.384 0.462 0.044 0.182
0 0.490 0.766 0.050 0.206
0 0.533 0.593 0.029 0.195
0 0.747 0.089 0.076 0.169
0 0.901 0.429 0.039 0.206
2 0.381 0.432 0.026 0.053
2 0.486 0.736 0.027 0.056
2 0.537 0.571 0.023 0.076
2 0.317 0.577 0.024 0.060
2 0.137 0.482 0.023 0.067
2 0.903 0.402 0.021 0.057
2 0.767 0.077 0.036 0.057
1 0.130 0.421 0.020 0.031
1 0.141 0.389 0.018 0.027
1 0.382 0.385 0.018 0.023
1 0.318 0.514 0.024 0.025
1 0.528 0.504 0.018 0.025
1 0.489 0.681 0.020 0.024
1 0.903 0.343 0.014 0.019
1 0.762 0.025 0.020 0.029
7 0.458 0.797 0.049 0.060
7 0.971 0.556 0.058 0.134
7 0.354 0.734 0.084 0.105
7 0.054 0.819 0.107 0.222
7 0.079 0.605 0.156 0.117
7 0.435 0.980 0.078 0.040
11 0.058 0.705 0.115 0.124
5 0.509 0.951 0.060 0.098
