5 0.555 0.795 0.155 0.270
0 0.507 0.526 0.043 0.170
0 0.352 0.312 0.036 0.178
0 0.211 0.475 0.054 0.227
0 0.066 0.264 0.037 0.125
0 0.161 0.975 0.032 0.051
0 0.239 0.966 0.031 0.052
0 0.251 0.932 0.022 0.049
0 0.280 0.977 0.026 0.046
1 0.209 0.394 0.033 0.058
1 0.062 0.215 0.021 0.042
1 0.348 0.250 0.032 0.054
1 0.518 0.464 0.022 0.047
1 0.257 0.914 0.026 0.049
1 0.285 0.978 0.019 0.029
1 0.248 0.956 0.034 0.037
1 0.176 0.976 0.026 0.028
2 0.515 0.510 0.031 0.053
2 0.354 0.284 0.034 0.051
2 0.206 0.454 0.029 0.081
2 0.066 0.277 0.028 0.083
2 0.240 0.995 0.017 0.010
7 0.386 0.516 0.086 0.155
7 0.089 0.375 0.177 0.128
7 0.058 0.594 0.116 0.219
7 0.977 0.337 0.045 0.138
7 0.461 0.838 0.102 0.188
11 0.083 0.471 0.114 0.133
