0 0.541 0.871 0.055 0.258
0 0.637 0.923 0.056 0.154
0 0.764 0.936 0.049 0.129
0 0.349 0.354 0.036 0.116
0 0.414 0.342 0.064 0.094
0 0.422 0.188 0.039 0.119
0 0.520 0.087 0.039 0.092
0 0.479 0.071 0.036 0.140
0 0.673 0.152 0.044 0.101
2 0.675 0.140 0.026 0.036
2 0.349 0.356 0.025 0.061
2 0.421 0.348 0.037 0.063
2 0.422 0.157 0.027 0.034
2 0.480 0.026 0.026 0.049
2 0.521 0.093 0.017 0.039
2 0.542 0.848 0.033 0.110
2 0.770 0.956 0.027 0.069
2 0.643 0.946 0.040 0.085
1 0.546 0.761 0.026 0.037
1 0.647 0.855 0.040 0.031
1 0.765 0.896 0.023 0.036
1 0.348 0.310 0.018 0.026
1 0.415 0.306 0.019 0.018
1 0.661 0.113 0.014 0.021
1 0.525 0.055 0.016 0.023
