0 0.078 0.653 0.043 0.206
0 0.126 0.516 0.044 0.193
0 0.217 0.856 0.039 0.194
0 0.283 0.718 0.043 0.214
0 0.465 0.167 0.073 0.161
0 0.627 0.482 0.044 0.168
1 0.474 0.102 0.018 0.030
1 0.628 0.407 0.017 0.019
1 0.278 0.627 0.020 0.024
1 0.214 0.772 0.018 0.034
1 0.073 0.568 0.023 0.026
1 0.125 0.438 0.022 0.028
2 0.079 0.624 0.036 0.067
2 0.287 0.687 0.028 0.071
2 0.217 0.831 0.028 0.062
2 0.477 0.156 0.022 0.052
2 0.628 0.466 0.022 0.052
2 0.233 0.029 0.028 0.047
0 0.233 0.049 0.029 0.095
7 0.084 0.841 0.099 0.113
7 0.178 0.884 0.052 0.063
7 0.694 0.619 0.085 0.146
7 0.888 0.905 0.179 0.144
