0 0.102 0.076 0.024 0.027
0 0.115 0.098 0.029 0.042
0 0.228 0.159 0.023 0.074
0 0.443 0.081 0.023 0.111
0 0.768 0.198 0.033 0.107
0 0.788 0.216 0.023 0.113
0 0.991 0.135 0.018 0.077
1 0.095 0.073 0.006 0.015
1 0.105 0.090 0.008 0.016
1 0.225 0.130 0.011 0.013
1 0.780 0.154 0.012 0.013
1 0.792 0.163 0.011 0.012
1 0.445 0.034 0.010 0.017
1 0.995 0.116 0.009 0.020
2 0.119 0.100 0.014 0.021
2 0.228 0.167 0.019 0.043
2 0.445 0.067 0.015 0.044
2 0.768 0.181 0.023 0.043
2 0.786 0.204 0.019 0.049
3 0.607 0.025 0.048 0.048
3 0.815 0.020 0.060 0.039
10 0.322 0.156 0.029 0.081
