0 0.524 0.039 0.007 0.050
0 0.514 0.059 0.014 0.032
0 0.477 0.068 0.017 0.042
1 0.079 0.988 0.014 0.023
1 0.524 0.020 0.006 0.009
1 0.516 0.046 0.006 0.006
1 0.482 0.057 0.008 0.014
2 0.475 0.065 0.013 0.019
2 0.513 0.062 0.010 0.022
2 0.523 0.039 0.006 0.024
5 0.261 0.460 0.191 0.295
5 0.374 0.839 0.127 0.321
4 0.662 0.247 0.290 0.159
6 0.776 0.396 0.065 0.118
10 0.179 0.642 0.048 0.107
11 0.972 0.113 0.056 0.055
14 0.113 0.618 0.058 0.142
14 0.076 0.782 0.049 0.144
14 0.020 0.855 0.037 0.044
11 0.859 0.406 0.051 0.070
