10 0.167 0.546 0.068 0.202
10 0.098 0.556 0.046 0.154
10 0.328 0.613 0.029 0.048
0 0.988 0.050 0.024 0.097
0 0.211 0.359 0.041 0.094
0 0.511 0.393 0.033 0.175
0 0.601 0.694 0.049 0.148
0 0.654 0.760 0.041 0.213
0 0.652 0.438 0.040 0.190
10 0.579 0.039 0.032 0.076
5 0.509 0.050 0.103 0.099
1 0.213 0.330 0.016 0.030
1 0.509 0.321 0.016 0.025
1 0.664 0.359 0.015 0.023
2 0.651 0.405 0.025 0.073
2 0.510 0.372 0.023 0.071
1 0.645 0.675 0.020 0.034
4 0.752 0.680 0.156 0.149
4 0.758 0.429 0.140 0.129
0 0.312 0.046 0.025 0.091
4 0.960 0.200 0.079 0.118
0 0.970 0.893 0.060 0.215
1 0.980 0.804 0.022 0.033
2 0.982 0.887 0.036 0.107
