0 0.433 0.315 0.020 0.081
0 0.414 0.303 0.011 0.055
0 0.406 0.302 0.009 0.059
0 0.401 0.305 0.014 0.060
0 0.380 0.309 0.019 0.069
0 0.249 0.345 0.018 0.054
5 0.336 0.400 0.071 0.089
5 0.241 0.405 0.084 0.060
11 0.275 0.502 0.146 0.129
10 0.028 0.371 0.056 0.045
14 0.562 0.379 0.060 0.119
14 0.466 0.320 0.028 0.076
14 0.098 0.227 0.196 0.079
13 0.802 0.592 0.396 0.608
13 0.501 0.340 0.082 0.119
2 0.430 0.303 0.013 0.031
2 0.413 0.293 0.008 0.019
2 0.381 0.299 0.012 0.024
1 0.429 0.282 0.007 0.008
1 0.411 0.274 0.004 0.007
2 0.247 0.345 0.015 0.031
2 0.246 0.322 0.007 0.011
