0 0.065 0.882 0.048 0.194
0 0.097 0.815 0.043 0.217
0 0.227 0.842 0.058 0.144
0 0.687 0.910 0.047 0.171
0 0.715 0.834 0.043 0.235
0 0.788 0.637 0.057 0.196
0 0.372 0.077 0.063 0.152
1 0.775 0.552 0.021 0.030
1 0.721 0.745 0.017 0.035
1 0.682 0.845 0.020 0.042
1 0.227 0.787 0.025 0.031
1 0.096 0.726 0.022 0.036
1 0.054 0.800 0.027 0.034
1 0.397 0.011 0.011 0.019
2 0.778 0.616 0.029 0.089
2 0.711 0.812 0.035 0.102
2 0.688 0.909 0.036 0.092
2 0.225 0.834 0.048 0.061
2 0.094 0.791 0.041 0.071
2 0.052 0.868 0.035 0.093
7 0.581 0.525 0.084 0.142
7 0.016 0.727 0.032 0.087
7 0.027 0.912 0.052 0.121
