0 0.335 0.100 0.052 0.192
0 0.422 0.154 0.032 0.207
0 0.447 0.282 0.046 0.248
0 0.473 0.370 0.040 0.236
0 0.464 0.634 0.060 0.236
0 0.510 0.086 0.048 0.119
1 0.463 0.534 0.034 0.038
1 0.484 0.258 0.020 0.040
1 0.459 0.177 0.031 0.051
1 0.430 0.067 0.030 0.033
1 0.333 0.016 0.025 0.031
1 0.512 0.040 0.021 0.032
2 0.341 0.083 0.028 0.082
2 0.504 0.075 0.031 0.058
2 0.424 0.118 0.023 0.061
2 0.445 0.241 0.032 0.091
2 0.471 0.339 0.039 0.106
2 0.460 0.610 0.048 0.119
3 0.675 0.660 0.168 0.169
4 0.834 0.667 0.129 0.322
7 0.179 0.742 0.104 0.200
7 0.042 0.851 0.083 0.292
7 0.082 0.452 0.163 0.192
7 0.308 0.134 0.098 0.106
7 0.906 0.538 0.141 0.209
