0 0.593 0.701 0.031 0.182
0 0.418 0.479 0.040 0.064
0 0.451 0.488 0.024 0.177
0 0.380 0.497 0.036 0.073
0 0.351 0.417 0.032 0.119
0 0.168 0.498 0.037 0.113
0 0.105 0.350 0.030 0.079
0 0.385 0.211 0.019 0.131
0 0.423 0.176 0.029 0.107
0 0.399 0.133 0.020 0.035
3 0.179 0.652 0.121 0.125
3 0.636 0.667 0.060 0.106
4 0.821 0.485 0.069 0.089
1 0.593 0.624 0.016 0.024
1 0.180 0.453 0.013 0.022
1 0.357 0.372 0.015 0.028
1 0.368 0.471 0.015 0.020
1 0.401 0.458 0.009 0.020
1 0.451 0.408 0.015 0.020
2 0.169 0.491 0.033 0.048
2 0.592 0.678 0.028 0.083
2 0.383 0.492 0.032 0.040
2 0.418 0.475 0.031 0.029
2 0.452 0.461 0.023 0.074
2 0.350 0.414 0.027 0.056
2 0.417 0.168 0.020 0.053
