0 0.211 0.444 0.008 0.028
0 0.423 0.421 0.006 0.024
0 0.437 0.403 0.008 0.026
0 0.526 0.391 0.004 0.017
2 0.211 0.444 0.004 0.010
1 0.210 0.433 0.004 0.004
2 0.423 0.420 0.004 0.010
1 0.423 0.413 0.003 0.004
2 0.437 0.400 0.003 0.008
1 0.437 0.393 0.003 0.004
3 0.387 0.514 0.113 0.056
6 0.557 0.535 0.070 0.048
5 0.443 0.798 0.175 0.168
4 0.129 0.493 0.061 0.081
6 0.182 0.514 0.033 0.041
10 0.392 0.413 0.009 0.019
12 0.836 0.075 0.023 0.036
14 0.929 0.265 0.036 0.032
14 0.986 0.278 0.028 0.024
14 0.560 0.838 0.061 0.052
14 0.092 0.118 0.100 0.033
13 0.883 0.389 0.234 0.183
13 0.223 0.781 0.410 0.437
14 0.089 0.778 0.145 0.200
1 0.797 0.270 0.005 0.007
1 0.791 0.273 0.006 0.008
1 0.860 0.290 0.007 0.009
2 0.860 0.300 0.009 0.012
0 0.860 0.296 0.011 0.022
11 0.169 0.402 0.023 0.016
