0 0.416 0.589 0.039 0.160
0 0.311 0.719 0.046 0.165
0 0.353 0.785 0.037 0.154
11 0.487 0.490 0.144 0.171
11 0.509 0.608 0.085 0.150
1 0.345 0.721 0.018 0.021
1 0.296 0.649 0.015 0.028
1 0.428 0.521 0.015 0.026
13 0.197 0.278 0.236 0.534
14 0.165 0.484 0.011 0.077
14 0.215 0.319 0.011 0.071
7 0.331 0.156 0.087 0.193
7 0.465 0.132 0.143 0.156
7 0.595 0.076 0.062 0.090
7 0.713 0.112 0.163 0.166
7 0.590 0.231 0.155 0.230
7 0.378 0.374 0.154 0.205
7 0.667 0.663 0.162 0.235
7 0.659 0.864 0.197 0.185
7 0.804 0.810 0.070 0.245
7 0.914 0.861 0.172 0.249
2 0.311 0.700 0.031 0.069
2 0.413 0.563 0.023 0.068
7 0.033 0.089 0.064 0.177
3 0.941 0.383 0.114 0.352
3 0.934 0.683 0.132 0.150
