0 0.577 0.415 0.022 0.096
0 0.644 0.419 0.026 0.137
0 0.567 0.223 0.015 0.077
0 0.489 0.295 0.020 0.075
0 0.377 0.228 0.014 0.068
0 0.309 0.364 0.023 0.075
0 0.235 0.364 0.030 0.081
1 0.226 0.344 0.016 0.024
1 0.306 0.338 0.013 0.018
1 0.381 0.225 0.010 0.010
1 0.487 0.265 0.008 0.015
1 0.569 0.194 0.005 0.017
1 0.588 0.375 0.011 0.014
1 0.644 0.363 0.009 0.018
2 0.236 0.366 0.019 0.043
2 0.306 0.366 0.015 0.039
2 0.378 0.244 0.013 0.017
2 0.488 0.292 0.019 0.031
2 0.567 0.213 0.016 0.030
2 0.577 0.406 0.016 0.039
2 0.647 0.399 0.015 0.058
3 0.200 0.433 0.065 0.108
3 0.217 0.236 0.030 0.060
3 0.388 0.507 0.045 0.054
4 0.470 0.482 0.090 0.074
4 0.100 0.413 0.045 0.069
