0 0.395 0.238 0.046 0.246
0 0.378 0.498 0.038 0.219
0 0.511 0.241 0.042 0.231
0 0.486 0.183 0.036 0.177
1 0.378 0.404 0.023 0.036
1 0.397 0.143 0.024 0.032
1 0.524 0.151 0.018 0.044
2 0.401 0.204 0.031 0.082
2 0.378 0.466 0.030 0.098
2 0.506 0.208 0.030 0.092
5 0.429 0.196 0.270 0.057
5 0.079 0.270 0.158 0.056
5 0.041 0.298 0.080 0.045
5 0.099 0.354 0.196 0.065
5 0.891 0.028 0.180 0.048
7 0.615 0.112 0.211 0.169
7 0.281 0.291 0.201 0.176
7 0.686 0.335 0.188 0.236
7 0.693 0.526 0.200 0.207
11 0.562 0.883 0.231 0.234
