5 0.656 0.887 0.271 0.157
5 0.309 0.781 0.199 0.097
5 0.349 0.575 0.101 0.066
0 0.386 0.667 0.034 0.106
0 0.422 0.603 0.022 0.155
0 0.609 0.660 0.032 0.087
0 0.691 0.964 0.036 0.071
0 0.885 0.962 0.023 0.076
0 0.912 0.129 0.021 0.031
0 0.570 0.029 0.010 0.056
0 0.584 0.029 0.010 0.056
0 0.609 0.019 0.011 0.036
0 0.983 0.550 0.032 0.069
2 0.621 0.656 0.027 0.056
2 0.391 0.647 0.020 0.043
2 0.414 0.592 0.022 0.069
2 0.693 0.981 0.039 0.035
2 0.890 0.989 0.025 0.021
2 0.983 0.550 0.021 0.038
2 0.571 0.018 0.010 0.020
2 0.583 0.016 0.006 0.025
2 0.613 0.010 0.010 0.018
1 0.366 0.633 0.013 0.028
1 0.426 0.550 0.019 0.031
1 0.605 0.626 0.018 0.031
1 0.690 0.947 0.017 0.031
1 0.883 0.960 0.014 0.022
1 0.980 0.517 0.009 0.027
1 0.903 0.129 0.004 0.012
3 0.787 0.058 0.049 0.049
3 0.114 0.135 0.067 0.052
3 0.033 0.792 0.065 0.151
4 0.930 0.036 0.119 0.041
4 0.370 0.411 0.091 0.088
4 0.224 0.146 0.060 0.063
7 0.035 0.689 0.069 0.157
11 0.394 0.508 0.064 0.088
11 0.779 0.609 0.075 0.095
