0 0.479 0.227 0.021 0.099
0 0.557 0.289 0.038 0.145
0 0.463 0.270 0.024 0.136
0 0.348 0.603 0.035 0.091
0 0.540 0.549 0.049 0.156
0 0.900 0.051 0.035 0.058
0 0.250 0.119 0.024 0.113
0 0.199 0.139 0.017 0.113
0 0.289 0.902 0.037 0.195
0 0.423 0.081 0.016 0.062
3 0.647 0.746 0.044 0.097
3 0.349 0.754 0.087 0.203
3 0.382 0.556 0.068 0.111
3 0.858 0.400 0.072 0.144
4 0.450 0.153 0.087 0.083
4 0.431 0.487 0.173 0.084
4 0.471 0.672 0.207 0.080
10 0.949 0.522 0.023 0.081
11 0.785 0.696 0.088 0.102
9 0.289 0.134 0.068 0.069
9 0.480 0.577 0.093 0.087
4 0.884 0.627 0.212 0.114
4 0.928 0.819 0.144 0.204
4 0.545 0.444 0.177 0.107
4 0.817 0.026 0.093 0.050
1 0.286 0.819 0.021 0.023
2 0.287 0.887 0.028 0.087
2 0.351 0.611 0.026 0.056
1 0.528 0.492 0.017 0.033
2 0.555 0.273 0.024 0.054
1 0.992 0.925 0.016 0.036
4 0.364 0.171 0.078 0.132
1 0.339 0.570 0.015 0.022
2 0.539 0.542 0.029 0.071
1 0.555 0.227 0.015 0.019
1 0.465 0.209 0.013 0.019
1 0.455 0.183 0.009 0.016
0 0.453 0.200 0.029 0.061
2 0.463 0.247 0.020 0.049
2 0.480 0.228 0.012 0.047
2 0.246 0.103 0.014 0.041
1 0.255 0.075 0.010 0.021
1 0.421 0.061 0.009 0.019
2 0.423 0.093 0.015 0.039
