0 0.034 0.400 0.049 0.116
0 0.143 0.391 0.042 0.106
0 0.208 0.398 0.054 0.101
0 0.293 0.418 0.049 0.169
0 0.252 0.576 0.071 0.203
0 0.487 0.566 0.044 0.177
0 0.782 0.345 0.032 0.184
1 0.047 0.367 0.024 0.040
1 0.162 0.364 0.020 0.032
1 0.187 0.362 0.017 0.042
1 0.287 0.349 0.020 0.039
1 0.245 0.485 0.024 0.044
1 0.472 0.489 0.024 0.042
1 0.786 0.265 0.024 0.036
1 0.785 0.263 0.024 0.036
4 0.689 0.231 0.132 0.105
4 0.398 0.419 0.174 0.093
2 0.484 0.538 0.040 0.047
2 0.785 0.313 0.027 0.058
2 0.241 0.564 0.044 0.088
2 0.291 0.392 0.023 0.053
2 0.210 0.385 0.032 0.053
2 0.136 0.363 0.036 0.044
2 0.027 0.384 0.025 0.038
5 0.900 0.409 0.200 0.118
