5 0.428 0.750 0.094 0.199
0 0.785 0.187 0.027 0.114
2 0.786 0.156 0.020 0.032
1 0.791 0.130 0.009 0.025
7 0.428 0.427 0.074 0.111
7 0.470 0.316 0.126 0.112
7 0.492 0.427 0.045 0.175
7 0.553 0.336 0.050 0.077
7 0.640 0.362 0.095 0.123
7 0.756 0.581 0.081 0.169
7 0.841 0.581 0.062 0.139
7 0.923 0.590 0.087 0.167
7 0.970 0.644 0.059 0.137
7 0.701 0.717 0.060 0.106
7 0.759 0.726 0.114 0.199
7 0.812 0.806 0.095 0.179
7 0.099 0.232 0.195 0.179
7 0.139 0.330 0.055 0.103
10 0.255 0.592 0.065 0.125
10 0.164 0.446 0.030 0.110
11 0.890 0.929 0.150 0.143
13 0.565 0.776 0.172 0.264
13 0.754 0.385 0.121 0.132
13 0.179 0.589 0.183 0.251
13 0.344 0.559 0.124 0.200
13 0.489 0.213 0.210 0.113
