0 0.617 0.747 0.041 0.262
0 0.629 0.411 0.032 0.281
0 0.672 0.430 0.040 0.269
0 0.761 0.468 0.061 0.247
0 0.695 0.228 0.055 0.143
0 0.529 0.200 0.045 0.185
1 0.529 0.121 0.026 0.049
1 0.699 0.168 0.013 0.034
1 0.641 0.290 0.026 0.038
1 0.678 0.320 0.029 0.033
1 0.775 0.377 0.030 0.051
1 0.631 0.650 0.028 0.042
2 0.623 0.722 0.042 0.107
2 0.765 0.430 0.038 0.088
2 0.668 0.396 0.030 0.096
2 0.629 0.365 0.024 0.089
2 0.696 0.209 0.038 0.056
2 0.534 0.190 0.033 0.083
3 0.826 0.810 0.178 0.166
4 0.955 0.833 0.090 0.306
7 0.473 0.062 0.085 0.122
7 0.142 0.093 0.159 0.184
7 0.065 0.267 0.128 0.171
7 0.198 0.486 0.245 0.195
7 0.113 0.640 0.144 0.206
7 0.146 0.884 0.182 0.231
7 0.342 0.796 0.102 0.211
7 0.580 0.138 0.102 0.142
