0 0.058 0.408 0.038 0.152
0 0.104 0.475 0.028 0.084
0 0.136 0.465 0.037 0.100
0 0.210 0.417 0.027 0.161
0 0.197 0.161 0.021 0.125
0 0.416 0.656 0.039 0.163
0 0.494 0.203 0.021 0.115
0 0.516 0.230 0.021 0.142
0 0.595 0.205 0.023 0.115
1 0.416 0.591 0.019 0.028
1 0.062 0.347 0.017 0.021
1 0.101 0.446 0.012 0.019
1 0.131 0.430 0.016 0.026
1 0.208 0.348 0.016 0.025
1 0.198 0.109 0.013 0.025
1 0.500 0.167 0.010 0.020
1 0.518 0.175 0.011 0.014
1 0.593 0.154 0.011 0.018
2 0.421 0.641 0.024 0.068
2 0.051 0.391 0.021 0.065
2 0.106 0.485 0.024 0.056
2 0.143 0.467 0.024 0.062
2 0.210 0.395 0.023 0.063
2 0.518 0.214 0.017 0.054
2 0.594 0.194 0.022 0.050
2 0.196 0.150 0.017 0.053
