0 0.220 0.272 0.061 0.225
0 0.405 0.263 0.039 0.251
0 0.439 0.704 0.059 0.246
0 0.620 0.754 0.060 0.270
3 0.642 0.717 0.151 0.257
3 0.498 0.695 0.139 0.331
1 0.206 0.187 0.018 0.037
2 0.220 0.249 0.037 0.085
1 0.408 0.165 0.022 0.036
2 0.403 0.225 0.036 0.106
1 0.619 0.647 0.024 0.030
2 0.619 0.740 0.049 0.119
1 0.426 0.602 0.028 0.031
2 0.432 0.681 0.047 0.119
0 0.933 0.551 0.083 0.181
1 0.955 0.508 0.027 0.049
2 0.929 0.562 0.053 0.092
7 0.286 0.448 0.119 0.211
7 0.186 0.878 0.152 0.244
7 0.055 0.937 0.098 0.126
7 0.241 0.169 0.106 0.120
7 0.107 0.131 0.091 0.109
5 0.240 0.662 0.211 0.382
