0 0.149 0.441 0.008 0.033
0 0.390 0.399 0.007 0.024
0 0.404 0.379 0.009 0.024
0 0.494 0.365 0.006 0.019
1 0.149 0.430 0.005 0.006
2 0.151 0.439 0.005 0.014
5 0.411 0.747 0.171 0.136
4 0.076 0.496 0.067 0.088
6 0.133 0.517 0.041 0.050
6 0.533 0.495 0.062 0.044
10 0.357 0.396 0.015 0.021
12 0.795 0.036 0.021 0.028
14 0.879 0.217 0.037 0.027
14 0.941 0.238 0.040 0.033
14 0.543 0.800 0.060 0.031
14 0.783 0.201 0.034 0.032
14 0.035 0.098 0.069 0.028
13 0.886 0.361 0.227 0.183
1 0.824 0.248 0.007 0.007
1 0.773 0.236 0.007 0.007
1 0.754 0.230 0.005 0.006
1 0.759 0.235 0.004 0.006
2 0.822 0.258 0.010 0.012
0 0.823 0.256 0.014 0.024
14 0.049 0.923 0.090 0.097
13 0.166 0.847 0.283 0.306
11 0.115 0.399 0.023 0.017
