0 0.701 0.231 0.004 0.012
0 0.717 0.242 0.005 0.020
0 0.723 0.227 0.004 0.020
0 0.734 0.213 0.005 0.020
0 0.843 0.355 0.003 0.015
0 0.897 0.414 0.005 0.025
0 0.944 0.375 0.004 0.019
0 0.951 0.392 0.004 0.015
13 0.023 0.229 0.041 0.076
13 0.113 0.272 0.138 0.138
13 0.244 0.318 0.123 0.158
13 0.432 0.411 0.248 0.259
13 0.780 0.524 0.440 0.345
14 0.669 0.483 0.217 0.285
14 0.458 0.400 0.101 0.179
14 0.366 0.347 0.039 0.110
14 0.061 0.254 0.041 0.081
14 0.106 0.163 0.035 0.019
14 0.111 0.109 0.045 0.011
14 0.207 0.156 0.034 0.009
14 0.362 0.136 0.007 0.019
14 0.564 0.047 0.028 0.037
14 0.592 0.093 0.009 0.014
14 0.187 0.107 0.034 0.004
14 0.154 0.034 0.014 0.026
14 0.224 0.108 0.027 0.008
14 0.235 0.196 0.021 0.012
