0 0.312 0.624 0.016 0.095
0 0.394 0.664 0.016 0.105
0 0.280 0.782 0.015 0.092
0 0.184 0.917 0.023 0.167
0 0.915 0.411 0.012 0.019
0 0.938 0.223 0.009 0.050
0 0.627 0.288 0.016 0.043
0 0.730 0.805 0.012 0.074
0 0.261 0.604 0.021 0.055
0 0.281 0.631 0.018 0.070
4 0.373 0.839 0.141 0.129
4 0.287 0.296 0.069 0.057
4 0.791 0.454 0.089 0.061
4 0.985 0.562 0.031 0.058
3 0.907 0.576 0.073 0.095
1 0.395 0.623 0.012 0.014
1 0.313 0.588 0.012 0.012
1 0.282 0.600 0.008 0.011
2 0.284 0.633 0.012 0.043
2 0.395 0.649 0.013 0.038
1 0.182 0.848 0.017 0.026
2 0.184 0.898 0.021 0.070
2 0.729 0.811 0.010 0.039
2 0.938 0.214 0.009 0.024
2 0.312 0.619 0.014 0.041
0 0.925 0.223 0.007 0.043
4 0.986 0.329 0.028 0.021
0 0.326 0.481 0.019 0.057
1 0.730 0.778 0.010 0.018
