0 0.030 0.658 0.031 0.120
0 0.099 0.713 0.036 0.155
0 0.197 0.690 0.032 0.134
0 0.264 0.737 0.032 0.125
0 0.339 0.702 0.026 0.187
0 0.825 0.692 0.034 0.081
0 0.815 0.795 0.031 0.140
1 0.827 0.667 0.016 0.043
1 0.833 0.712 0.016 0.027
1 0.337 0.622 0.022 0.019
1 0.264 0.686 0.019 0.026
1 0.196 0.645 0.016 0.020
1 0.102 0.651 0.020 0.020
1 0.029 0.608 0.027 0.033
0 0.308 0.923 0.068 0.141
1 0.314 0.884 0.026 0.044
10 0.368 0.378 0.033 0.114
4 0.766 0.613 0.125 0.135
2 0.102 0.698 0.018 0.063
2 0.198 0.679 0.023 0.040
2 0.267 0.731 0.027 0.063
2 0.341 0.681 0.021 0.064
2 0.813 0.763 0.024 0.056
2 0.310 0.938 0.041 0.065
