5 0.331 0.384 0.157 0.167
6 0.274 0.297 0.126 0.105
6 0.611 0.523 0.248 0.425
14 0.804 0.114 0.392 0.134
0 0.128 0.228 0.012 0.033
0 0.308 0.241 0.014 0.042
0 0.895 0.349 0.047 0.040
0 0.941 0.335 0.033 0.072
1 0.909 0.349 0.011 0.023
1 0.938 0.306 0.019 0.020
2 0.890 0.343 0.028 0.034
14 0.767 0.250 0.114 0.045
2 0.939 0.350 0.026 0.038
14 0.487 0.214 0.057 0.031
14 0.527 0.235 0.040 0.020
14 0.587 0.242 0.079 0.026
14 0.358 0.197 0.051 0.033
13 0.421 0.299 0.167 0.084
5 0.447 0.421 0.081 0.148
