0 0.688 0.295 0.032 0.104
0 0.779 0.318 0.026 0.144
0 0.699 0.092 0.020 0.086
0 0.630 0.169 0.031 0.074
0 0.434 0.240 0.021 0.100
0 0.364 0.224 0.029 0.063
2 0.688 0.289 0.018 0.044
2 0.774 0.293 0.018 0.055
2 0.701 0.087 0.010 0.032
2 0.363 0.226 0.010 0.030
2 0.432 0.237 0.010 0.035
2 0.626 0.170 0.010 0.040
1 0.351 0.203 0.009 0.009
1 0.431 0.203 0.006 0.019
1 0.685 0.252 0.011 0.020
1 0.780 0.251 0.009 0.023
1 0.700 0.069 0.005 0.012
1 0.633 0.140 0.010 0.019
3 0.528 0.364 0.059 0.076
3 0.331 0.300 0.075 0.097
3 0.348 0.104 0.026 0.086
4 0.573 0.360 0.072 0.093
4 0.218 0.257 0.034 0.077
