0 0.096 0.374 0.024 0.074
0 0.192 0.383 0.025 0.086
0 0.166 0.500 0.024 0.052
0 0.205 0.289 0.017 0.072
0 0.077 0.244 0.016 0.074
0 0.088 0.230 0.021 0.065
0 0.353 0.245 0.021 0.060
0 0.381 0.267 0.013 0.062
0 0.396 0.270 0.017 0.061
0 0.341 0.161 0.019 0.044
0 0.670 0.590 0.031 0.119
0 0.574 0.268 0.020 0.035
0 0.567 0.311 0.039 0.059
0 0.441 0.283 0.022 0.080
0 0.536 0.188 0.024 0.032
0 0.623 0.100 0.017 0.036
0 0.668 0.107 0.018 0.041
0 0.647 0.129 0.020 0.046
0 0.689 0.165 0.020 0.044
0 0.767 0.115 0.021 0.040
0 0.710 0.410 0.029 0.058
4 0.125 0.598 0.127 0.109
4 0.517 0.635 0.061 0.131
4 0.626 0.763 0.144 0.140
4 0.628 0.899 0.135 0.062
11 0.527 0.731 0.072 0.101
10 0.764 0.777 0.039 0.064
1 0.572 0.262 0.014 0.018
1 0.531 0.177 0.008 0.013
1 0.443 0.254 0.010 0.019
1 0.646 0.118 0.008 0.015
1 0.619 0.088 0.008 0.012
1 0.662 0.091 0.010 0.013
1 0.686 0.149 0.008 0.014
1 0.768 0.105 0.009 0.017
1 0.659 0.542 0.011 0.020
1 0.507 0.503 0.012 0.025
1 0.343 0.149 0.011 0.020
1 0.354 0.224 0.010 0.021
1 0.394 0.247 0.009 0.016
2 0.674 0.579 0.029 0.043
2 0.442 0.283 0.016 0.036
2 0.203 0.287 0.011 0.033
2 0.091 0.380 0.014 0.035
2 0.192 0.376 0.012 0.036
2 0.689 0.168 0.010 0.022
2 0.647 0.133 0.012 0.026
2 0.768 0.122 0.009 0.023
2 0.509 0.542 0.018 0.044
0 0.503 0.528 0.033 0.091
