0 0.341 0.126 0.047 0.119
0 0.215 0.668 0.059 0.231
0 0.844 0.523 0.027 0.219
0 0.878 0.563 0.033 0.144
1 0.345 0.081 0.019 0.024
1 0.205 0.567 0.019 0.033
1 0.882 0.506 0.021 0.039
1 0.846 0.431 0.021 0.036
2 0.341 0.135 0.033 0.076
2 0.209 0.636 0.043 0.099
2 0.845 0.493 0.025 0.081
2 0.873 0.574 0.026 0.081
7 0.361 0.673 0.197 0.175
7 0.570 0.868 0.237 0.152
7 0.530 0.958 0.113 0.083
7 0.428 0.463 0.172 0.225
7 0.415 0.246 0.190 0.167
7 0.740 0.364 0.087 0.122
7 0.867 0.437 0.087 0.119
7 0.888 0.722 0.095 0.236
11 0.436 0.342 0.117 0.148
