0 0.177 0.262 0.061 0.212
0 0.715 0.100 0.041 0.186
0 0.777 0.239 0.051 0.209
1 0.768 0.146 0.017 0.037
1 0.167 0.173 0.023 0.033
2 0.776 0.211 0.034 0.086
2 0.175 0.237 0.041 0.094
7 0.327 0.474 0.090 0.113
7 0.342 0.034 0.081 0.067
7 0.504 0.018 0.064 0.030
7 0.453 0.112 0.072 0.087
7 0.638 0.100 0.105 0.131
7 0.777 0.055 0.112 0.107
7 0.945 0.288 0.109 0.177
7 0.821 0.761 0.118 0.273
7 0.974 0.944 0.052 0.106
7 0.990 0.687 0.020 0.220
7 0.834 0.979 0.131 0.042
7 0.758 0.584 0.113 0.243
7 0.526 0.364 0.099 0.116
7 0.296 0.667 0.260 0.234
9 0.061 0.066 0.099 0.130
