0 0.851 0.347 0.016 0.074
0 0.872 0.358 0.017 0.094
0 0.928 0.344 0.010 0.046
1 0.854 0.320 0.008 0.012
1 0.871 0.329 0.008 0.010
2 0.850 0.344 0.011 0.033
2 0.869 0.353 0.012 0.034
2 0.929 0.346 0.007 0.019
1 0.931 0.328 0.007 0.011
5 0.849 0.482 0.301 0.120
12 0.906 0.120 0.027 0.054
14 0.564 0.149 0.143 0.065
14 0.682 0.146 0.067 0.062
14 0.876 0.242 0.095 0.032
14 0.939 0.243 0.023 0.027
14 0.551 0.283 0.042 0.032
14 0.603 0.287 0.046 0.026
13 0.248 0.243 0.469 0.202
13 0.736 0.265 0.204 0.085
