0 0.461 0.696 0.031 0.168
0 0.229 0.825 0.042 0.067
0 0.474 0.300 0.032 0.121
0 0.424 0.278 0.027 0.063
0 0.808 0.367 0.023 0.050
0 0.797 0.553 0.036 0.076
0 0.883 0.385 0.027 0.049
0 0.836 0.414 0.020 0.069
0 0.842 0.371 0.022 0.046
0 0.933 0.138 0.031 0.051
4 0.942 0.864 0.115 0.175
4 0.539 0.922 0.189 0.156
1 0.419 0.258 0.016 0.026
1 0.464 0.239 0.011 0.027
1 0.468 0.632 0.021 0.036
1 0.219 0.801 0.016 0.033
1 0.801 0.534 0.014 0.021
1 0.807 0.354 0.013 0.025
1 0.883 0.374 0.011 0.024
1 0.844 0.362 0.014 0.023
1 0.929 0.120 0.011 0.028
2 0.456 0.684 0.017 0.066
