0 0.666 0.106 0.026 0.069
0 0.626 0.200 0.033 0.137
0 0.080 0.403 0.027 0.172
0 0.309 0.030 0.018 0.058
2 0.079 0.383 0.017 0.069
2 0.623 0.193 0.017 0.051
2 0.667 0.099 0.013 0.027
2 0.310 0.008 0.014 0.014
1 0.626 0.150 0.011 0.014
1 0.668 0.080 0.008 0.015
7 0.378 0.705 0.092 0.114
7 0.287 0.816 0.083 0.106
7 0.066 0.879 0.127 0.126
7 0.533 0.487 0.146 0.101
9 0.351 0.519 0.090 0.089
10 0.016 0.074 0.031 0.082
10 0.704 0.086 0.042 0.064
9 0.384 0.614 0.113 0.086
14 0.941 0.372 0.022 0.070
14 0.285 0.341 0.046 0.078
