0 0.017 0.225 0.029 0.158
0 0.070 0.250 0.041 0.188
0 0.194 0.298 0.049 0.119
0 0.308 0.037 0.043 0.072
0 0.483 0.275 0.049 0.180
0 0.067 0.775 0.059 0.202
0 0.012 0.777 0.023 0.155
0 0.471 0.531 0.036 0.141
0 0.657 0.415 0.059 0.166
0 0.810 0.740 0.047 0.210
0 0.733 0.161 0.038 0.147
1 0.805 0.657 0.018 0.023
1 0.723 0.108 0.023 0.062
1 0.663 0.344 0.018 0.036
1 0.472 0.212 0.016 0.031
1 0.189 0.257 0.022 0.032
1 0.068 0.180 0.013 0.031
1 0.018 0.180 0.028 0.051
1 0.053 0.701 0.025 0.035
1 0.011 0.739 0.020 0.034
2 0.067 0.231 0.024 0.063
2 0.012 0.227 0.021 0.056
2 0.307 0.024 0.029 0.044
2 0.057 0.746 0.025 0.081
2 0.012 0.800 0.022 0.088
2 0.807 0.709 0.032 0.081
2 0.665 0.405 0.033 0.073
2 0.467 0.533 0.033 0.086
7 0.876 0.879 0.091 0.151
7 0.023 0.926 0.045 0.094
