0 0.018 0.592 0.034 0.145
0 0.064 0.638 0.044 0.181
0 0.101 0.450 0.037 0.179
0 0.670 0.356 0.033 0.100
0 0.800 0.275 0.029 0.119
0 0.710 0.166 0.027 0.104
0 0.554 0.064 0.024 0.094
0 0.423 0.039 0.025 0.077
0 0.374 0.037 0.021 0.071
0 0.475 0.031 0.020 0.059
2 0.059 0.626 0.026 0.068
2 0.016 0.584 0.028 0.067
2 0.102 0.430 0.022 0.063
2 0.668 0.367 0.017 0.047
2 0.798 0.277 0.016 0.051
2 0.711 0.168 0.013 0.047
2 0.552 0.053 0.018 0.050
2 0.479 0.023 0.020 0.028
2 0.426 0.019 0.015 0.024
2 0.374 0.019 0.018 0.031
1 0.057 0.570 0.034 0.033
1 0.013 0.535 0.026 0.031
1 0.097 0.378 0.018 0.026
1 0.668 0.318 0.013 0.018
1 0.801 0.232 0.009 0.016
1 0.708 0.124 0.014 0.019
1 0.559 0.024 0.009 0.013
4 0.491 0.656 0.090 0.122
4 0.228 0.613 0.221 0.087
7 0.716 0.489 0.164 0.119
10 0.223 0.374 0.024 0.081
10 0.823 0.142 0.048 0.079
9 0.805 0.544 0.061 0.101
9 0.819 0.464 0.044 0.079
14 0.707 0.092 0.014 0.028
5 0.127 0.870 0.153 0.249
5 0.041 0.832 0.081 0.158
5 0.024 0.702 0.047 0.126
