0 0.215 0.376 0.009 0.028
0 0.429 0.316 0.008 0.021
0 0.521 0.300 0.006 0.025
1 0.521 0.293 0.003 0.006
1 0.428 0.308 0.003 0.005
1 0.215 0.367 0.004 0.006
2 0.215 0.375 0.005 0.012
1 0.782 0.149 0.007 0.010
1 0.769 0.145 0.008 0.009
0 0.767 0.150 0.012 0.023
0 0.783 0.156 0.009 0.029
5 0.416 0.656 0.140 0.122
6 0.175 0.441 0.033 0.026
4 0.126 0.428 0.062 0.055
6 0.543 0.440 0.061 0.044
10 0.382 0.331 0.010 0.018
14 0.521 0.695 0.048 0.031
14 0.890 0.123 0.040 0.026
14 0.947 0.128 0.034 0.025
13 0.889 0.468 0.222 0.378
13 0.168 0.654 0.329 0.430
11 0.165 0.340 0.023 0.015
