3 0.462 0.899 0.119 0.081
4 0.726 0.910 0.167 0.149
0 0.121 0.876 0.047 0.083
0 0.330 0.800 0.040 0.167
4 0.283 0.905 0.080 0.191
0 0.524 0.850 0.032 0.177
0 0.673 0.205 0.014 0.064
0 0.692 0.210 0.017 0.060
0 0.704 0.110 0.011 0.025
0 0.697 0.102 0.006 0.038
0 0.694 0.089 0.013 0.027
0 0.656 0.025 0.014 0.049
0 0.674 0.033 0.009 0.044
0 0.688 0.030 0.010 0.044
0 0.417 0.089 0.012 0.058
0 0.468 0.107 0.017 0.030
0 0.500 0.107 0.010 0.035
0 0.435 0.057 0.009 0.055
0 0.455 0.044 0.009 0.043
0 0.464 0.041 0.008 0.040
0 0.458 0.016 0.007 0.031
0 0.257 0.058 0.012 0.047
0 0.236 0.038 0.011 0.061
0 0.014 0.114 0.016 0.064
0 0.242 0.412 0.023 0.080
1 0.523 0.775 0.014 0.027
1 0.333 0.728 0.016 0.026
1 0.112 0.848 0.016 0.023
1 0.246 0.379 0.008 0.014
1 0.014 0.087 0.006 0.009
2 0.014 0.105 0.008 0.020
2 0.466 0.108 0.009 0.017
2 0.417 0.081 0.008 0.019
2 0.435 0.050 0.008 0.022
2 0.456 0.044 0.007 0.020
2 0.693 0.203 0.010 0.024
2 0.527 0.826 0.024 0.069
2 0.328 0.772 0.027 0.061
4 0.604 0.337 0.027 0.069
10 0.608 0.265 0.017 0.069
0 0.517 0.039 0.008 0.036
0 0.436 0.097 0.009 0.033
0 0.371 0.041 0.010 0.033
10 0.071 0.081 0.010 0.042
10 0.403 0.076 0.016 0.038
