0 0.237 0.826 0.047 0.066
0 0.436 0.275 0.024 0.068
0 0.459 0.307 0.031 0.111
0 0.546 0.709 0.048 0.134
0 0.799 0.557 0.036 0.081
0 0.888 0.410 0.028 0.094
0 0.799 0.374 0.021 0.045
0 0.940 0.136 0.026 0.054
0 0.846 0.416 0.019 0.061
4 0.938 0.872 0.120 0.198
4 0.540 0.925 0.195 0.150
1 0.436 0.251 0.013 0.024
1 0.457 0.263 0.011 0.024
1 0.534 0.652 0.015 0.037
1 0.609 0.588 0.018 0.039
1 0.223 0.804 0.025 0.036
1 0.934 0.119 0.009 0.026
1 0.886 0.373 0.012 0.024
1 0.843 0.364 0.011 0.020
1 0.845 0.394 0.010 0.024
1 0.800 0.362 0.011 0.023
1 0.802 0.531 0.016 0.025
2 0.244 0.834 0.022 0.068
2 0.550 0.693 0.026 0.072
2 0.434 0.286 0.015 0.036
12 0.149 0.066 0.045 0.069
