0 0.235 0.820 0.044 0.065
0 0.543 0.710 0.052 0.127
0 0.436 0.280 0.046 0.098
0 0.796 0.388 0.033 0.105
0 0.887 0.407 0.027 0.086
0 0.798 0.561 0.035 0.072
0 0.842 0.402 0.018 0.100
0 0.939 0.134 0.023 0.049
4 0.947 0.857 0.105 0.156
4 0.534 0.926 0.189 0.148
1 0.525 0.654 0.018 0.031
1 0.431 0.249 0.012 0.024
1 0.443 0.267 0.018 0.035
1 0.229 0.801 0.020 0.032
1 0.801 0.529 0.013 0.021
1 0.797 0.352 0.013 0.021
1 0.842 0.355 0.013 0.027
1 0.885 0.375 0.014 0.027
1 0.937 0.116 0.009 0.031
2 0.246 0.825 0.022 0.049
2 0.550 0.692 0.023 0.057
12 0.152 0.058 0.049 0.079
