0 0.403 0.392 0.069 0.095
0 0.644 0.392 0.020 0.110
0 0.672 0.450 0.048 0.154
0 0.166 0.716 0.135 0.376
0 0.469 0.697 0.149 0.440
0 0.613 0.641 0.142 0.311
0 0.678 0.600 0.094 0.214
0 0.721 0.555 0.075 0.189
0 0.780 0.522 0.073 0.189
0 0.870 0.503 0.084 0.179
1 0.138 0.562 0.067 0.080
1 0.453 0.523 0.060 0.068
1 0.575 0.513 0.056 0.069
1 0.701 0.482 0.035 0.046
1 0.664 0.389 0.030 0.028
1 0.648 0.354 0.015 0.024
1 0.433 0.383 0.009 0.031
1 0.850 0.444 0.032 0.040
1 0.763 0.459 0.043 0.039
1 0.800 0.443 0.022 0.039
2 0.167 0.762 0.131 0.274
2 0.481 0.718 0.124 0.284
2 0.635 0.652 0.092 0.211
2 0.684 0.604 0.061 0.130
2 0.742 0.571 0.061 0.118
2 0.788 0.553 0.053 0.115
2 0.882 0.517 0.054 0.114
2 0.399 0.384 0.053 0.059
2 0.647 0.380 0.015 0.032
2 0.675 0.471 0.039 0.110
3 0.103 0.505 0.140 0.157
3 0.968 0.394 0.063 0.340
4 0.845 0.329 0.177 0.231
8 0.252 0.405 0.085 0.108
