0 0.328 0.820 0.076 0.291
0 0.407 0.849 0.097 0.267
0 0.562 0.854 0.076 0.291
0 0.606 0.842 0.079 0.316
0 0.713 0.842 0.082 0.316
0 0.801 0.835 0.076 0.331
0 0.542 0.172 0.090 0.314
0 0.489 0.233 0.064 0.200
0 0.403 0.169 0.085 0.333
0 0.348 0.190 0.065 0.286
1 0.319 0.699 0.035 0.040
1 0.385 0.723 0.031 0.049
1 0.546 0.741 0.033 0.040
1 0.581 0.710 0.032 0.042
1 0.703 0.720 0.032 0.057
1 0.780 0.706 0.046 0.054
1 0.336 0.073 0.039 0.047
1 0.482 0.148 0.031 0.035
1 0.528 0.035 0.035 0.049
2 0.344 0.815 0.054 0.138
2 0.416 0.827 0.057 0.123
2 0.567 0.896 0.069 0.202
2 0.622 0.847 0.060 0.183
2 0.738 0.843 0.061 0.175
2 0.807 0.870 0.069 0.190
2 0.346 0.168 0.036 0.138
2 0.401 0.146 0.050 0.143
2 0.488 0.256 0.046 0.121
2 0.532 0.144 0.058 0.160
