0 0.236 0.604 0.126 0.258
0 0.339 0.613 0.073 0.240
0 0.422 0.598 0.078 0.241
0 0.512 0.602 0.086 0.225
0 0.598 0.592 0.077 0.236
0 0.668 0.601 0.065 0.231
0 0.745 0.601 0.095 0.256
0 0.862 0.601 0.156 0.245
1 0.246 0.491 0.043 0.032
1 0.352 0.504 0.043 0.031
1 0.423 0.499 0.038 0.036
1 0.514 0.512 0.036 0.034
1 0.594 0.494 0.038 0.038
1 0.655 0.499 0.035 0.031
1 0.824 0.492 0.048 0.027
2 0.256 0.579 0.069 0.093
2 0.348 0.579 0.054 0.076
2 0.424 0.582 0.061 0.091
2 0.512 0.586 0.057 0.085
2 0.591 0.572 0.055 0.085
2 0.657 0.586 0.057 0.099
2 0.735 0.585 0.073 0.085
2 0.815 0.565 0.072 0.086
3 0.597 0.470 0.105 0.148
3 0.935 0.596 0.130 0.106
3 0.180 0.513 0.088 0.116
