0 0.207 0.590 0.099 0.144
0 0.300 0.594 0.075 0.155
0 0.374 0.601 0.063 0.141
0 0.508 0.571 0.065 0.322
0 0.598 0.611 0.064 0.174
0 0.699 0.617 0.089 0.168
0 0.797 0.625 0.086 0.186
1 0.187 0.541 0.032 0.035
1 0.297 0.535 0.028 0.039
1 0.370 0.551 0.027 0.043
1 0.514 0.425 0.035 0.033
1 0.603 0.539 0.035 0.027
1 0.703 0.557 0.034 0.045
1 0.808 0.553 0.037 0.044
2 0.213 0.586 0.074 0.063
2 0.308 0.580 0.054 0.069
2 0.377 0.585 0.048 0.065
2 0.508 0.520 0.052 0.126
2 0.593 0.588 0.047 0.080
2 0.696 0.590 0.055 0.087
2 0.788 0.604 0.069 0.073
