0 0.295 0.091 0.031 0.074
0 0.358 0.161 0.044 0.201
0 0.464 0.126 0.026 0.117
0 0.498 0.150 0.036 0.119
0 0.548 0.162 0.044 0.092
1 0.290 0.069 0.019 0.026
1 0.349 0.074 0.016 0.024
1 0.461 0.080 0.014 0.022
1 0.487 0.106 0.017 0.026
1 0.564 0.150 0.010 0.038
2 0.545 0.147 0.028 0.045
2 0.499 0.136 0.023 0.051
2 0.463 0.114 0.020 0.046
2 0.296 0.104 0.020 0.036
3 0.291 0.188 0.139 0.181
4 0.733 0.216 0.099 0.211
4 0.740 0.065 0.084 0.129
4 0.794 0.237 0.085 0.239
4 0.928 0.275 0.144 0.412
3 0.840 0.064 0.133 0.127
3 0.859 0.219 0.087 0.332
7 0.234 0.640 0.466 0.720
8 0.420 0.311 0.090 0.161
8 0.527 0.194 0.038 0.073
